Input Channel 0
0.13145380 0.06472101 0.09666605 0.00872094 0.01553751 
0.02947159 0.01414063 -0.06494942 0.01701235 0.06258564 
0.01254559 -0.12788481 -0.02608671 0.01666177 0.02920787 
0.00767616 -0.01445238 -0.04482292 -0.07777356 0.03532316 
0.00061546 0.04700835 -0.11272047 0.01836349 -0.05212765 

Input Channel 1
0.05682189 0.01495870 -0.00672333 0.07263126 -0.11652829 
-0.05536283 -0.11659764 -0.10932835 -0.06398889 -0.03602730 
-0.17821372 -0.12066645 -0.01459509 -0.06581425 -0.04937637 
-0.00512595 -0.11345226 -0.03671734 0.00815028 -0.06159987 
-0.13013977 -0.15592203 -0.00322688 0.02459074 -0.03061045 

Input Channel 2
-0.02177068 -0.07463156 -0.02222011 -0.01401545 0.05592004 
-0.00512042 0.00827978 0.06148208 0.10364050 0.10552047 
0.02801236 -0.02003035 -0.00290258 -0.01480596 0.09313024 
0.00559663 -0.00717350 0.02320620 0.05544715 0.05681057 
-0.07148420 -0.03598440 -0.02754260 -0.00281807 0.01069332 

Input Channel 3
0.07247890 0.11016610 0.10446754 -0.04375643 -0.10805506 
-0.10133920 -0.02851692 0.03963013 0.02720688 -0.06651415 
-0.14116000 0.00485705 -0.08660840 -0.02509294 -0.10532191 
-0.03201622 -0.00283363 -0.01786269 -0.08343685 -0.05542939 
-0.04366836 -0.11416496 -0.11980461 -0.00413611 -0.12424747 

Input Channel 4
-0.03169746 0.03845489 -0.07949802 -0.05722910 0.03439061 
0.04134011 -0.04118566 0.03787854 0.09920751 0.02261278 
0.09748857 0.04937214 0.02016208 -0.01117910 -0.05091567 
-0.06137242 -0.05466082 0.07254711 0.03540027 0.04814012 
0.04056399 -0.02331135 -0.03707564 0.03111544 0.05047523 

Input Channel 5
0.01889320 0.03850386 -0.05731754 0.00439110 0.06651515 
0.03644330 -0.04457474 -0.00130157 0.02867202 0.02563514 
-0.03136060 0.02095083 0.04386760 0.04065942 0.06686991 
0.01235427 -0.07774171 -0.06125476 -0.02725160 -0.08823474 
0.06752045 0.02787931 0.05651800 -0.05699078 -0.00447489 

