Input Channel 0
0.11652975 0.08024496 -0.07094496 0.01646396 -0.11024389 
-0.04287235 0.05230476 -0.03827179 -0.11277349 -0.10826731 
0.08704334 0.03627570 -0.02839339 0.03379527 0.01647225 
0.07173671 0.02460523 -0.02725995 0.12253491 0.11873544 
-0.05306065 -0.10516082 -0.04902944 0.05519993 0.03954568 

Input Channel 1
0.08727056 0.06395419 0.02480414 -0.10510305 -0.04005874 
0.07646919 -0.00028951 0.04070400 -0.00085322 -0.01613092 
-0.04180077 0.01304428 -0.07403082 -0.05044588 0.05701002 
-0.07340159 0.00690095 -0.07613295 0.02964284 -0.03234205 
0.03895449 -0.11802417 -0.07974474 0.04343060 -0.00108729 

Input Channel 2
-0.01216392 0.01516627 -0.01170013 0.04380382 -0.00924206 
0.03667504 0.02269867 -0.01883731 0.00456574 0.00885173 
-0.02799773 -0.03566213 0.05807948 -0.08558731 -0.11095610 
0.00193628 0.01181655 -0.05494965 -0.12348308 -0.05385456 
0.06245158 -0.06830408 0.02419473 -0.08809030 -0.11367366 

Input Channel 3
0.05194103 0.10218527 -0.09128595 -0.06211697 -0.01946099 
-0.05551230 -0.02514274 0.05446121 -0.00193502 -0.00701761 
0.03956005 0.01310281 -0.00896578 -0.07009945 0.06653582 
-0.07452139 0.03241213 0.03990782 0.05979553 -0.00061996 
-0.12066195 -0.11617256 -0.09507971 -0.05941282 -0.15004374 

Input Channel 4
-0.05952933 0.02002306 0.02459984 0.03142982 -0.07782103 
-0.00947571 -0.09077167 0.03709571 -0.00632925 -0.04430741 
0.01025646 -0.07572267 0.01841040 0.00906069 -0.09504304 
-0.08508345 -0.06370759 -0.05342350 -0.05687987 -0.06333953 
-0.01004371 0.04741878 0.01590723 -0.08092257 0.01686432 

Input Channel 5
-0.08946734 -0.02828670 0.05076629 -0.06176591 -0.07024280 
0.07279059 0.03528492 0.04908954 -0.06027401 0.00081266 
0.04472990 -0.08501554 0.06340390 -0.05213525 -0.01323090 
-0.08837085 0.07623801 0.02310064 -0.02416766 -0.00721236 
0.03751579 0.01869480 0.05313009 -0.08025339 0.03186763 

