Input Channel 0
-0.11431829 -0.01877424 -0.03593621 -0.15826495 -0.09100793 
-0.09126615 -0.07842410 -0.06788229 0.03818496 -0.08582209 
-0.04597387 -0.05367608 -0.15080401 -0.07902853 -0.01362001 
-0.14741163 -0.10105328 -0.13106881 -0.02234842 0.05825715 
-0.05217583 -0.13774201 0.00584994 0.09140385 0.02392467 

Input Channel 1
0.01889943 0.00878598 -0.07890473 -0.05178865 0.04960678 
-0.08731984 0.00223183 0.03407308 -0.07279696 0.02238671 
-0.09608534 -0.11035293 -0.01505056 -0.01063020 0.09593987 
-0.04121483 0.04569810 -0.02354433 -0.02033888 -0.04508164 
-0.05402427 0.02179365 0.02869318 0.06188008 0.08942500 

Input Channel 2
0.07267781 0.02883407 -0.01299001 -0.10100020 -0.05351700 
-0.01642492 -0.06464587 -0.06058734 0.02237183 -0.09043221 
-0.06915893 0.02615878 -0.12904048 -0.05862001 -0.02056065 
-0.08308894 -0.01950384 -0.00890331 0.00491829 -0.11495924 
-0.05278005 -0.01990716 0.04197644 -0.02772226 0.03258082 

Input Channel 3
-0.05245657 -0.08655787 -0.10213140 -0.09225367 -0.02393104 
-0.07243811 -0.06237853 -0.04787803 -0.10730983 -0.01634097 
0.00543418 -0.12491271 -0.09489550 0.04927097 0.10318185 
0.03479609 -0.03482789 -0.06859432 0.05729957 -0.01047252 
0.07276688 -0.05348855 0.04692177 0.11986656 0.06747276 

Input Channel 4
-0.00554395 -0.12715942 -0.04447640 -0.05644399 -0.04355325 
-0.04530877 -0.08971604 -0.03302027 -0.00635402 0.01151779 
-0.08669136 -0.06487546 -0.06984685 -0.03454395 0.03558052 
-0.09808112 -0.12876114 -0.08260330 0.00000609 -0.06078459 
0.02971154 0.00672796 0.03506617 0.00586876 -0.05581404 

Input Channel 5
-0.04317398 0.03424449 -0.02077496 -0.05835722 -0.05529565 
0.06430142 0.04025437 0.00413785 -0.07938428 -0.08374464 
-0.00534807 -0.01494882 0.02370111 -0.07717260 0.02541969 
-0.01848594 -0.02195296 -0.01457381 0.00651345 -0.04516721 
-0.01131419 -0.01096691 -0.00515079 -0.04720691 0.05075382 

