Input Channel 0
0.06143367 -0.02040838 -0.00453952 0.03570302 0.11136094 
0.12465638 -0.02026965 0.07094275 0.11042015 -0.03499768 
0.12311325 0.07825156 0.09989168 0.06709800 -0.10750910 
0.03363244 -0.12072910 -0.01625762 -0.05865899 -0.00916249 
-0.11267227 -0.03390773 -0.09664943 -0.04382078 0.01060505 

Input Channel 1
-0.01755988 0.08710103 -0.04246619 0.07331949 0.00859904 
0.09695141 -0.07154579 -0.07068641 -0.05666841 0.04162148 
-0.02513046 0.00455290 0.03048114 0.01279559 0.02343843 
-0.00129695 0.05236928 0.05718200 0.06242432 0.02337491 
-0.03361452 0.00654089 -0.00554812 0.03888797 -0.04099241 

Input Channel 2
-0.02494642 0.02662134 0.06535374 -0.00210457 -0.07652397 
0.02983248 -0.01988829 -0.11869786 0.02642303 0.00466252 
-0.08150633 -0.10755219 -0.07201189 -0.07913413 -0.00904624 
0.02440822 0.00535816 -0.02701371 -0.06717218 -0.08824177 
0.00545497 0.02118538 0.04025008 0.05919860 -0.10867833 

Input Channel 3
0.08109359 0.03873494 0.06595920 0.04788605 0.03728091 
0.06740233 0.05606446 0.00148811 0.01158199 -0.06746098 
0.04702022 -0.08954049 0.03682201 -0.07206946 -0.14631531 
-0.04179365 -0.03647152 0.02146718 -0.16167381 -0.14437990 
-0.12107025 -0.05767217 -0.08535087 -0.05970952 0.09953720 

Input Channel 4
0.02470074 0.00848821 -0.09817860 0.04098686 -0.05720177 
-0.06948413 -0.00410148 -0.09240427 0.01504069 -0.00798802 
0.02771012 -0.05788974 -0.03420709 -0.08371591 0.00506405 
-0.04480819 0.05187888 -0.03981971 0.02782148 0.03904179 
-0.02571385 -0.01079297 0.05302577 0.06383682 -0.05670274 

Input Channel 5
-0.02284705 -0.07664984 -0.01333744 -0.00525381 -0.02828463 
0.06491090 -0.00253363 0.04811938 -0.00229370 0.00392652 
0.02439632 -0.05163142 -0.00583747 0.07013582 -0.03438076 
-0.08294807 -0.03517167 -0.06267629 0.00801037 0.05861983 
0.09094327 0.03407139 -0.03146281 -0.01963918 -0.00551513 

