Input Channel 0
-0.04609390 -0.03830092 -0.01816580 -0.09977269 -0.09207042 
0.15416376 0.27203992 0.09347077 0.06412373 -0.01321022 
0.20757219 0.20430410 0.16439725 0.09954974 -0.05724020 
0.06211249 0.01722045 -0.04780172 -0.20651074 -0.10243054 
-0.10044580 -0.07155298 -0.26539606 -0.28974563 -0.26115876 

Input Channel 1
0.05100866 0.04075053 -0.03744908 -0.07117058 0.04875972 
0.13806273 0.08138271 0.05145643 -0.11002254 -0.00037084 
0.04201367 -0.01314570 -0.03991474 -0.15572138 -0.12218430 
0.12191352 0.02861220 -0.12192529 0.01357687 0.01402498 
0.04103343 -0.06577432 0.04956482 -0.03104992 -0.04636287 

Input Channel 2
-0.03502909 -0.04871366 -0.01060504 0.05976205 0.02028964 
-0.07095645 0.00590854 0.02651414 0.03504718 -0.09581906 
0.00309399 -0.12312359 -0.00984869 -0.04597826 -0.09458238 
0.00718416 0.03920561 0.04039131 -0.03199110 0.08694982 
0.04840223 0.00147646 0.06715319 -0.01229177 -0.03739476 

Input Channel 3
0.13762790 -0.02648330 0.01253990 -0.07867333 0.03544205 
0.15990400 0.12021979 0.08442613 0.06709960 0.05222016 
0.11139514 -0.02723040 -0.06914279 -0.10339529 -0.05948446 
0.02435508 -0.09100513 -0.12694669 -0.10060117 -0.08917993 
0.06241016 -0.08565652 -0.07344072 -0.03523491 -0.05680712 

Input Channel 4
0.04342773 0.04105269 0.04030970 0.02312553 0.01130255 
-0.04781606 0.05350751 -0.04762379 0.06002592 -0.00517394 
-0.03202045 -0.00232116 -0.05662616 -0.00265450 -0.08284139 
0.03200025 -0.02750156 -0.01404014 -0.09028438 -0.05690351 
0.04848170 -0.03757695 0.04441996 -0.02818660 0.05899886 

Input Channel 5
0.05005272 0.00169616 -0.04695084 0.06918998 -0.00176363 
0.00354619 -0.08528423 0.00886676 -0.01087392 0.00981639 
-0.00790043 -0.03588266 0.04210214 0.04136452 -0.02764716 
-0.00979774 -0.05412113 0.08706897 0.02289602 -0.00930295 
-0.02716478 0.03550331 0.06705579 0.00800905 0.04724991 

