Input Channel 0
-0.06573256 -0.07971378 0.01165956 0.06816054 -0.04875611 
-0.11275131 0.00969711 -0.06168126 0.03184668 -0.03650697 
-0.00835410 -0.10477415 -0.01686742 0.05289629 -0.06091455 
0.01792257 -0.09438772 0.05916325 -0.03029627 -0.03217671 
-0.09816899 -0.09749804 0.02894398 -0.01545342 -0.08105461 

Input Channel 1
-0.12620206 -0.01903386 -0.08114185 -0.10028578 -0.11881720 
-0.07465786 -0.01156498 -0.11941350 0.03664888 -0.05456502 
-0.06592112 0.01397413 0.00934685 0.05322074 0.06637644 
-0.01305149 0.07062244 -0.05629038 0.06536347 0.06441189 
0.00312495 0.02353713 0.07487630 0.04803316 0.12897293 

Input Channel 2
-0.15506278 -0.11119478 -0.10417718 -0.11863448 0.03742263 
-0.10162041 -0.02283360 -0.10711135 -0.10511801 -0.03452107 
-0.08949046 -0.06183567 0.03195289 0.00806280 0.01674053 
-0.05749181 -0.03281942 -0.04158397 0.05510287 -0.08887909 
0.02999558 -0.01235992 -0.07430489 0.02036204 0.03093028 

Input Channel 3
-0.05512117 -0.09550262 -0.03338083 -0.00187894 0.01676723 
-0.01715900 -0.00642650 -0.05235960 -0.03591856 -0.04670180 
-0.13787754 -0.04693427 -0.02289898 0.05839065 -0.04792632 
-0.06132105 -0.10454154 0.07021022 -0.09143128 -0.09863966 
0.07126480 -0.06873141 0.05630566 0.00434001 0.00989936 

Input Channel 4
0.00283297 -0.04760009 -0.12517895 -0.05085083 -0.01501332 
-0.02336527 -0.11196004 -0.06899411 -0.05846787 -0.01448838 
-0.10591442 -0.11174624 0.00794319 -0.06151140 -0.02997147 
-0.11052042 -0.12919994 -0.11939684 -0.06466808 0.02216856 
-0.06363971 -0.02478551 0.02927067 0.01651930 0.04045904 

Input Channel 5
-0.00129055 0.05864314 -0.05564365 0.04508613 -0.08045371 
0.00178863 -0.00229827 0.06422332 -0.06432664 0.03080833 
-0.08823975 -0.06474078 -0.09175824 -0.02207819 0.05478106 
0.05619855 -0.03466533 0.00852771 0.05047632 0.05614442 
0.04979152 0.03196001 -0.04703763 0.03624250 0.03987006 

