Input Channel 0
0.09015954 0.03576443 -0.01186725 0.06866201 0.01083666 
-0.03662600 0.08645940 -0.05009332 0.04087238 -0.08861841 
0.05036895 0.04261896 0.05341224 -0.03884455 -0.06508570 
-0.06301130 0.03475306 -0.01477240 -0.02139812 -0.11399304 
-0.01278330 -0.05163239 -0.08222988 -0.02586381 0.11243266 

Input Channel 1
0.05951883 -0.03057981 -0.03684072 -0.06767053 -0.08807642 
0.02575064 -0.05749324 -0.01882015 -0.04949208 0.01872484 
-0.05309973 -0.02428870 -0.04756505 -0.10657807 0.00691470 
-0.08803595 0.04016253 -0.07881726 -0.07157166 0.00401645 
-0.05552361 0.03897727 0.04083228 -0.02746885 0.10317810 

Input Channel 2
-0.01260239 0.09179116 0.04493400 0.10059360 0.02450012 
0.08687035 -0.00353579 0.05439670 -0.02870185 -0.04172969 
0.00403051 0.08203307 0.07171162 0.09209415 -0.07662404 
0.06126718 -0.01382772 -0.00179717 0.06887940 0.06292354 
-0.01277140 0.08762079 0.07518516 0.00393127 0.04264095 

Input Channel 3
0.03359261 -0.00029451 -0.00145308 -0.09782581 0.01940593 
0.03429536 0.05531971 -0.04913853 0.02978556 -0.11243939 
0.07571723 -0.04241834 0.02566709 -0.14114682 -0.10336125 
-0.04468876 -0.00440453 -0.11101184 -0.02092594 0.10385427 
-0.06820661 0.00137281 -0.10689971 -0.04662465 0.15587454 

Input Channel 4
-0.12922038 -0.00979380 -0.04289614 -0.13334577 -0.09608855 
-0.12873939 0.00057380 -0.11545622 -0.00003923 -0.10500912 
-0.01031489 -0.11893109 -0.02757851 -0.12657648 -0.01809894 
0.00367272 -0.11425508 -0.03997702 -0.06493113 -0.06863461 
0.00815154 -0.13495786 -0.10164291 -0.08885120 -0.06365274 

Input Channel 5
0.01580502 0.00854213 0.00022502 -0.07693363 0.04797460 
-0.01238892 0.00193139 0.01045841 0.02045812 0.04790942 
-0.02118593 0.02297795 -0.01025028 0.06762239 0.06160861 
-0.09270606 0.02118843 -0.08079910 0.07167927 0.02996477 
0.07452922 -0.00873562 -0.01103921 0.06281692 -0.05615846 

