Input Channel 0
-0.08746561 -0.05237586 0.03061259 0.05383335 -0.08686281 
-0.01507970 0.04574269 0.02126812 -0.04155283 -0.00118008 
0.05813541 -0.04245862 0.05904145 0.02136209 0.03455031 
-0.01436025 0.04722947 -0.03099380 -0.02929619 -0.00820908 
-0.08665323 0.04563087 0.05913433 0.01498219 0.06622726 

Input Channel 1
-0.06984368 -0.07247218 -0.04886385 0.01625941 0.03359789 
-0.07959796 -0.09195413 -0.03351928 0.03716925 -0.00024135 
-0.04095439 -0.01875885 -0.08188406 0.00839189 0.04225444 
-0.08155563 -0.00897182 0.06580468 0.04680398 -0.07541693 
-0.02100581 -0.03452157 -0.08423267 0.04572215 -0.05927579 

Input Channel 2
-0.02679114 0.01401408 0.07132381 -0.05868083 0.05308081 
0.02332208 0.01801210 -0.03266231 -0.03572049 -0.06447847 
-0.01355979 0.07293818 -0.07216853 0.02214723 -0.04148282 
-0.03906357 0.07637273 0.05613436 -0.04550870 -0.07412905 
0.06508379 0.05115568 -0.02915241 -0.05662975 0.03483392 

Input Channel 3
0.05262335 -0.01679510 -0.02307942 -0.08010783 0.00806355 
-0.07932582 -0.01066706 -0.03665150 0.03171271 0.02067866 
0.03011497 -0.05523755 -0.01718262 0.00981018 -0.07388708 
0.06959002 0.04790341 0.02126952 -0.07122624 0.04894101 
-0.09398676 -0.04210334 -0.06284136 -0.00856325 -0.04330131 

Input Channel 4
0.02427481 -0.03896876 -0.05005932 0.00079971 0.04219467 
0.02468806 -0.05534702 -0.06349175 0.01437934 0.05855028 
0.00421766 -0.02481066 0.00338944 0.00143353 -0.01584402 
0.06206714 0.00049310 -0.00320691 0.05963537 0.03029082 
0.05820626 0.00189875 -0.03511257 -0.00077855 -0.00117916 

Input Channel 5
0.01161325 0.05068788 0.02294964 -0.01715119 -0.08594435 
-0.02977595 -0.00451009 -0.02890540 0.06656664 -0.06768108 
0.01457898 0.06124793 0.00256937 0.00744399 -0.02825149 
0.04215671 0.01220977 0.07367502 0.02431793 0.06500032 
-0.06411371 0.01784487 -0.00140774 -0.06558517 -0.02371277 

