Input Channel 0
0.14804855 0.04077472 0.01692615 -0.06356839 -0.02877852 
0.09517477 0.13086788 0.06499152 -0.01440320 0.09078111 
0.04550941 -0.06735508 0.04767751 0.05689287 -0.04843479 
-0.11479226 -0.05846963 -0.13518137 -0.14243931 -0.12240500 
-0.13930276 -0.12645458 -0.02048896 -0.04368551 -0.10196061 

Input Channel 1
0.08667766 0.04377750 -0.04789059 0.05332613 -0.06716511 
0.01476052 -0.05515352 -0.04071176 -0.06282824 -0.10540880 
-0.00880476 -0.09576510 0.01783520 -0.10289007 -0.06799582 
-0.00667124 -0.11876070 -0.06747328 -0.05988910 -0.06795716 
-0.02659136 0.04852943 0.00575413 -0.08995085 -0.11342538 

Input Channel 2
-0.06854915 -0.14114183 -0.13192247 -0.02621480 -0.00546536 
-0.07021445 0.02547701 -0.12984809 -0.06597123 -0.10269851 
0.00258435 0.04104529 -0.03315075 -0.07418969 0.00898187 
-0.02224033 -0.04061269 -0.04002452 0.07020685 -0.05874350 
0.06355329 -0.04449186 -0.11699702 -0.06860767 -0.07743420 

Input Channel 3
0.09366619 0.10250679 0.05648271 -0.01595146 -0.00086467 
0.09920730 -0.02700803 -0.03362752 0.00789313 0.00043391 
-0.06926826 -0.01536844 -0.06561677 -0.10828952 -0.09869593 
-0.08446329 -0.06041320 0.02102588 -0.07413801 -0.09119271 
-0.11590679 -0.07772715 -0.07286493 -0.03670931 -0.07525826 

Input Channel 4
0.02675877 -0.09165532 -0.06075926 -0.09682681 0.04393978 
0.06727853 -0.05097100 0.05809129 -0.02592161 0.00975200 
0.01710907 -0.05578809 -0.05084182 0.02998563 0.02278451 
0.01219176 0.03288676 0.01455845 0.01039960 0.06872590 
0.07086223 0.02477273 -0.03305713 -0.07375588 -0.07595707 

Input Channel 5
-0.05325110 -0.08194376 0.03143535 0.06126205 -0.03331589 
0.01819690 -0.05338706 -0.07449830 -0.04338184 -0.04635999 
-0.05485529 0.00543336 0.02824688 -0.02056112 -0.07457777 
0.06468115 -0.10702164 -0.03179800 -0.00543451 -0.01021144 
0.08862559 0.01682823 -0.07694537 -0.08114760 0.03253156 

