Input Channel 0
0.00173915 -0.07974610 -0.02327385 -0.04538580 0.01295166 
-0.04627520 -0.00115699 -0.00171269 0.05128504 -0.05656282 
0.01406929 0.01037054 -0.03718250 0.02367325 -0.06050589 
0.04302850 -0.09278912 0.01608196 -0.08146299 -0.10095321 
0.06221169 -0.10120267 0.01894037 -0.08110263 0.00912538 

Input Channel 1
-0.06964403 -0.01839575 -0.00144957 -0.06812764 0.01498930 
0.05764634 -0.07022304 -0.09803590 -0.08846021 0.04519052 
-0.01411289 0.03705615 -0.08249768 0.02125095 0.01871472 
0.08662055 -0.05080547 -0.07152785 -0.10725085 0.01104172 
0.08544928 0.06701045 0.05619446 -0.06620174 -0.10292143 

Input Channel 2
0.01086451 -0.07801867 -0.08593535 -0.05338947 -0.08186713 
0.03305685 0.01248481 -0.07562222 -0.04208338 -0.02293513 
-0.07890551 -0.05654778 -0.01907529 0.02299263 -0.04887185 
-0.08704127 0.03007366 0.03771644 -0.02848948 0.00817449 
-0.09161045 -0.05556606 -0.00415531 -0.01322308 -0.06256485 

Input Channel 3
-0.04677380 0.00987564 0.08394251 -0.01935949 -0.08070172 
-0.04746614 -0.05430816 -0.03844198 -0.05785432 0.01063369 
-0.03348466 -0.08622731 -0.07739807 -0.06982980 0.00679492 
0.01705238 0.02966344 -0.06395730 -0.02706466 -0.04545550 
0.10125513 -0.01498253 0.03133058 -0.02945353 -0.00156968 

Input Channel 4
-0.02301553 0.03472491 0.03080193 -0.07541694 0.07642014 
0.06560974 0.01013516 0.07509113 -0.06688145 0.00785724 
0.01969248 -0.03511141 0.01211305 -0.02212621 -0.09153156 
-0.07504774 0.03094857 -0.03263975 -0.01645223 -0.01355867 
-0.08677562 0.03068870 -0.05785318 -0.08312611 0.06184715 

Input Channel 5
0.00303841 -0.07632707 -0.06946179 0.04317257 -0.08342071 
-0.00754804 -0.06037984 0.04793093 -0.02113599 0.04972199 
0.03261473 0.02163490 -0.03259240 0.06435002 0.05596368 
0.03681131 -0.01537385 -0.06282699 0.04488354 0.00270463 
0.05247154 0.06130576 -0.03933359 -0.03761746 0.01985100 

