Input Channel 0
0.01312631 -0.07736176 -0.05247789 -0.09312069 -0.06236393 
-0.07823361 0.03606828 0.00966452 0.00766206 -0.07674074 
-0.06302042 -0.10519051 -0.09380995 -0.03886990 -0.10567019 
0.04502798 0.00893860 -0.02171934 -0.01155207 0.04872140 
-0.05249796 -0.00993854 0.04170000 -0.00798240 -0.03995554 

Input Channel 1
-0.09269743 0.01034880 -0.08476726 0.01432070 -0.00411646 
-0.04016329 -0.10224035 -0.00323983 0.03502267 -0.01236074 
-0.12579384 -0.06640614 -0.09982065 0.03675531 -0.09466412 
-0.09813928 -0.10408805 0.03374167 -0.03482841 -0.07999747 
-0.07695289 0.04054188 0.03504698 -0.02513617 0.01212639 

Input Channel 2
0.00150762 0.01624229 -0.09015059 0.02212452 -0.06423956 
-0.00065581 0.04569726 -0.05407277 -0.00422258 -0.02772578 
0.02443387 0.00664265 -0.06452703 -0.05862764 0.07445841 
-0.03460018 -0.07005694 0.04651793 0.00315816 -0.07071083 
-0.11519504 -0.00530660 0.00607376 0.04469038 0.07015988 

Input Channel 3
0.01184268 -0.10207877 -0.00443458 -0.06582113 -0.07034382 
0.04184775 -0.14085570 -0.02053448 0.03866258 -0.03837712 
-0.10439957 -0.04906228 -0.04210106 0.02861027 -0.04737413 
-0.07843026 -0.05975566 0.01679568 0.04307715 0.02245774 
-0.08137807 -0.12423542 0.03788649 0.04836737 0.04856270 

Input Channel 4
0.03466619 -0.07127445 0.00809144 0.02791649 -0.02995481 
-0.02019390 0.02745237 -0.05235158 -0.04506814 0.02794566 
0.03304655 0.01772249 0.01713892 0.07224169 0.00989878 
0.04672991 0.05274656 0.02063232 -0.02852030 -0.06031662 
-0.08221151 0.03732669 0.00565768 -0.00531034 -0.07277810 

Input Channel 5
-0.01563669 0.06806897 -0.07542042 -0.00415556 0.03187297 
-0.02601579 0.01359951 -0.04807474 -0.05581892 0.00944003 
0.03183954 0.04552177 -0.06526019 -0.01623141 0.07718020 
0.06893695 -0.02496376 0.02340551 0.05836450 0.04552221 
-0.04169568 -0.02824252 -0.06753005 0.08346294 0.03796766 

