Input Channel 0
-0.02979835 0.00270375 0.05257780 -0.06341367 -0.04961938 
0.06940728 0.05512866 0.00739659 0.03097189 -0.05619449 
0.09381019 0.05484046 -0.03002899 0.01958379 0.00402495 
0.09308205 0.06058616 -0.01233399 -0.04589267 -0.02799452 
0.05377976 -0.06569993 -0.07657389 0.08433386 0.03139881 

Input Channel 1
-0.08576286 -0.08625530 0.00726753 -0.04439648 0.01583693 
-0.04572628 -0.02341300 0.03616213 -0.03913635 0.01573926 
-0.03585508 -0.01816996 0.02041009 -0.09087418 0.00731951 
-0.05516123 -0.02513701 -0.12069624 -0.07637950 0.04656958 
-0.08307361 0.06237647 -0.03341240 -0.07352863 -0.07544747 

Input Channel 2
0.04158510 0.06764963 0.03713807 0.10324164 0.09013055 
0.09404942 0.00990447 0.07940691 0.10668392 -0.01927048 
0.01170086 0.12448890 0.00585815 0.11882936 -0.02936155 
0.05014695 0.10027468 0.01266189 0.06670881 0.05864824 
-0.03630694 -0.02761375 0.06366421 0.03871701 -0.06784820 

Input Channel 3
-0.04328938 -0.05209742 -0.10243888 -0.10310415 0.03034844 
-0.06030760 -0.08703792 -0.08378596 -0.07467843 0.03372404 
-0.03604637 -0.01897202 0.00134495 -0.11394489 0.05236561 
0.03624650 0.03305730 -0.01411479 -0.04112656 -0.00543746 
0.03091080 0.01382555 -0.04371337 0.04997638 -0.04270747 

Input Channel 4
0.02889132 -0.07235529 0.02693326 0.03777440 0.03920552 
0.03044399 0.00818871 0.04947278 0.03934468 -0.02101661 
0.02592338 0.01972870 -0.08032716 -0.00235059 0.04930701 
-0.02366204 0.06496792 -0.00560098 0.03841649 0.05587982 
0.02242205 0.04214551 0.04399341 -0.03305032 -0.01368702 

Input Channel 5
0.04214662 0.06251512 0.02987996 -0.06361537 -0.02157266 
-0.05767256 0.03577268 -0.07570162 0.03652643 0.06412876 
0.05102791 0.01827343 -0.05692113 0.05921226 0.02133217 
0.00972590 0.00010167 0.04904695 -0.07326416 -0.01892562 
-0.04050814 0.04928077 -0.03887316 0.07286812 0.01415062 

