Input Channel 0
0.08013256 0.02199133 0.02511863 0.04707320 0.02630535 
0.03633286 -0.00016279 -0.02339968 -0.02227037 -0.12948467 
0.02195889 0.05385416 0.05673205 0.02296723 -0.10201343 
-0.02365258 -0.03024221 -0.04100971 -0.02481055 -0.02302481 
0.02613907 -0.02891116 0.00176934 0.03851354 -0.02434555 

Input Channel 1
-0.08041561 -0.07332370 -0.12250219 0.03233595 -0.07391551 
-0.08768681 0.00447548 -0.06860099 0.00822378 -0.07575247 
-0.07237788 0.00141482 0.02453512 -0.07142289 -0.07033988 
-0.01198625 -0.02143979 -0.00321149 -0.05710422 -0.03203132 
-0.09880035 0.01677533 0.00075432 -0.04448339 -0.09498093 

Input Channel 2
-0.05219015 -0.03016202 -0.04137312 0.04463134 -0.13141042 
0.00420263 -0.09148880 -0.01657970 -0.00778530 -0.02917814 
-0.05014968 0.00889397 -0.04587823 0.06243229 -0.06784501 
-0.02569896 -0.06551322 0.06337729 0.01458930 -0.03097170 
-0.01255047 -0.06386696 -0.08830517 0.01640692 0.00799292 

Input Channel 3
0.07503012 -0.04572983 -0.02960655 0.02888130 -0.01708835 
0.04480247 -0.08500143 -0.08313937 -0.13212527 -0.11451269 
0.04085599 -0.12076856 -0.11333923 -0.04049567 0.01415479 
-0.06702960 -0.01398950 -0.08010234 -0.10872106 -0.10827009 
0.01304671 -0.14375828 -0.15576130 -0.13887121 -0.04893929 

Input Channel 4
-0.05101671 -0.03505992 -0.01643550 -0.08262497 -0.04940239 
-0.00299705 -0.06429383 -0.07563026 0.00568647 -0.07787265 
-0.05448836 -0.07538105 -0.06988692 -0.07942975 0.00712842 
-0.06532981 -0.10962293 -0.10013235 -0.05075601 -0.08428942 
-0.01886983 0.02111102 -0.12166847 0.03232522 -0.05671768 

Input Channel 5
0.05888554 0.03793202 0.03476289 -0.04565961 0.01082277 
-0.05867698 -0.00223932 0.02701729 0.00169868 -0.00856190 
0.05308564 0.01670345 0.01960434 0.05084430 -0.01117554 
-0.02288691 -0.08600248 0.05654050 -0.06680845 -0.02679485 
0.04055227 0.01378843 -0.07769098 -0.03336379 -0.05659503 

