Input Channel 0
-0.01921466 -0.05003419 0.00980802 -0.03052619 -0.08474322 
-0.08073266 -0.01634049 -0.06524835 -0.06058894 -0.02147282 
-0.02414829 -0.02596004 -0.01321109 -0.04781335 -0.00859550 
0.04926247 0.06991865 -0.06085164 0.00061674 -0.05566863 
-0.03459938 0.05697696 -0.10432002 -0.02686812 -0.13336787 

Input Channel 1
-0.13223113 -0.00557202 0.04107470 -0.02767582 0.03228672 
-0.11799598 0.00665002 -0.00241937 0.02903573 0.01573160 
-0.06753945 -0.12763631 -0.05661326 0.04393939 0.07572038 
-0.12831797 -0.05508389 -0.01901395 0.01950621 0.08534198 
-0.03564616 -0.07573105 -0.06355162 0.03615047 0.08256954 

Input Channel 2
-0.00450786 0.05499999 0.00862647 -0.05998270 0.05169062 
-0.02886039 -0.08120568 -0.07561680 -0.03045739 -0.08498085 
-0.04278279 0.00379982 0.06428798 -0.07809112 -0.07379173 
0.04210017 -0.02908983 -0.00788156 -0.06608997 0.06249161 
-0.01473805 -0.01346173 -0.01865129 0.06248191 -0.06553204 

Input Channel 3
-0.07144332 -0.06774968 0.01023297 0.01344071 -0.01686507 
-0.10262133 -0.02512994 -0.11428998 -0.03543702 -0.00623727 
0.02051436 0.06533591 0.03314270 -0.07454837 -0.07995470 
-0.03365092 0.02195757 0.01993542 -0.05333706 -0.02657740 
-0.10527714 0.05362132 -0.07167186 -0.06197211 0.03231855 

Input Channel 4
0.05820373 0.04359736 0.05904966 0.03095414 -0.02225260 
0.02497619 -0.03629448 -0.01525608 0.03276315 0.05563903 
0.09067053 -0.07040540 -0.03957458 -0.05933201 0.05634856 
-0.02774867 0.03395500 -0.06000358 0.02342450 -0.00977809 
-0.05777875 -0.00817990 -0.05614140 -0.09765826 0.02020508 

Input Channel 5
-0.07795616 0.05535555 -0.03486023 0.03698678 0.02352536 
-0.05731860 -0.04163625 0.05574660 -0.02145131 -0.06144811 
-0.08329644 -0.01032324 0.03943887 -0.01616350 0.05785685 
0.02266723 0.02570379 0.07548169 -0.08495316 0.04192710 
-0.02342331 0.07209257 0.04816124 -0.01827702 0.04075384 

