Input Channel 0
-0.05457618 0.08102942 0.00361457 0.06414989 0.05514474 
-0.04266383 -0.05551374 -0.01848251 0.01556233 -0.00197914 
0.03720196 -0.00205678 0.00604062 -0.06027754 -0.10960826 
0.05153787 0.01957957 -0.03772153 0.02603057 -0.10612009 
0.01035199 0.01137149 -0.02652901 -0.06737358 -0.03727898 

Input Channel 1
-0.01577849 -0.03378443 -0.11208287 -0.08422442 0.05375040 
-0.02292850 -0.03775128 -0.15012339 -0.06159347 -0.01123972 
-0.01300772 -0.12785618 -0.10654985 -0.12977664 -0.00170751 
0.07414491 -0.13876244 -0.12382534 -0.12949213 -0.01286082 
-0.05761088 -0.06988519 -0.13487880 -0.06171675 -0.07927139 

Input Channel 2
0.02395786 0.07291101 0.06403875 0.02051020 0.01342025 
0.03335099 -0.01667243 0.00512582 0.05253086 -0.02044186 
0.06561724 0.05750453 0.08582968 -0.04821450 -0.01215861 
0.02189957 -0.05171970 0.08443299 -0.01639361 -0.04230612 
0.00504387 0.02135732 0.05505650 0.03453993 -0.07152785 

Input Channel 3
-0.04922983 -0.03320458 -0.06512892 0.00345802 -0.03566870 
0.03629820 -0.09667186 -0.05176818 -0.08028386 -0.01884690 
0.08065008 -0.11696651 -0.10454945 -0.03879650 0.05751513 
0.08755489 -0.01297344 -0.03770950 -0.10406825 0.07841049 
0.06817885 -0.09014900 0.00728739 -0.06581064 0.08547763 

Input Channel 4
-0.05747678 -0.00978067 0.00761240 0.05546097 0.07213859 
-0.00852660 -0.07197613 0.01164634 0.07304438 -0.03710422 
0.05603277 -0.02056602 0.00809685 -0.03945817 -0.04403710 
-0.05322159 -0.07357998 0.01246053 -0.04471675 -0.02340099 
-0.02429723 0.03071388 -0.01614631 -0.06635603 0.03799551 

Input Channel 5
0.06843479 -0.05100989 -0.02503114 -0.04839001 -0.05586601 
-0.00075918 0.00288764 -0.00337435 0.02317849 0.00774611 
0.03821971 -0.00544188 0.00614809 -0.08172499 -0.04635258 
0.05814839 0.07308076 0.01232668 -0.08752696 -0.02962920 
0.05086620 -0.02283332 -0.04971149 -0.02234145 -0.03929462 

