Input Channel 0
-0.04056992 -0.10085066 0.02263659 -0.03568193 -0.10943296 
-0.04670639 -0.07965681 -0.07501402 -0.08018246 -0.08240181 
-0.03138594 -0.06163392 -0.06123608 -0.03430790 -0.06149901 
-0.10614401 0.05111548 -0.04190379 0.01877107 -0.08942521 
-0.09531219 0.04095638 -0.02451405 -0.09474505 -0.04608546 

Input Channel 1
0.01482783 -0.04667410 0.03592491 0.04125126 -0.06161648 
0.04648568 -0.02553375 0.00389830 -0.04932764 0.01751941 
0.05339229 -0.09151321 -0.00882955 -0.02807959 -0.04152820 
-0.07532249 -0.02768750 0.04800230 -0.03328663 0.02579410 
-0.02384587 0.04712790 0.01350750 0.10389642 0.11323217 

Input Channel 2
-0.04293755 0.07770137 0.00983260 0.07026171 -0.04315842 
0.00141831 -0.00414923 0.05647876 0.04640781 -0.00954281 
0.04251350 -0.03945374 -0.07169130 -0.05113029 -0.11374845 
0.02613807 0.05151976 -0.03137513 -0.12063292 -0.02863449 
0.06936248 0.06497551 0.04021517 -0.12759660 -0.07881800 

Input Channel 3
0.00626798 -0.03745697 -0.08929098 -0.01805229 -0.06522884 
-0.11210427 -0.00839934 -0.09764399 0.04172799 0.05559369 
-0.08620762 -0.02881234 -0.00560425 -0.07648280 0.03901306 
-0.11157916 -0.02581330 0.00869138 -0.07121382 -0.04391238 
-0.01881805 -0.05393413 -0.10670835 -0.05561034 -0.05641972 

Input Channel 4
0.04181193 -0.06285693 0.00849864 0.05616210 0.00307541 
0.01290387 -0.00381399 -0.05470912 0.03345912 -0.08872871 
-0.05539662 0.02693783 0.01850669 0.00229865 -0.03039120 
-0.00020772 0.00468076 0.02042549 -0.07900732 -0.07326461 
-0.09024879 -0.00215396 0.02582021 -0.00715327 -0.10582270 

Input Channel 5
-0.07570707 -0.03966801 0.07301336 0.05942145 -0.03929457 
0.05299917 -0.01889056 0.00799027 0.01531167 -0.00019900 
0.02365303 -0.07083666 -0.02248576 -0.06689725 0.03511945 
0.04868906 -0.03463953 0.01183657 -0.03278275 -0.00259816 
-0.05014803 -0.04071601 -0.07116666 -0.08108607 0.05745121 

