Input Channel 0
0.13221705 0.03267443 0.12528232 -0.12959976 0.07042481 
0.11899680 0.13940029 0.12873331 -0.01061012 -0.13255922 
0.13035367 -0.01019080 0.13538735 0.06543227 -0.12714286 
0.07485258 0.02023064 0.10551187 -0.12228205 -0.10043770 
0.11947139 0.14419603 0.00866079 -0.07323395 0.05953447 

Input Channel 1
0.10676286 0.01177969 -0.00131955 -0.08096008 0.05784111 
0.01946343 0.13418506 0.00402730 -0.12456109 -0.02323358 
0.13397975 0.08772749 -0.00501662 -0.02340667 -0.00055030 
0.11096459 -0.05905408 -0.01581534 -0.00631680 0.05105614 
-0.05906135 -0.06601633 -0.03222838 -0.01793356 0.07460161 

Input Channel 2
0.00124531 -0.08260018 -0.02341612 -0.03346904 -0.11131619 
0.06725297 0.12147989 -0.01210440 0.05755090 -0.06053661 
-0.01623071 0.00781326 -0.06796847 0.11293511 -0.12333468 
0.13995102 -0.04464822 -0.05633653 0.00715770 -0.07181491 
0.10595812 0.06107319 -0.01606957 0.10218102 0.02708490 

