Input Channel 0
0.19129474 0.15873025 -0.02435998 0.12109026 -0.03541333 
0.09032251 0.11858496 0.02659088 -0.06722394 0.01728071 
-0.04539752 0.02294452 -0.05599008 -0.06532443 -0.11970940 
0.07600930 -0.07726829 -0.07553758 -0.13429390 -0.06972426 
-0.02435427 -0.04067703 -0.16764906 -0.08521225 -0.15621607 

Input Channel 1
-0.02247866 0.14403883 0.07254079 0.07403366 0.07211446 
0.07540780 -0.01210053 -0.08185589 0.08956739 0.02634113 
-0.07975099 -0.03279105 0.06596795 0.05867225 -0.06338843 
-0.05616205 0.04099835 -0.16046870 -0.11596528 -0.16043107 
0.05765130 -0.11422114 0.01884188 0.00010230 -0.03657244 

Input Channel 2
0.15629025 0.07120603 0.14665596 0.11162551 0.07778686 
0.15046334 -0.00673179 0.07566433 0.05801315 -0.05995902 
0.13115430 0.04474230 -0.08380997 -0.10688683 -0.09880805 
0.11386582 -0.04876175 0.00657094 -0.09352095 0.03138054 
0.02680537 -0.02790940 0.04050911 -0.07699782 -0.08781271 

