Input Channel 0
0.06629743 -0.09738752 -0.09757759 -0.05009407 -0.10647468 
0.05973109 0.03166518 -0.06777662 -0.12649009 -0.08173876 
-0.04624059 0.06937640 0.05678521 0.03627376 -0.04354697 
-0.01451396 0.05243940 0.03343292 -0.04857846 0.04885881 
0.00369061 0.09581135 -0.05507284 0.01157418 -0.06196271 

Input Channel 1
0.04710930 -0.02944781 -0.07472407 -0.09410012 0.09807583 
0.06338552 -0.05180492 -0.05842225 0.05779460 0.03204400 
0.02988828 -0.06042304 -0.07359016 -0.05429921 -0.08419226 
-0.09663794 0.08097917 0.04903018 0.09234989 -0.03586215 
0.05771101 -0.07346722 0.06073234 0.07816624 0.00226901 

Input Channel 2
-0.10263009 -0.09237764 -0.12565485 0.02214642 -0.05139925 
-0.08589215 0.07652006 0.04219617 0.07603092 -0.08400258 
0.04531667 -0.09157322 -0.03593409 0.07090139 -0.07078454 
-0.11015374 -0.11157931 0.04070947 -0.09694986 -0.03640855 
-0.12246628 -0.05393857 -0.03882560 0.02395188 -0.03840142 

