Input Channel 0
0.00860129 -0.08982662 -0.01796481 -0.02615794 -0.08861002 
-0.08113415 0.00598438 0.02965836 -0.02853358 -0.09079936 
0.02006106 -0.10815239 0.10275204 0.08224092 0.03919377 
0.08594424 0.02310930 -0.03570333 -0.10491495 -0.02890262 
-0.08002598 -0.02735548 -0.03824125 -0.11639735 -0.04970540 

Input Channel 1
0.03833420 -0.04627670 0.04895357 -0.01826259 -0.12225188 
-0.11760935 -0.00829356 -0.02393989 0.02442366 -0.01556572 
-0.07224558 0.07117461 0.02484742 0.01034163 -0.10196666 
-0.05666637 -0.12532391 -0.11475238 -0.00115418 -0.11627658 
-0.01964478 -0.01786540 0.07941853 -0.04382156 0.03143587 

Input Channel 2
-0.04802179 -0.13520008 -0.03361426 -0.03117926 -0.09900068 
-0.06270537 -0.05281601 -0.11488824 -0.08154583 0.05384378 
-0.05578786 0.01268232 -0.14496486 -0.10680468 0.08511531 
-0.07340119 -0.09756000 -0.06950689 0.02443374 0.03771291 
0.03639218 -0.02322134 -0.11590151 -0.11391436 0.07063703 

