Input Channel 0
0.26516613 0.18334378 0.17553063 -0.02209737 0.07215340 
0.23594208 0.25147787 0.06514458 0.02246026 -0.09198748 
0.28106692 0.22700177 0.08818712 -0.04813613 -0.08751021 
0.13178122 0.12338867 -0.05319257 -0.09689865 -0.15579857 
-0.07229695 -0.02196599 -0.18931353 -0.02243650 -0.04190389 

Input Channel 1
0.01428323 0.08270423 0.14642890 0.05810750 -0.03801231 
0.18370938 0.28258947 0.06095728 -0.06669872 0.07935069 
0.24525476 0.02969405 0.03328563 -0.11896852 -0.11158025 
-0.00284296 -0.06395628 -0.13137761 -0.19528626 -0.18645287 
-0.13435949 -0.02420848 -0.16768484 -0.12091841 -0.17142604 

Input Channel 2
0.14359048 0.20944093 0.12108957 0.10482814 0.09236018 
0.08381587 0.17226790 0.20674846 0.02735082 0.13920605 
0.22787589 0.10331355 0.15439089 0.05288175 0.02409630 
0.12365697 -0.00632115 -0.12783809 -0.09390263 -0.13623510 
-0.01648424 0.00188682 -0.17355806 -0.07382177 -0.14144419 

