Input Channel 0
-0.12989147 -0.02561754 0.05999051 -0.12481009 -0.04195369 
0.00910032 -0.11460397 -0.01577886 0.06196005 -0.05007531 
-0.08191661 -0.07527377 -0.07869423 0.00485803 -0.03381928 
-0.00546766 -0.00417228 0.07089143 0.06872382 0.04711574 
0.02923108 -0.08946040 0.05760545 0.01093291 -0.07294289 

Input Channel 1
-0.06212544 0.08213082 0.05810106 -0.03056963 -0.10879023 
0.05662348 0.03518606 0.03798562 -0.07890067 -0.03499054 
0.10677679 -0.08897370 0.06951627 0.08108543 -0.06607512 
0.01161156 -0.10844477 -0.07250445 0.07431965 -0.03384018 
0.06064238 -0.06195905 0.00939311 -0.12426143 -0.03135412 

Input Channel 2
0.06313715 0.07277848 -0.01280623 0.01850595 -0.12418909 
-0.06269760 -0.10760453 -0.05052080 -0.11544469 -0.04439070 
-0.10120375 0.07649110 -0.04850878 -0.06356703 -0.13889864 
-0.06883704 0.03472894 0.05938671 -0.07604939 0.08057772 
-0.09452397 0.02092887 -0.13521332 0.05914656 -0.05129340 

