-0.27453440 -0.42215842 -0.34567031 -0.38238502 -0.45434853 -0.55493337 -0.52216524 -0.50470126 -0.40462577 -0.30375618 -0.30140865 -0.37932262 -0.35533071 -0.33374298 -0.31391084 -0.36690268 -0.30895650 -0.26663798 -0.31307542 -0.32223698 -0.27502418 -0.27788749 -0.28115910 -0.28100204 -0.28013682 -0.27673650 -0.27543071 -0.27555835 -0.27416503 -0.27428502 -0.27382839 -0.27248925 -0.27041179 -0.26782900 -0.26719701 -0.26698062 -0.26665857 -0.26662299 -0.26720035 -0.28201970 -0.65997452 -0.87414163 -1.31004524 -2.11684489 -3.69757342 -4.94518423 -4.78919888 -3.51654744 -2.04574943 -1.23852003 -1.09815681 -1.33748472 -1.72906160 -2.17933226 -2.41456914 -2.49204636 -2.40172672 -2.05320716
-0.31930676 -0.43120217 -0.16161765 -0.43201095 -0.74903697 -1.10737252 -0.87584734 -0.92175305 -0.60503048 -0.50637460 -0.47295225 -0.47596875 -0.42062002 -0.45848000 -0.46452782 -0.43832824 -0.30311003 -0.30380002 -0.40551212 -0.35634950 -0.27297333 -0.27544153 -0.27707660 -0.27836260 -0.27865681 -0.27981842 -0.27768701 -0.27562141 -0.27650711 -0.27637494 -0.27520102 -0.27378643 -0.27077770 -0.26977834 -0.26783982 -0.26876467 -0.26775730 -0.26689216 -0.27679166 -0.45804396 -0.74861884 -0.67788458 -0.85572779 -1.48728287 -3.00616646 -4.55610800 -5.59479237 -5.58034754 -4.44519186 -3.45464230 -3.06720614 -3.12049723 -3.14383531 -3.09071302 -2.98186445 -2.91863537 -2.71471334 -2.65016937
-0.25693184 -0.15764311 0.01337911 -0.30481783 -0.73911309 -1.00584090 -0.82927519 -1.04829335 -1.09132528 -1.24065471 -0.64499158 -0.63243335 -0.85865605 -0.95505303 -0.85423601 -0.72298676 -0.57087833 -0.65887994 -0.53687835 -0.48861161 -0.27221557 -0.27269304 -0.27348125 -0.27553993 -0.27546540 -0.27956781 -0.27859804 -0.28008291 -0.27851990 -0.27707985 -0.27714694 -0.27669886 -0.27460626 -0.27290609 -0.27120796 -0.27001923 -0.27047631 -0.27070233 -0.40044260 -0.89830571 -1.10025287 -1.01408708 -0.97181231 -1.44821525 -2.60333824 -3.68155360 -4.84976482 -5.78683662 -5.65143538 -4.87256098 -4.32825899 -4.04760408 -3.92743659 -3.67797422 -3.42297840 -3.14521980 -2.76736760 -2.55897117
-0.22136433 -0.08457264 -0.02976134 -0.33163807 -0.63200265 -0.40113449 -0.15006214 -0.75367838 -1.24242294 -1.34864056 -0.63953310 -0.75835896 -1.02238882 -1.05012190 -1.12620282 -0.78742653 -0.83696592 -0.95645118 -0.94703364 -0.60978419 -0.26845220 -0.26894107 -0.27185857 -0.27069506 -0.27218094 -0.27372041 -0.27589431 -0.27590084 -0.27540234 -0.27623135 -0.27447623 -0.27358443 -0.27142552 -0.27123612 -0.26912114 -0.26951542 -0.26779243 -0.28077841 -0.66774440 -1.29388142 -1.59890580 -1.67049861 -1.69294035 -2.18689275 -2.80100083 -3.13962173 -3.82316518 -4.59015560 -4.91802549 -4.69525671 -4.28447676 -4.06127357 -3.84303904 -3.74705172 -3.43394685 -2.81480169 -2.51439738 -2.56466198
-0.12708807 -0.02428124 0.02223309 -0.59017652 -0.20699759 -0.24862190 -0.10618401 -0.26431257 -0.70553392 -0.96921635 -0.31408560 -0.43419638 -0.58072352 -0.73496515 -0.53196496 -0.52424490 -0.78147715 -1.14688885 -1.12023520 -0.54764402 -0.26804698 -0.26708150 -0.26574939 -0.26554829 -0.26619664 -0.26629433 -0.26882547 -0.26847285 -0.26950589 -0.26926923 -0.26866740 -0.26845157 -0.26664656 -0.26364878 -0.26488009 -0.26207063 -0.26754561 -0.46766227 -1.09719265 -1.57284081 -1.83257043 -2.04870296 -2.50694275 -3.11815858 -3.24076748 -3.19979119 -3.42661381 -3.84746838 -4.04500771 -4.10662889 -3.95064783 -3.73505616 -3.61611795 -3.56163931 -3.29036570 -2.65393710 -2.39243650 -2.36280966
-0.26796243 -0.14894955 0.05752231 0.11015623 -0.16740362 -0.16761802 -0.05355445 0.11958455 -0.07254588 -0.18056381 0.20158365 -0.08417159 -0.10646706 0.08366769 0.09679187 0.06825875 -0.49274284 -0.87864923 -0.74466884 -0.43029347 -0.26558349 -0.26483846 -0.26296327 -0.26106650 -0.26101780 -0.26053044 -0.26078761 -0.26220164 -0.26152036 -0.25998029 -0.26029351 -0.25983173 -0.25909570 -0.25715134 -0.25921276 -0.26069826 -0.39455014 -0.95196962 -1.50573540 -1.72326243 -1.88549149 -2.28844261 -3.19656062 -3.72219515 -3.73654461 -3.52912021 -3.53375006 -3.70089912 -3.73864174 -3.73226666 -3.66460443 -3.57249212 -3.49300790 -3.53551841 -3.51911545 -2.90221572 -2.47022724 -2.20419812
-0.29692262 -0.20219561 0.01834993 0.03875183 0.00469699 -0.31790736 -0.28309309 0.07345279 0.11128149 -0.19180250 0.17896059 0.05406746 -0.01104010 0.13881621 0.13053288 0.08289634 -0.09262797 -0.50082624 -0.42538282 -0.34799451 -0.27125907 -0.26803163 -0.26454672 -0.26326904 -0.26114801 -0.26328000 -0.26252308 -0.26401061 -0.26032373 -0.25898209 -0.25844476 -0.25663713 -0.25869161 -0.25754216 -0.28257185 -0.39747569 -0.81660330 -1.42218482 -1.70815361 -1.69547796 -1.94616151 -2.63191247 -3.49332047 -3.82358956 -3.82070184 -3.70142007 -3.68088055 -3.76141381 -3.80045938 -3.82110023 -3.74937844 -3.58164668 -3.44503450 -3.48718381 -3.64695120 -3.44262362 -3.03031516 -2.45550323
-0.31790036 -0.34492102 -0.12936048 -0.05796397 -0.12243911 -0.40216190 -0.32379287 -0.16753776 -0.14436638 -0.26360023 -0.05160436 -0.10972711 -0.17744860 -0.09473022 -0.14908865 -0.04337415 -0.15616615 -0.28007177 -0.29418936 -0.31907430 -0.27627438 -0.27571359 -0.27132124 -0.26661745 -0.26381305 -0.26383448 -0.26674303 -0.26698452 -0.26772544 -0.26518157 -0.26123515 -0.26272827 -0.26724237 -0.36897552 -0.56633800 -0.98729104 -1.57009757 -1.78908741 -1.78516304 -1.87882376 -2.31125975 -3.03756833 -3.58762264 -3.75679350 -3.80150414 -3.77101827 -3.58606815 -3.47040701 -3.61897874 -3.91147852 -3.89832401 -3.70958972 -3.52147889 -3.44587421 -3.57902455 -3.74413848 -3.45601010 -2.95296073
-0.27649522 -0.31198305 -0.42020971 -0.34553975 -0.29562366 -0.27701277 -0.36633858 -0.33618692 -0.28723395 -0.38064823 -0.28551143 -0.25954580 -0.29730806 -0.33776501 -0.36270353 -0.31109154 -0.17195261 -0.25710571 -0.29712781 -0.29730690 -0.27845070 -0.28021011 -0.27701440 -0.27588162 -0.26982242 -0.26797128 -0.26653722 -0.26792279 -0.26785061 -0.26582628 -0.26807332 -0.27084437 -0.44259837 -0.96725142 -1.58899546 -2.09269047 -2.33887696 -2.17265534 -2.11270380 -2.34109831 -2.84132814 -3.35215664 -3.61393571 -3.69772410 -3.81659722 -3.70852041 -3.12630129 -2.68646049 -3.05846119 -3.67310715 -3.84638071 -3.77256274 -3.59454203 -3.18705010 -3.35019755 -3.73720455 -3.63854837 -3.30527568
-0.25892046 -0.28728953 -0.29607233 -0.25251013 -0.23519292 -0.27810594 -0.29421523 -0.27659222 -0.28152436 -0.28656182 -0.28037581 -0.27829424 -0.29678151 -0.29568684 -0.29335499 -0.25114566 -0.27777243 -0.28537461 -0.28195059 -0.27661499 -0.27831119 -0.27893627 -0.27729034 -0.27822918 -0.27405724 -0.27011281 -0.26886937 -0.26595521 -0.26420748 -0.26395613 -0.26819223 -0.39662561 -0.95054162 -1.78639877 -2.34100103 -2.71947527 -2.73494411 -2.72386670 -2.82607317 -2.98097634 -3.27178669 -3.53627324 -3.64477777 -3.70148683 -3.80033398 -3.59045076 -2.80161977 -2.16344714 -2.36435509 -2.82778597 -3.07479048 -3.35650301 -3.25035834 -2.66356969 -2.92495728 -3.47007728 -3.41749263 -3.22298574
-0.25603938 -0.25894031 -0.26061985 -0.26048109 -0.26380503 -0.26253247 -0.26299521 -0.26403594 -0.26759002 -0.26618278 -0.26764289 -0.26712313 -0.26923609 -0.27268380 -0.27073008 -0.27100173 -0.27330387 -0.27475843 -0.27766764 -0.28025982 -0.27924845 -0.27965942 -0.27979410 -0.27644664 -0.27436841 -0.27299583 -0.26696873 -0.26492074 -0.26369351 -0.26276931 -0.27718550 -0.68701059 -1.39933884 -1.90169764 -2.31137562 -2.61088181 -2.95714569 -3.22693992 -3.26678300 -3.28734684 -3.45591593 -3.57685423 -3.62465477 -3.66459584 -3.68199182 -3.62997103 -3.36906147 -3.05723929 -2.79308772 -2.29401517 -2.22819376 -2.74226809 -2.85965276 -2.54719806 -2.66732192 -2.84750366 -2.70611978 -2.72226810
-0.25684664 -0.25909260 -0.26013994 -0.26076576 -0.26271898 -0.26269874 -0.26292887 -0.26498079 -0.26724425 -0.26822707 -0.26564151 -0.26648474 -0.26662135 -0.26803043 -0.26924086 -0.26934096 -0.26929387 -0.27330491 -0.27217019 -0.27594265 -0.27504322 -0.27636120 -0.27531785 -0.27299401 -0.27550387 -0.26963761 -0.26921889 -0.26666212 -0.26233062 -0.26662901 -0.42131194 -1.04863369 -1.51410472 -1.88313258 -2.00081229 -2.57540298 -3.21582413 -3.35344315 -3.34473848 -3.40081191 -3.50968456 -3.54280305 -3.58327937 -3.60875535 -3.57721972 -3.77056384 -4.05671263 -4.27422667 -3.96328783 -2.96370864 -2.13642764 -2.55559683 -3.20953131 -3.34770751 -3.15268135 -2.54789305 -2.23259068 -2.35929704
-0.25840250 -0.25796354 -0.26059923 -0.26046601 -0.26092935 -0.26154426 -0.26298398 -0.26348069 -0.26696223 -0.26633164 -0.26807135 -0.26604444 -0.26496500 -0.26678723 -0.26378921 -0.26544636 -0.26763204 -0.26756057 -0.27119297 -0.26776680 -0.26960081 -0.26965493 -0.26854536 -0.26886135 -0.26594812 -0.26860407 -0.26700589 -0.26480421 -0.26303878 -0.27464783 -0.68996239 -1.18908834 -1.54369831 -1.68220222 -1.99189246 -2.89148569 -3.31176162 -3.43249154 -3.51255608 -3.54925966 -3.57447147 -3.59896684 -3.62754726 -3.65633512 -3.65641832 -3.74682617 -4.11164045 -4.55032110 -4.53389406 -3.84959912 -2.97626567 -2.99226189 -3.67610860 -3.88993454 -3.55633688 -2.84679961 -2.12884092 -2.27440047
-0.25566030 -0.25712076 -0.25784463 -0.26001140 -0.25916761 -0.25998354 -0.26127225 -0.26383370 -0.26424280 -0.26854244 -0.26621971 -0.26794013 -0.26679745 -0.26381126 -0.26501098 -0.26161289 -0.26202455 -0.26587570 -0.26472589 -0.26572853 -0.26432997 -0.26384240 -0.26486692 -0.26259342 -0.26264673 -0.26127666 -0.26088589 -0.25915685 -0.26201987 -0.40963066 -0.97177714 -1.32111633 -1.49965298 -1.73101437 -2.45543766 -3.23026991 -3.54557252 -3.64535475 -3.68042970 -3.69514489 -3.70791698 -3.72839379 -3.74714327 -3.76203823 -3.79976296 -3.82088542 -3.79007602 -4.12962294 -4.38406658 -4.24800491 -3.64321256 -3.46270585 -3.76895452 -3.82216811 -3.52561903 -2.86143231 -2.37670636 -2.27598333
-0.26075196 -0.25813073 -0.26088044 -0.26182655 -0.26139724 -0.26183367 -0.26224232 -0.26398361 -0.26564199 -0.26699659 -0.26706871 -0.26728383 -0.26819992 -0.26726824 -0.26477084 -0.26465109 -0.26562750 -0.26509789 -0.26573029 -0.26570535 -0.26398218 -0.26320443 -0.26358142 -0.26117182 -0.25966305 -0.25542361 -0.25515187 -0.25480300 -0.27507532 -0.69634390 -1.17669439 -1.35943449 -1.58123505 -1.92029822 -2.84982729 -3.47132683 -3.62690234 -3.71805835 -3.75934577 -3.76958966 -3.77491140 -3.79915142 -3.81184602 -3.81349301 -3.80844283 -3.75777698 -3.72254872 -3.74662638 -3.82003736 -3.92412329 -3.78364110 -3.65787959 -3.65630341 -3.51734519 -3.21725965 -2.76542830 -2.39105988 -2.28929663
-0.26298288 -0.26515153 -0.26319122 -0.26513511 -0.26499182 -0.26315045 -0.26478782 -0.26736805 -0.26907435 -0.26836687 -0.26637009 -0.26652828 -0.26710320 -0.26690367 -0.26602423 -0.26680285 -0.26738793 -0.26751485 -0.26942408 -0.26809016 -0.26537189 -0.26457018 -0.26240218 -0.26303104 -0.25909534 -0.25796106 -0.25651121 -0.28304929 -0.50576788 -1.08630562 -1.35479891 -1.44063914 -1.66348708 -2.32937288 -3.24497104 -3.56513739 -3.64618850 -3.74031734 -3.77890182 -3.78853750 -3.79987001 -3.81654215 -3.82913589 -3.83522153 -3.84117723 -3.81875753 -3.76776814 -3.71939540 -3.69481134 -3.69834018 -3.70527434 -3.65864968 -3.59456301 -3.35105181 -2.85340500 -2.50612020 -2.36336589 -2.28556538
-0.26617831 -0.26699963 -0.26857027 -0.26917416 -0.26674145 -0.26825190 -0.26737937 -0.27123630 -0.27288467 -0.27295870 -0.27188087 -0.26865941 -0.26888910 -0.26768237 -0.26693186 -0.26982996 -0.26846901 -0.27181026 -0.26929107 -0.27099875 -0.27007556 -0.26460230 -0.26327202 -0.26077157 -0.26134485 -0.26459837 -0.29607114 -0.56190586 -1.20019960 -1.64326108 -1.60433531 -1.63530338 -1.99760687 -2.87779522 -3.47773886 -3.59271049 -3.67385793 -3.75585461 -3.78824043 -3.79878402 -3.81011128 -3.81788731 -3.82152557 -3.83471990 -3.85497117 -3.85420251 -3.80316401 -3.73933458 -3.68115616 -3.65932369 -3.63037276 -3.55140758 -3.39870572 -3.17284608 -2.67934537 -2.57040834 -2.46330190 -2.28953648
-0.26859185 -0.26945502 -0.27228019 -0.26925352 -0.27157044 -0.26972035 -0.27240282 -0.27276886 -0.27725571 -0.27514973 -0.27657166 -0.27368039 -0.27284288 -0.26928407 -0.26688504 -0.26683402 -0.26928496 -0.26949489 -0.26986617 -0.26832670 -0.27045798 -0.26802021 -0.26221529 -0.26166800 -0.26262137 -0.29774296 -0.56893706 -1.25609803 -1.89660585 -2.03432012 -1.80556309 -1.99671924 -2.57044268 -3.28192091 -3.58109117 -3.63776231 -3.71775699 -3.77784443 -3.80124259 -3.81811595 -3.82949758 -3.83315778 -3.82880449 -3.83492994 -3.85707259 -3.88440323 -3.86366940 -3.79761243 -3.68480921 -3.51406932 -3.31388974 -3.08324671 -2.85788941 -2.54630399 -2.32014632 -2.41091681 -2.42456794 -2.08640265
-0.26760229 -0.27070892 -0.26910004 -0.27318493 -0.27091327 -0.27117470 -0.27062786 -0.27359477 -0.27425694 -0.27758500 -0.27700663 -0.27635068 -0.27377039 -0.27255356 -0.26729050 -0.26412144 -0.26552275 -0.26521292 -0.26575765 -0.26663727 -0.26731005 -0.26578704 -0.26529783 -0.26552036 -0.31186664 -0.55839318 -1.21679926 -1.86502564 -2.21835661 -2.10285401 -2.28465295 -2.68110704 -3.10836148 -3.45872164 -3.57371950 -3.65031362 -3.72869873 -3.76493597 -3.78207517 -3.80237532 -3.82722425 -3.83112550 -3.82590485 -3.81914687 -3.83188057 -3.85622978 -3.86252093 -3.83991981 -3.64163733 -3.13003087 -2.55618191 -2.09306741 -1.75099695 -1.51003623 -1.69094169 -1.93347645 -2.02233315 -1.54469490
-0.26964584 -0.26716653 -0.27000642 -0.26915136 -0.26843479 -0.27034491 -0.26956239 -0.27015784 -0.27364436 -0.27220690 -0.27295908 -0.27216247 -0.27195549 -0.27051967 -0.26758367 -0.26578373 -0.26314509 -0.26411226 -0.26314032 -0.26200485 -0.26489890 -0.26673076 -0.27802926 -0.37059209 -0.64683026 -1.23178864 -1.79640615 -2.07794356 -2.07827353 -2.27893090 -2.79809999 -3.15619326 -3.39689207 -3.51330543 -3.55556536 -3.63990355 -3.71773767 -3.75421882 -3.76697922 -3.78443074 -3.81418467 -3.82100821 -3.81783795 -3.80045724 -3.79528785 -3.80861521 -3.81895924 -3.82037330 -3.61657667 -2.82280540 -1.88663769 -1.26081657 -1.06093085 -0.91665983 -1.00043058 -1.11633527 -1.24617040 -0.95540816
-0.26569986 -0.26675346 -0.26725340 -0.26804322 -0.26740354 -0.26576149 -0.26757473 -0.27010387 -0.27078119 -0.26985031 -0.26918545 -0.26769191 -0.26654130 -0.26707983 -0.26387000 -0.26408768 -0.26197264 -0.26234686 -0.26011428 -0.25883386 -0.26164889 -0.30973807 -0.49870488 -0.94658381 -1.57478166 -1.94988573 -2.17809367 -2.06653214 -2.25539327 -2.73697996 -3.16055465 -3.37827682 -3.48702812 -3.52351046 -3.54271960 -3.61927056 -3.70205641 -3.74913359 -3.76188970 -3.77252531 -3.80226660 -3.81295443 -3.81422877 -3.79576755 -3.77231765 -3.76851296 -3.76994967 -3.78258228 -3.59206963 -2.74348736 -1.88441730 -1.45838881 -1.12570679 -0.67588228 -0.49125496 -0.42950377 -0.56995684 -0.54525697
-0.26175067 -0.26384357 -0.26587915 -0.26807207 -0.26713422 -0.26553184 -0.26644322 -0.26861820 -0.26808846 -0.26906666 -0.26712230 -0.26758093 -0.26568702 -0.26620862 -0.26441169 -0.26249436 -0.25999174 -0.25965253 -0.25995630 -0.25593197 -0.28130946 -0.58735949 -1.19492280 -1.92447829 -2.29661846 -2.45390081 -2.38219500 -2.48156166 -2.77931404 -3.10955453 -3.37163925 -3.46889567 -3.50741506 -3.51390672 -3.52614880 -3.59742832 -3.67772365 -3.73632550 -3.75318027 -3.76492190 -3.79054213 -3.79578662 -3.79308510 -3.76802135 -3.73270607 -3.71545482 -3.71391726 -3.71906519 -3.62173915 -2.98364925 -2.38660431 -1.96196389 -1.52118850 -0.65462524 -0.27009648 -0.24975854 -0.28806454 -0.31735367
-0.25946298 -0.26158899 -0.26272851 -0.26554465 -0.26475769 -0.26483798 -0.26450121 -0.26586717 -0.26610881 -0.26640362 -0.26604190 -0.26662704 -0.26628041 -0.26573324 -0.26375750 -0.26159987 -0.25959858 -0.25755066 -0.25657785 -0.26059073 -0.50363809 -1.16951680 -1.85963619 -2.34526706 -2.52586102 -2.65550470 -2.87209201 -3.05592489 -3.15983939 -3.36325216 -3.49765754 -3.54961729 -3.54487157 -3.52030873 -3.52114296 -3.58825946 -3.67031956 -3.72034311 -3.73945665 -3.76415968 -3.78958488 -3.79199886 -3.77418017 -3.72865200 -3.69193983 -3.67099476 -3.65767646 -3.65920877 -3.57550144 -3.14725494 -2.79104710 -2.63564372 -2.03736138 -0.82489717 -0.25891566 -0.22531374 -0.25684524 -0.29594854
-0.26185217 -0.26213688 -0.26236463 -0.26484749 -0.26473990 -0.26323166 -0.26370284 -0.26381186 -0.26451904 -0.26533774 -0.26548877 -0.26727763 -0.26768947 -0.26958382 -0.26370469 -0.26307487 -0.25842559 -0.25662845 -0.26091132 -0.35749358 -0.94935495 -1.54997933 -2.05485225 -2.32934618 -2.50962543 -3.00749969 -3.31217360 -3.31170869 -3.41811609 -3.51165175 -3.57444763 -3.60494709 -3.59350228 -3.54977703 -3.53136182 -3.59048700 -3.67518520 -3.71458626 -3.73746324 -3.77573204 -3.79731774 -3.80237532 -3.77868986 -3.73560905 -3.71332836 -3.68614268 -3.63893557 -3.59634852 -3.52877569 -3.13833594 -2.88800287 -2.86657000 -2.12461853 -0.79503620 -0.30254889 -0.29455042 -0.28176764 -0.27933872
-0.26632816 -0.26669261 -0.26644903 -0.26649609 -0.26698422 -0.26583454 -0.26719609 -0.26463610 -0.26589742 -0.26650622 -0.26461038 -0.26481584 -0.26854292 -0.26730505 -0.26759449 -0.26342246 -0.26052082 -0.25698754 -0.26939499 -0.56947571 -1.18794000 -1.67475331 -1.90233183 -2.12641740 -2.72247648 -3.22518945 -3.37430692 -3.44900131 -3.55019355 -3.57149148 -3.61161137 -3.61753225 -3.59936285 -3.57429552 -3.54359818 -3.58099651 -3.66638851 -3.71230888 -3.73792720 -3.77775240 -3.78923583 -3.79413533 -3.79284549 -3.79171157 -3.76702380 -3.71874142 -3.66362286 -3.56258583 -3.33833861 -2.94567204 -2.76272535 -2.89843583 -2.13123536 -0.74894053 -0.31255811 -0.29701188 -0.29714003 -0.29878566
-0.26917660 -0.26999062 -0.27001593 -0.27060276 -0.27008060 -0.27220377 -0.27097115 -0.26995704 -0.26993963 -0.26757583 -0.26617920 -0.26487046 -0.26447544 -0.26754850 -0.26694670 -0.26419526 -0.26160061 -0.25955251 -0.31513202 -0.80788910 -1.26310754 -1.55729961 -1.76021254 -2.24239755 -2.95881009 -3.27678537 -3.41388226 -3.48449540 -3.53537631 -3.57513285 -3.61672521 -3.61773896 -3.60380197 -3.58137488 -3.54030252 -3.55367970 -3.63505793 -3.69735694 -3.72997427 -3.76349688 -3.76392746 -3.76718020 -3.78096461 -3.79257536 -3.77249718 -3.71454477 -3.65453768 -3.48667383 -2.99822068 -2.61856747 -2.66166806 -2.82216358 -1.95117247 -0.56937116 -0.31435630 -0.31292558 -0.30901745 -0.30936083
-0.26940054 -0.27017608 -0.27197316 -0.27222180 -0.27362293 -0.27499133 -0.27473560 -0.27381656 -0.27081734 -0.26843637 -0.26475418 -0.26174381 -0.26172638 -0.26323491 -0.26468423 -0.26557505 -0.25905412 -0.26189223 -0.45597336 -0.95663071 -1.26470399 -1.49779725 -1.81146836 -2.60448098 -3.23036432 -3.37919235 -3.39891553 -3.44674015 -3.50658441 -3.57705975 -3.63974166 -3.65437436 -3.66132760 -3.63049245 -3.56611657 -3.55901575 -3.64622355 -3.71991873 -3.74768543 -3.76860905 -3.76645756 -3.76844192 -3.77619338 -3.77365875 -3.74580312 -3.70387602 -3.64733434 -3.37993193 -2.65624547 -2.40122032 -2.52902007 -2.58981848 -1.52834582 -0.43613833 -0.31749856 -0.31354469 -0.31687045 -0.31323612
-0.26212144 -0.26566169 -0.26614770 -0.26715565 -0.27122355 -0.27012265 -0.27275592 -0.27174860 -0.27051401 -0.26755261 -0.26341325 -0.25930500 -0.25560114 -0.25476763 -0.25810656 -0.25822920 -0.25747877 -0.25593969 -0.59276772 -0.97568864 -1.25091124 -1.54192626 -2.03081203 -3.01545596 -3.45484424 -3.48829556 -3.44592381 -3.44966865 -3.48581314 -3.56801057 -3.65742803 -3.69529343 -3.72050643 -3.68889761 -3.62525940 -3.61011362 -3.69190025 -3.75679827 -3.77278113 -3.78298807 -3.78741217 -3.79260731 -3.78836417 -3.77004695 -3.74058676 -3.72999024 -3.63024807 -3.20844245 -2.54391003 -2.46806097 -2.47945929 -2.21505952 -1.07088745 -0.35855243 -0.30928028 -0.31212449 -0.31791496 -0.31510198
-0.25588450 -0.26029202 -0.26242000 -0.26400521 -0.26704222 -0.26638362 -0.26787987 -0.26749861 -0.26699004 -0.26602945 -0.26223981 -0.25927600 -0.25480235 -0.25204879 -0.25041145 -0.25080505 -0.25307536 -0.28944498 -0.72504550 -0.97735071 -1.30887055 -1.59530592 -2.38984728 -3.29563689 -3.55979943 -3.60828996 -3.55826879 -3.48952913 -3.46969175 -3.52706933 -3.63117099 -3.69300151 -3.71686935 -3.69805932 -3.66653872 -3.65219688 -3.72122502 -3.76634502 -3.77750278 -3.78675032 -3.80017090 -3.80333829 -3.79276299 -3.77584863 -3.76006460 -3.74773097 -3.62525034 -3.03669500 -2.54680133 -2.56394243 -2.54071093 -1.77828395 -0.66220516 -0.33507875 -0.30465326 -0.30843851 -0.31193307 -0.31278241
-0.25374272 -0.25524405 -0.25894761 -0.26119146 -0.26272854 -0.26363009 -0.26256576 -0.26391280 -0.26302540 -0.26293874 -0.25974515 -0.25772744 -0.25287405 -0.25107354 -0.24578120 -0.24533041 -0.25135794 -0.41187868 -0.78232771 -0.98672307 -1.35062003 -1.71683407 -2.78484201 -3.44123960 -3.60218477 -3.70374727 -3.69211793 -3.60023451 -3.50360942 -3.51308393 -3.58784056 -3.68013525 -3.69865203 -3.68940830 -3.67285109 -3.67944407 -3.74060059 -3.76796627 -3.77893162 -3.79098177 -3.80434608 -3.80734348 -3.80139589 -3.78789926 -3.78512359 -3.76525879 -3.64774013 -2.99673176 -2.61090755 -2.56026840 -2.53946733 -1.41389441 -0.44768429 -0.30625141 -0.30393523 -0.30485171 -0.30860129 -0.31100813
-0.25378203 -0.25625446 -0.25592807 -0.25832632 -0.26195434 -0.25927413 -0.25965121 -0.25832638 -0.25760829 -0.25899893 -0.25572002 -0.25415179 -0.25114846 -0.24728718 -0.24405420 -0.24042651 -0.24065104 -0.52396101 -0.77721089 -1.04390967 -1.32672942 -1.92483497 -3.06804371 -3.49191689 -3.61581445 -3.73005676 -3.76352811 -3.70196557 -3.59538722 -3.54011035 -3.58392191 -3.68305826 -3.69753408 -3.68852901 -3.67022848 -3.69842505 -3.74975514 -3.77436638 -3.78712296 -3.79680181 -3.80028749 -3.80533028 -3.80083799 -3.79378152 -3.79132962 -3.76454282 -3.66400933 -3.03997254 -2.69081974 -2.59486771 -2.42267537 -1.18972123 -0.34794888 -0.29604068 -0.29871702 -0.30272728 -0.30447322 -0.30495998
-0.25241444 -0.25546429 -0.25647655 -0.25657162 -0.25837025 -0.25829679 -0.25804141 -0.25671872 -0.25364915 -0.25489542 -0.25187963 -0.25078458 -0.24812037 -0.24754524 -0.24530756 -0.24210910 -0.31768596 -0.69819832 -0.86657244 -1.17467928 -1.39452732 -2.28635669 -3.26789641 -3.48594570 -3.59335494 -3.70102215 -3.76363444 -3.74059224 -3.67931747 -3.58869004 -3.58508897 -3.67335439 -3.69548488 -3.69553351 -3.67177320 -3.70366764 -3.74628019 -3.76752877 -3.79198790 -3.79383588 -3.78848863 -3.79054523 -3.79148984 -3.79049277 -3.77824497 -3.76876831 -3.67647338 -3.05484152 -2.69608903 -2.67502594 -2.24120021 -0.94015163 -0.32235795 -0.29226840 -0.29681054 -0.30280924 -0.30277157 -0.30588654
-0.25616422 -0.25376081 -0.25489914 -0.25425473 -0.25458798 -0.25632125 -0.25569376 -0.25602251 -0.25397453 -0.25069410 -0.25156221 -0.24808697 -0.24733426 -0.24445118 -0.24526533 -0.26014668 -0.58414513 -0.91004103 -1.03301156 -1.27290249 -1.57029355 -2.69413662 -3.38761520 -3.47962785 -3.56600618 -3.65651584 -3.72593331 -3.72578645 -3.68732929 -3.62057996 -3.59020782 -3.65256906 -3.69661808 -3.69681334 -3.68024397 -3.70863247 -3.73212695 -3.75293779 -3.78070974 -3.78322268 -3.77307725 -3.77247238 -3.77791929 -3.77497292 -3.75919795 -3.76623201 -3.72550869 -3.23660064 -2.80172324 -2.73813152 -2.02188611 -0.69506496 -0.29872215 -0.29300469 -0.29444405 -0.29856265 -0.30369207 -0.30294037
-0.25575882 -0.25331286 -0.25222147 -0.25364441 -0.25384825 -0.25345433 -0.25455287 -0.25620082 -0.25282753 -0.25186771 -0.25164524 -0.24923778 -0.24643227 -0.24433881 -0.24752630 -0.44770306 -1.01674664 -1.23199284 -1.32412374 -1.41505384 -2.01948667 -3.03891349 -3.42944598 -3.48114491 -3.55384421 -3.63308334 -3.69023895 -3.69695139 -3.66086745 -3.60461760 -3.58775163 -3.63002706 -3.67789984 -3.68426824 -3.67421675 -3.71009588 -3.72351623 -3.73820186 -3.75745869 -3.76467156 -3.75863314 -3.75898218 -3.75818658 -3.75585222 -3.74610901 -3.75401711 -3.85881114 -3.64091420 -3.16529250 -2.84085846 -1.90527523 -0.54527283 -0.30011454 -0.29338160 -0.29529074 -0.29703358 -0.30054358 -0.30311215
-0.25125170 -0.25315216 -0.25173408 -0.25181499 -0.25255677 -0.25326955 -0.25419641 -0.25269726 -0.25515813 -0.25206429 -0.24993069 -0.24704298 -0.24193989 -0.24063000 -0.26292816 -0.75469911 -1.28476703 -1.51285303 -1.57059586 -1.77547574 -2.58840561 -3.28584886 -3.44129634 -3.49168253 -3.56224775 -3.62123585 -3.65762210 -3.66097522 -3.61506939 -3.56071496 -3.54804921 -3.57907748 -3.63290644 -3.64703965 -3.65543222 -3.70085549 -3.70712256 -3.71615720 -3.72782207 -3.73066401 -3.72826242 -3.73151112 -3.73217964 -3.72785282 -3.72044444 -3.72688389 -3.97153521 -4.05998850 -3.57414746 -3.11073494 -2.02203703 -0.62382227 -0.32823068 -0.29727563 -0.29448500 -0.29720658 -0.29947990 -0.30100852
-0.24740882 -0.24880435 -0.25059471 -0.25044224 -0.25100836 -0.25001919 -0.25022700 -0.25137573 -0.24933676 -0.24910101 -0.24781974 -0.24386987 -0.23937218 -0.23911107 -0.32426351 -0.90649050 -1.32103705 -1.54127514 -1.75469828 -2.32706547 -3.07740402 -3.41651154 -3.48088622 -3.53741074 -3.60261011 -3.64455152 -3.66820884 -3.67708182 -3.62892461 -3.56529570 -3.53583074 -3.54196405 -3.60104489 -3.64224625 -3.67707968 -3.71486950 -3.71676421 -3.72162986 -3.73179722 -3.73389292 -3.72854447 -3.73523879 -3.73384523 -3.73216844 -3.71324110 -3.71685910 -3.96184850 -4.16826296 -3.77556252 -3.38634133 -2.30869031 -0.92692012 -0.38041189 -0.29676953 -0.29909068 -0.29948696 -0.30274898 -0.30184394
-0.24557754 -0.24700092 -0.24882336 -0.24917869 -0.24736074 -0.24656068 -0.24774656 -0.24622844 -0.24732509 -0.24361999 -0.24187648 -0.24046022 -0.23642951 -0.24203785 -0.42301059 -0.89833641 -1.17640269 -1.51760328 -1.93754387 -2.80395675 -3.31105351 -3.47078443 -3.52799082 -3.59681988 -3.64673662 -3.67926478 -3.70590568 -3.72320342 -3.69835973 -3.64068580 -3.57133627 -3.52631545 -3.58233452 -3.65525675 -3.72275591 -3.75091887 -3.74971533 -3.76047540 -3.75967312 -3.75757027 -3.74736094 -3.75842905 -3.76078773 -3.75667381 -3.73656440 -3.74152589 -3.88905120 -4.05787420 -3.74112272 -3.52245903 -2.67629361 -1.33372569 -0.45833027 -0.29683650 -0.29561830 -0.29865366 -0.30233830 -0.30091918
-0.24207400 -0.24375980 -0.24556535 -0.24610190 -0.24646199 -0.24223450 -0.24008395 -0.24295124 -0.24211489 -0.24026614 -0.23727416 -0.23675133 -0.23570320 -0.23120792 -0.42013469 -0.72088706 -1.03008759 -1.41123545 -2.11007309 -3.12129760 -3.40362668 -3.46776009 -3.55112863 -3.62752366 -3.66435933 -3.68699169 -3.71013999 -3.74914169 -3.75063324 -3.72094035 -3.62376642 -3.53139734 -3.55297232 -3.65034008 -3.73491883 -3.76805329 -3.77187490 -3.77996731 -3.77189112 -3.76648760 -3.75771713 -3.76398253 -3.75918865 -3.75130439 -3.72222114 -3.72015119 -3.76222944 -3.82193446 -3.51476431 -3.38811970 -2.91074920 -1.68415368 -0.51529157 -0.29741371 -0.29329088 -0.29355344 -0.29941231 -0.29916951
-0.24247275 -0.24168885 -0.24286251 -0.24454257 -0.24340911 -0.24187958 -0.23954447 -0.23827301 -0.23623896 -0.23639382 -0.23378745 -0.23205630 -0.23205066 -0.20136911 -0.34375671 -0.51925182 -0.99456924 -1.40545416 -2.38130927 -3.29465532 -3.39923263 -3.45136952 -3.54786420 -3.62785482 -3.66127825 -3.68127036 -3.70275402 -3.74254227 -3.76083112 -3.74581075 -3.64964151 -3.55512619 -3.54380774 -3.63168359 -3.71618724 -3.75549722 -3.77661371 -3.77869058 -3.77459097 -3.76013064 -3.75555944 -3.75155973 -3.74243212 -3.72158360 -3.69320631 -3.68713069 -3.69473314 -3.63649130 -3.24666834 -3.15333486 -2.99903202 -1.89201570 -0.58981138 -0.29979169 -0.29277277 -0.29027084 -0.29496491 -0.29920226
-0.24067859 -0.24124929 -0.24312828 -0.24203137 -0.24311170 -0.24316381 -0.23820759 -0.23709674 -0.23446098 -0.23257956 -0.23177257 -0.22936010 -0.22747971 -0.16763124 -0.14875914 -0.31785682 -0.87134928 -1.38272715 -2.59229469 -3.36950612 -3.39994693 -3.44686842 -3.53999043 -3.61395764 -3.64915299 -3.67092896 -3.68879223 -3.71012139 -3.73450255 -3.72668982 -3.66050053 -3.58277011 -3.54888678 -3.60746455 -3.67780852 -3.72071695 -3.75759125 -3.76532435 -3.76216984 -3.75073338 -3.74965477 -3.74423885 -3.73343992 -3.69767499 -3.67951965 -3.66307855 -3.66785669 -3.44905925 -2.94528747 -2.88547325 -2.99588180 -1.97125614 -0.58577371 -0.30029050 -0.29053468 -0.29164246 -0.29782486 -0.29724428
-0.24281053 -0.24303839 -0.24439782 -0.24584492 -0.24472679 -0.24612543 -0.24128896 -0.23898420 -0.23492861 -0.23138055 -0.23286714 -0.23095688 -0.22723383 -0.13934532 -0.06409703 -0.25875393 -0.77726120 -1.42144048 -2.71120310 -3.38486528 -3.41724014 -3.45289421 -3.52817988 -3.60351419 -3.65098500 -3.67886138 -3.69234633 -3.70280337 -3.72042418 -3.71182323 -3.66607714 -3.60090232 -3.56174064 -3.60071087 -3.64706731 -3.69213986 -3.73347020 -3.74777102 -3.75276351 -3.75224161 -3.75588322 -3.75966668 -3.73835397 -3.69840741 -3.68211126 -3.64880991 -3.64590621 -3.27440071 -2.76522970 -2.72879076 -2.88108754 -1.83563542 -0.48823705 -0.29492339 -0.29091832 -0.29519561 -0.29708594 -0.30080667
-0.24102594 -0.24384752 -0.24405217 -0.24621071 -0.24391025 -0.24387562 -0.24203919 -0.23757532 -0.23607562 -0.23165874 -0.23092811 -0.22832984 -0.22879212 -0.14140569 -0.11266759 -0.35518888 -0.81771421 -1.46110678 -2.83113194 -3.41419148 -3.44062281 -3.46321249 -3.52059674 -3.59629393 -3.66035008 -3.69924235 -3.71807313 -3.72831488 -3.73294020 -3.71312213 -3.67036176 -3.61104321 -3.57448316 -3.60206199 -3.63889384 -3.67645979 -3.71315241 -3.73066592 -3.73777652 -3.74996567 -3.75917816 -3.76811266 -3.74181819 -3.71666455 -3.70360041 -3.66844988 -3.68048143 -3.23031807 -2.73516560 -2.66561508 -2.77398372 -1.59117699 -0.39534825 -0.28227389 -0.28805298 -0.29026461 -0.30133012 -0.30060640
-0.24002121 -0.23970230 -0.24299921 -0.24349782 -0.24339025 -0.24046405 -0.23699707 -0.23278689 -0.23083346 -0.22884832 -0.22749597 -0.22624013 -0.22523715 -0.16978569 -0.20923568 -0.49866024 -0.94058299 -1.58554280 -2.97753453 -3.44496369 -3.46199632 -3.46261597 -3.50764322 -3.58347988 -3.65338016 -3.70043612 -3.72609162 -3.74298406 -3.74544144 -3.71482182 -3.65834355 -3.58828473 -3.55969286 -3.57726169 -3.61530638 -3.65032506 -3.68512440 -3.69824719 -3.71425009 -3.73386478 -3.74034667 -3.74627137 -3.71816397 -3.69864464 -3.68156958 -3.66319966 -3.71650696 -3.31084871 -2.86081529 -2.72609401 -2.69174242 -1.42465472 -0.33804566 -0.27891248 -0.27780801 -0.28301063 -0.29015109 -0.29564077
-0.23497881 -0.23515591 -0.23615000 -0.24038705 -0.23869109 -0.23730683 -0.23317024 -0.22763714 -0.22517419 -0.22122473 -0.21955651 -0.22126913 -0.21995321 -0.14380665 -0.19026187 -0.55913836 -1.03277957 -1.77858853 -3.13364482 -3.46766353 -3.46771026 -3.45736980 -3.48411918 -3.55178475 -3.61860824 -3.66904140 -3.69612217 -3.72281599 -3.73570609 -3.71183586 -3.64866638 -3.57690406 -3.54338455 -3.55323505 -3.58899260 -3.62103176 -3.65099335 -3.66737032 -3.68701315 -3.71101522 -3.71831036 -3.71261764 -3.68945885 -3.67234015 -3.64616919 -3.63813853 -3.75301933 -3.36386681 -2.89184523 -2.83936310 -2.68042660 -1.30292749 -0.33105457 -0.27454647 -0.27402642 -0.27534992 -0.28107244 -0.28983346
-0.23484556 -0.23506758 -0.23657279 -0.23922648 -0.23968707 -0.23853637 -0.23699020 -0.23222946 -0.22705604 -0.22290152 -0.22135891 -0.22024651 -0.21358661 -0.07954034 -0.04043257 -0.48522016 -1.04282284 -1.92149758 -3.27876258 -3.49316835 -3.48907948 -3.47399235 -3.47899508 -3.52143359 -3.57409596 -3.60916615 -3.63772011 -3.67003489 -3.70400167 -3.70746017 -3.65806293 -3.59910917 -3.55180669 -3.55464053 -3.58947945 -3.61705542 -3.64209342 -3.65981102 -3.67617941 -3.69981027 -3.70808530 -3.69511032 -3.68140745 -3.66972733 -3.64310837 -3.61741281 -3.73917294 -3.40422630 -2.89755893 -2.91768050 -2.69561791 -1.26187468 -0.31715459 -0.27772045 -0.27913859 -0.27617061 -0.28173524 -0.29048631
-0.23797175 -0.23964733 -0.23814973 -0.24076481 -0.24258640 -0.24440303 -0.24375626 -0.24025613 -0.23571230 -0.22948474 -0.22579215 -0.22313565 -0.21121275 0.01043478 0.22071825 -0.21960659 -0.88723654 -1.93049467 -3.35108471 -3.51104689 -3.51418614 -3.49551034 -3.49260092 -3.51110125 -3.53877258 -3.55225086 -3.56455660 -3.59619665 -3.63171935 -3.64844060 -3.63167715 -3.60167837 -3.55207920 -3.54013252 -3.57377100 -3.61464977 -3.63563514 -3.64548421 -3.65481806 -3.67898631 -3.68860388 -3.68338561 -3.66885018 -3.66439629 -3.63398647 -3.59258127 -3.69383001 -3.31976342 -2.86506367 -2.99387360 -2.81603765 -1.25960243 -0.31566802 -0.28461257 -0.28461394 -0.28527671 -0.28635415 -0.29422134
-0.24163483 -0.24134648 -0.24101517 -0.24172629 -0.24279071 -0.24454278 -0.24541947 -0.24554130 -0.24002725 -0.23586713 -0.22982417 -0.22847897 -0.20973125 0.03078587 0.49744931 0.13896908 -0.54717660 -1.78451598 -3.30094051 -3.49240303 -3.51108265 -3.50546026 -3.49237800 -3.49840736 -3.50822926 -3.51542330 -3.51854277 -3.53194451 -3.54096913 -3.54917860 -3.55143166 -3.53384376 -3.50065136 -3.47552276 -3.50849104 -3.56389475 -3.59749937 -3.59499454 -3.59654713 -3.61835504 -3.63338637 -3.64320993 -3.65173984 -3.63495255 -3.58245969 -3.54581451 -3.54497504 -3.02672935 -2.67419696 -2.98049259 -2.80749512 -1.27752495 -0.31712237 -0.28723347 -0.29007953 -0.29123786 -0.29248795 -0.29720169
-0.23917034 -0.24125566 -0.24048929 -0.23948359 -0.24134386 -0.24279305 -0.24399947 -0.24307109 -0.23944461 -0.23359644 -0.22941805 -0.22685313 -0.21134111 -0.02280040 0.64718699 0.45508304 -0.14463288 -1.53846693 -3.10629296 -3.51035738 -3.54405236 -3.55111170 -3.53475642 -3.53005552 -3.53790975 -3.54740214 -3.55113101 -3.55762339 -3.54137397 -3.54070735 -3.54410124 -3.51904869 -3.48044705 -3.44961500 -3.47310615 -3.52693629 -3.57169771 -3.56998110 -3.57559299 -3.58416843 -3.59624434 -3.62423897 -3.65125275 -3.64560366 -3.57226682 -3.54455066 -3.35608983 -2.65572762 -2.45450377 -2.92580843 -2.62068033 -1.08811903 -0.29662842 -0.28593311 -0.28834754 -0.29278934 -0.29260650 -0.29635674
-0.25234094 -0.24708006 -0.24409059 -0.24692470 -0.23843622 -0.24079362 -0.24022663 -0.24063674 -0.24392843 -0.25826585 -0.26778707 -0.24976699 -0.24430978 -0.10230035 0.61427325 0.72837567 0.29339689 -1.14583588 -2.78651142 -3.56137466 -3.58782983 -3.60367990 -3.60146761 -3.58836126 -3.59823084 -3.60335565 -3.61168766 -3.61659765 -3.60559154 -3.60646510 -3.59897041 -3.55897832 -3.50848770 -3.48609138 -3.50398231 -3.54385853 -3.58273172 -3.59508443 -3.60859919 -3.60960412 -3.61251450 -3.63159561 -3.66849160 -3.67318797 -3.61253357 -3.54982352 -3.13306117 -2.46125579 -2.44467235 -2.90542412 -2.27108431 -0.75800335 -0.28279516 -0.28079739 -0.28206450 -0.28507301 -0.28674871 -0.28994650
-0.41634840 -0.31762362 -0.12653108 -0.09612029 -0.11753755 -0.22468404 -0.33170214 -0.36027098 -0.40363002 -0.52197206 -0.60261279 -0.58709908 -0.58191431 -0.45180792 0.24917999 0.93018097 0.85030681 -0.37295604 -2.20145631 -3.43568134 -3.61819410 -3.62122869 -3.63698626 -3.63704038 -3.63938785 -3.64049053 -3.64247680 -3.64924908 -3.65244150 -3.65632725 -3.63368058 -3.57647228 -3.53118300 -3.51521039 -3.52954006 -3.57004881 -3.59956288 -3.61191607 -3.63466024 -3.63814664 -3.63227415 -3.64083600 -3.66945910 -3.67106724 -3.65818644 -3.53750730 -2.90490556 -2.39027190 -2.49831104 -2.84368062 -1.87282968 -0.50327486 -0.27586219 -0.27650303 -0.27813673 -0.27902535 -0.28190628 -0.28360775
-1.64273834 -1.56461620 -1.06170261 -0.59566188 -0.37908429 -0.51436347 -0.87430120 -1.25797904 -1.57197165 -1.86581957 -2.11625123 -2.22721910 -2.36240697 -2.31033707 -1.73029375 -0.48171812 0.30083930 0.06770485 -1.48824394 -2.98498368 -3.52763700 -3.58275342 -3.60716367 -3.62595916 -3.63007021 -3.63256526 -3.63213086 -3.63110304 -3.64233279 -3.65276694 -3.62271523 -3.56394053 -3.51492667 -3.49703646 -3.49605942 -3.53395581 -3.57830358 -3.59659624 -3.61074877 -3.61653972 -3.61118531 -3.61290860 -3.63998532 -3.63674688 -3.65702701 -3.47938347 -2.73551464 -2.37423539 -2.50922394 -2.65375924 -1.47458589 -0.35789132 -0.27542898 -0.27592668 -0.27772832 -0.28129029 -0.28276482 -0.28637859
-2.83759379 -3.10263157 -3.13898182 -2.78186059 -2.27791905 -2.13228846 -2.20159888 -2.58549619 -2.89741373 -3.22085333 -3.48304987 -3.70819592 -3.98030972 -4.08378124 -3.91733813 -3.01277852 -1.85921049 -0.93265283 -1.26731181 -2.52016425 -3.28800583 -3.49053121 -3.52971697 -3.55967355 -3.57502675 -3.58134246 -3.57976604 -3.57632494 -3.59075236 -3.59346676 -3.56906223 -3.53327632 -3.49172163 -3.46500158 -3.44404173 -3.46679568 -3.52404642 -3.54678106 -3.55305934 -3.55921698 -3.56305003 -3.56852221 -3.58224344 -3.57380033 -3.58733177 -3.39012241 -2.68613410 -2.44686222 -2.59273553 -2.35747337 -1.06200671 -0.30591473 -0.27584448 -0.27602383 -0.27976781 -0.28346974 -0.28844678 -0.28952017
-2.57391787 -3.46427798 -4.55106926 -4.70794153 -4.33512640 -3.71831226 -3.25792599 -3.19254375 -3.36623383 -3.61230946 -3.72735047 -3.86011100 -4.06171989 -4.16783905 -4.39135313 -4.35573006 -3.82277703 -2.74721265 -2.00294900 -2.51896977 -3.19100618 -3.44463754 -3.48576856 -3.51940322 -3.53860331 -3.54840159 -3.54565072 -3.54349613 -3.55786467 -3.55678964 -3.54246402 -3.54309845 -3.52127314 -3.48659873 -3.43875718 -3.45120955 -3.49967074 -3.52282333 -3.53086185 -3.53836560 -3.54653263 -3.54528689 -3.53232193 -3.49812484 -3.36124945 -3.04463577 -2.62028956 -2.63120413 -2.73422122 -2.06610656 -0.69696677 -0.28038892 -0.27447706 -0.27602881 -0.27749372 -0.28085950 -0.28650990 -0.29134658
-2.00545001 -3.16626143 -4.23724031 -4.69171810 -4.62352943 -4.13221169 -3.64966583 -3.41342711 -3.46022844 -3.58237362 -3.60964108 -3.60911655 -3.67381120 -3.73866653 -3.92243600 -4.20025730 -4.23666763 -3.81084657 -3.02389884 -2.81174302 -3.23764491 -3.43841314 -3.45129251 -3.47898650 -3.49728131 -3.50914145 -3.49402928 -3.49092293 -3.50194240 -3.50905824 -3.52625966 -3.54612207 -3.52985954 -3.50382113 -3.45054889 -3.45858788 -3.49839640 -3.51778173 -3.52622890 -3.53498697 -3.54957891 -3.54527044 -3.51676154 -3.26936746 -2.78820992 -2.32519293 -2.35206723 -2.61516690 -2.65809894 -1.64224231 -0.45954555 -0.27446073 -0.27631804 -0.27573264 -0.27663684 -0.27926019 -0.28169003 -0.29033509
-1.55016422 -2.65988111 -3.40911913 -3.78846002 -4.01243353 -3.89803243 -3.53333640 -3.30562735 -3.21635461 -3.21463704 -3.19884753 -3.19724703 -3.21505141 -3.22612405 -3.25862694 -3.43582392 -3.64526939 -3.70535755 -3.52853608 -3.21022272 -3.23719692 -3.39084339 -3.39880443 -3.41558743 -3.43258333 -3.45249605 -3.43384194 -3.40444422 -3.40018153 -3.42080379 -3.46753454 -3.49875450 -3.49308443 -3.46050358 -3.43274188 -3.44926715 -3.46800232 -3.48053551 -3.48879910 -3.49058127 -3.50802255 -3.50462294 -3.47542620 -3.05433989 -2.22141623 -1.72251570 -1.95136762 -2.17135000 -2.13426805 -1.13186312 -0.33088756 -0.26945087 -0.27631989 -0.27761871 -0.28038985 -0.27637357 -0.28226849 -0.28785935
-1.36737585 -2.64095545 -3.18992972 -3.22236681 -3.25112486 -3.30893326 -3.28105831 -3.14888215 -3.01229620 -2.91765904 -2.92464566 -2.94184828 -2.99495912 -3.03525186 -3.02375889 -3.06218433 -3.13945532 -3.20959377 -3.27576351 -3.24825001 -3.23389268 -3.28524637 -3.29864717 -3.30071998 -3.32784963 -3.37113738 -3.38566303 -3.35978055 -3.32772923 -3.33118534 -3.37675047 -3.41187501 -3.43193722 -3.41116214 -3.39945221 -3.41715860 -3.42360926 -3.42934823 -3.43091393 -3.42488909 -3.42443156 -3.40110445 -3.42558360 -3.21432066 -2.51943135 -2.00379419 -1.75229180 -1.68320632 -1.30181384 -0.66905659 -0.29902756 -0.26989597 -0.27288300 -0.27906436 -0.28050229 -0.28323653 -0.28138971 -0.28955537
-0.61035800 -2.22657347 -3.08839631 -3.25641465 -3.23224688 -3.13051939 -2.94156575 -2.69023252 -2.36335373 -2.08095384 -1.94484210 -1.79872525 -1.76527214 -1.82901132 -1.89254737 -1.95674348 -2.04995990 -2.15916443 -2.23432088 -2.32483125 -2.43978882 -2.50420332 -2.52468705 -2.56609511 -2.62138200 -2.70514870 -2.78409839 -2.87024307 -2.91215539 -2.95394230 -3.02231932 -3.19127607 -3.29089689 -3.23320961 -3.15806055 -3.14628124 -3.17958641 -3.22567415 -3.27236676 -3.34194469 -3.34434485 -3.27613211 -3.30726814 -3.41939950 -3.15814900 -2.75314116 -2.26475263 -1.67763615 -0.85251939 -0.48679549 -0.32940093 -0.31368771 -0.30991584 -0.31332362 -0.31623495 -0.31290668 -0.31286901 -0.31938162
0.89253724 -0.65036345 -1.82972658 -2.40828562 -2.56168818 -2.41858721 -2.02535510 -1.63675201 -1.30723441 -1.08427787 -0.74951565 -0.34813374 -0.10353770 -0.04518547 -0.06431151 -0.10227098 -0.17667961 -0.24612534 -0.30283448 -0.39946350 -0.50748950 -0.57102102 -0.65839916 -0.74896288 -0.80383497 -0.84103769 -0.91375798 -1.04145193 -1.17149413 -1.31006432 -1.47103322 -1.81603301 -2.05698872 -2.05357528 -2.01030135 -2.01836133 -2.03308773 -2.09060955 -2.20252347 -2.35651994 -2.46112847 -2.48618126 -2.56723094 -2.68544936 -2.87330937 -3.05571699 -2.80586934 -2.01172400 -0.90297383 -0.51627409 -0.44847199 -0.42184734 -0.42062795 -0.45528457 -0.45826116 -0.42421573 -0.39979663 -0.38216788
