-0.42587727 -0.57133943 -0.62831724 -0.79926771 -0.84836572 -0.85541683 -0.75984317 -0.64333320 -0.55358881 -0.51967824 -0.58567375 -0.53009623 -0.52348322 -0.57643324 -0.50998390 -0.51695216 -0.54173726 -0.53982967 -0.47398934 -0.45865813 -0.44467059 -0.44460252 -0.44712880 -0.45176306 -0.45709038 -0.45880309 -0.45300370 -0.45123252 -0.44875696 -0.45159599 -0.45148829 -0.45260718 -0.45154309 -0.45208189 -0.44841030 -0.44520345 -0.44431230 -0.44538042 -0.43783092 -0.52127343 -1.20621157 -1.71835709 -1.85850310 -2.31953573 -2.66881537 -2.61612225 -2.57759786 -2.67066216 -2.56429529 -2.10278058 -1.82533050 -1.94723582 -2.39838004 -3.03415799 -3.30504847 -3.49142599 -3.20484710 -2.62817311
-0.45061219 -0.64249021 -0.80899066 -0.91019118 -0.85178584 -0.89219397 -1.04301310 -0.91965586 -0.98395914 -0.92047459 -0.85350168 -0.84578478 -0.79230464 -0.78246009 -0.80440003 -0.79310554 -0.72342706 -0.61853212 -0.52801591 -0.45116267 -0.44057596 -0.44174239 -0.44763499 -0.45166621 -0.45526367 -0.45531973 -0.45435774 -0.45483667 -0.45597348 -0.45740965 -0.45942867 -0.45835960 -0.45704517 -0.45519164 -0.45316842 -0.45113081 -0.45043248 -0.45038542 -0.48636976 -0.72999841 -1.41580129 -1.37235808 -1.22645891 -1.66664326 -1.93929255 -2.03330517 -2.49115109 -3.24466443 -3.84445643 -4.08780861 -4.08425140 -4.14070177 -4.29184008 -4.19714594 -4.08664894 -3.75372100 -2.70041108 -1.52362442
-0.46648130 -0.57928336 -0.39563015 -0.51393074 -0.45233101 -0.78400958 -1.00860202 -1.16834474 -1.37387967 -1.33770454 -1.31758189 -1.32289219 -1.22316730 -1.21831155 -1.46542859 -1.32533348 -1.10117340 -0.87606609 -0.61513770 -0.47823435 -0.43841344 -0.44070408 -0.44404563 -0.44973508 -0.45351967 -0.45695221 -0.45759529 -0.46037161 -0.46058112 -0.46158576 -0.46121147 -0.46383697 -0.46389747 -0.46215883 -0.45882779 -0.45807531 -0.45386824 -0.46747348 -0.56958663 -1.19423413 -1.76640058 -1.44800222 -1.57935822 -1.83761895 -1.64729464 -1.68259609 -2.14089680 -2.78481579 -3.50482893 -4.08305407 -4.33043098 -4.30443382 -4.16964579 -3.77639985 -3.26016927 -2.51968193 -1.36190343 -0.74220490
-0.51758665 -0.54608428 -0.41775569 -0.47049811 -0.38802344 -0.72704649 -0.49746192 -0.86336970 -0.93828887 -1.14584851 -1.03420413 -1.02234530 -1.01759434 -1.10491872 -1.43900442 -1.17646241 -1.16864586 -0.89070272 -0.62911564 -0.48568410 -0.43195722 -0.43480223 -0.43948090 -0.44352576 -0.44853017 -0.45113564 -0.45296609 -0.45282209 -0.45584187 -0.45618924 -0.45659640 -0.45775339 -0.45753878 -0.45765340 -0.45668384 -0.45249206 -0.44490135 -0.48318598 -0.90974593 -1.79094231 -2.00156546 -1.84309542 -2.26802135 -2.15527010 -1.71654391 -1.70318294 -1.82229233 -1.96650052 -2.18581080 -2.52477789 -2.71944737 -2.67946267 -2.46087098 -2.06608415 -1.73595214 -1.35512292 -0.79310614 -0.42538533
-0.43516755 -0.55653399 -0.45895255 -0.51537222 -0.67319047 -0.74742258 -0.27101976 -0.22219837 -0.18617865 -0.31629688 -0.23637766 -0.31365430 -0.29006770 -0.44071344 -0.53511196 -0.57280833 -0.42708004 -0.37212053 -0.47139910 -0.43388286 -0.43066633 -0.43006480 -0.43383628 -0.43706012 -0.43662459 -0.43803203 -0.44090191 -0.44235623 -0.44298375 -0.44488665 -0.44647229 -0.44651431 -0.44418594 -0.44545183 -0.44272652 -0.43827292 -0.46376789 -0.65215427 -1.45488334 -2.08306384 -2.13545561 -2.34552526 -2.53481531 -2.19063163 -1.84967530 -1.83123636 -1.80933285 -1.76002097 -1.70468092 -1.66849613 -1.66600633 -1.63091493 -1.55709648 -1.53780723 -1.38638222 -0.88624716 -0.43177527 -0.09936803
-0.41566169 -0.56752241 -0.36524206 -0.18731004 -0.14473149 -0.19539112 0.13292870 0.19654611 0.38698933 0.08829111 0.17757568 0.24010834 0.29494643 0.06756876 0.08073337 0.09974501 0.12388995 0.09184172 -0.19908598 -0.48518980 -0.42650610 -0.42889017 -0.43051124 -0.42940405 -0.43115655 -0.43284607 -0.43244594 -0.43309355 -0.43391180 -0.43468052 -0.43288913 -0.43506747 -0.43653357 -0.43331158 -0.42797941 -0.43601421 -0.55748904 -1.14576972 -2.04391718 -2.13004756 -2.26725507 -2.61005211 -2.42812753 -1.98672783 -1.83548975 -1.88770807 -1.79741621 -1.65989065 -1.61387074 -1.57788992 -1.51564336 -1.47774756 -1.46892786 -1.51414800 -1.47433960 -0.92031401 -0.49133319 -0.09907245
-0.45732933 -0.53619939 -0.35637712 -0.07150936 -0.16561148 -0.23508874 -0.05067895 0.06361067 0.09030987 -0.24268043 -0.05263606 0.09423218 0.00716787 -0.13263583 0.02417862 -0.08376452 -0.03050619 0.04386161 -0.36941841 -0.44573769 -0.43472177 -0.43347535 -0.43460834 -0.43630847 -0.43634087 -0.43703663 -0.43490788 -0.43453941 -0.43403125 -0.43475053 -0.43756190 -0.43518937 -0.43286681 -0.43021205 -0.47270611 -0.59171844 -1.03272021 -1.88301301 -2.22881961 -2.23129559 -2.47817159 -2.43695998 -1.94884419 -1.67940557 -1.65594161 -1.68965971 -1.65065920 -1.58374369 -1.57925463 -1.58526158 -1.54323506 -1.48894095 -1.44712424 -1.52196109 -1.55510759 -1.18655074 -0.86305523 -0.50391465
-0.49946374 -0.53122908 -0.49901181 -0.60919803 -0.59310114 -0.53703254 -0.61568320 -0.56788927 -0.43711162 -0.58392262 -0.48307624 -0.37041637 -0.47584531 -0.45076060 -0.49830449 -0.63051832 -0.36033666 -0.35160953 -0.56678355 -0.47399607 -0.44287977 -0.44489121 -0.44614124 -0.44758400 -0.44531772 -0.44329801 -0.44239452 -0.44477013 -0.44550490 -0.44788736 -0.44361472 -0.43984136 -0.45017895 -0.57554436 -0.76073748 -1.21042347 -1.90031195 -2.48142934 -2.57652593 -2.47521949 -2.43610239 -2.02204561 -1.62070417 -1.50874543 -1.53494370 -1.53973234 -1.44588745 -1.37839174 -1.47767425 -1.53263211 -1.47065604 -1.42601633 -1.45065391 -1.51969850 -1.54573786 -1.38267744 -1.14188159 -0.71892524
-0.42361939 -0.51090604 -0.62142694 -0.69741750 -0.59507382 -0.62735689 -0.62905204 -0.57120031 -0.55140501 -0.63256443 -0.57201666 -0.54916477 -0.57499510 -0.58732170 -0.64258611 -0.60188311 -0.50665003 -0.52327120 -0.49715441 -0.43257377 -0.45101821 -0.45317143 -0.45906982 -0.45685619 -0.45582914 -0.45504919 -0.45226964 -0.44917196 -0.45222822 -0.45169479 -0.44540960 -0.46673626 -0.61644858 -1.09903133 -1.76142430 -2.49188781 -3.06845760 -3.24586487 -2.95171785 -2.67031741 -2.17839599 -1.66749895 -1.51855791 -1.50629544 -1.58664930 -1.56204593 -1.25172162 -0.91644841 -1.00714362 -1.00398147 -0.93583333 -1.17818749 -1.40507770 -1.43336642 -1.57387209 -1.50518358 -1.01516759 -0.57223004
-0.41272044 -0.43559772 -0.47922117 -0.45977148 -0.43796247 -0.45039952 -0.45323953 -0.45403510 -0.46068779 -0.47189409 -0.46902901 -0.48175576 -0.47998068 -0.50651324 -0.48974827 -0.48120344 -0.47167838 -0.47156000 -0.45289895 -0.45364574 -0.45481932 -0.45977631 -0.46062201 -0.46093419 -0.46216068 -0.45709223 -0.45355347 -0.45286959 -0.44825032 -0.44577348 -0.45695442 -0.55826366 -1.09243631 -1.97784007 -2.67350650 -3.19747448 -3.63871074 -3.43712330 -2.85444260 -2.29637933 -1.81169105 -1.58128512 -1.53322136 -1.53007913 -1.58442438 -1.46920967 -0.81666791 -0.31444207 -0.29011941 -0.26054674 -0.33891645 -0.71636391 -1.09630418 -1.00105035 -1.19379413 -1.11542451 -0.49334869 -0.30596319
-0.40853706 -0.41141993 -0.41491181 -0.41644767 -0.41767782 -0.42124587 -0.42390668 -0.42480022 -0.42458904 -0.42506340 -0.42879656 -0.42970115 -0.43346637 -0.43743917 -0.44091547 -0.44556218 -0.44910669 -0.44727656 -0.45081982 -0.45312840 -0.45824412 -0.46134263 -0.46295872 -0.46325308 -0.46178648 -0.45850399 -0.45481107 -0.45285705 -0.45104459 -0.44594547 -0.47205091 -0.87919778 -1.77791536 -2.32519484 -2.69934487 -3.17601299 -3.09607983 -2.43486190 -1.99703026 -1.73494148 -1.54741037 -1.47706437 -1.48335564 -1.46436214 -1.48178828 -1.41328061 -1.02962172 -0.79050004 -0.77189487 -0.81788081 -0.87958366 -0.90461367 -0.83482814 -0.56868517 -0.73403144 -0.58603513 -0.17780739 -0.07964307
-0.40892178 -0.41023532 -0.41242796 -0.41428062 -0.41946754 -0.42176151 -0.42393354 -0.42449254 -0.42556229 -0.42386681 -0.42619583 -0.42935413 -0.43287659 -0.43593347 -0.44081676 -0.44195032 -0.44239712 -0.44454879 -0.44540679 -0.44867989 -0.45245597 -0.45357573 -0.45504898 -0.45570102 -0.45435497 -0.45686981 -0.45643312 -0.45523781 -0.44854155 -0.46108076 -0.61617702 -1.37623596 -2.05785513 -2.26346087 -2.52394366 -2.54037690 -2.00470710 -1.63836265 -1.53528869 -1.47128081 -1.38495922 -1.40012670 -1.40127528 -1.39072108 -1.42158699 -1.58583796 -1.75992084 -1.79286408 -1.96709085 -2.08072615 -2.01065135 -1.71530819 -1.35070872 -1.19587457 -1.31427145 -1.14080751 -0.83818895 -0.40836987
-0.40908819 -0.41205588 -0.41533127 -0.41672271 -0.41703895 -0.42102164 -0.42261809 -0.42304829 -0.42323497 -0.42431021 -0.42675990 -0.43074542 -0.43252590 -0.43259013 -0.43373179 -0.43549791 -0.43878824 -0.43929800 -0.43850961 -0.44078279 -0.44134319 -0.44257417 -0.44527283 -0.44675058 -0.45037737 -0.44983235 -0.45060247 -0.45039910 -0.44746146 -0.47630289 -0.96312058 -1.83139873 -1.96622026 -2.00057101 -2.27121735 -2.09418392 -1.68453443 -1.57700646 -1.54002082 -1.53931534 -1.52358294 -1.51812410 -1.52059281 -1.50401032 -1.57021451 -1.79542601 -1.94831610 -2.07054400 -2.11025929 -2.24590325 -2.32598090 -2.13861060 -1.90895867 -1.87255144 -1.71699882 -1.62587774 -1.31637025 -0.55196679
-0.40730441 -0.41091251 -0.41292423 -0.41367853 -0.41650248 -0.41820773 -0.42168540 -0.42042571 -0.42201933 -0.42389581 -0.42809311 -0.43003285 -0.43057996 -0.43248007 -0.43124542 -0.43139601 -0.43284142 -0.43152103 -0.43027666 -0.43162191 -0.43375188 -0.43575171 -0.43460608 -0.43852016 -0.44153321 -0.44400585 -0.44400975 -0.43879309 -0.45269337 -0.61202568 -1.42285800 -1.91376340 -1.83431470 -2.08995175 -2.22863340 -1.85702229 -1.66739202 -1.67165065 -1.68964243 -1.67921495 -1.66918874 -1.65977621 -1.65722716 -1.63914180 -1.68002760 -1.81227636 -1.85016942 -1.85697269 -1.77973914 -1.70844138 -1.88549650 -1.96804571 -1.98079896 -1.86225975 -1.51272655 -1.19790316 -0.77110016 -0.22599116
-0.41390970 -0.41615668 -0.41678885 -0.41794387 -0.41919678 -0.42237175 -0.42250961 -0.42170158 -0.42104080 -0.42560732 -0.42875701 -0.43244091 -0.43498033 -0.43561581 -0.43805301 -0.43950167 -0.43659765 -0.43528882 -0.43285084 -0.43455127 -0.43653086 -0.43800542 -0.44009915 -0.43809459 -0.43808240 -0.43712041 -0.43414524 -0.42359141 -0.45760551 -0.95717913 -1.80318797 -1.79698455 -1.73413908 -2.16937399 -2.02004957 -1.63853157 -1.60059404 -1.63768518 -1.63348639 -1.62723434 -1.62429535 -1.61726308 -1.61665511 -1.60357928 -1.59103096 -1.61246884 -1.60580909 -1.63650346 -1.54563308 -1.44376469 -1.55621719 -1.67558444 -1.65915596 -1.54138613 -1.08509195 -0.55270821 -0.21919936 0.10011106
-0.42244253 -0.42216480 -0.42411110 -0.42438614 -0.42662737 -0.42620334 -0.42735717 -0.42795274 -0.42866433 -0.42961586 -0.43161550 -0.43441394 -0.43631256 -0.43962029 -0.44234076 -0.44257551 -0.44092944 -0.44069064 -0.44161028 -0.44162270 -0.44325703 -0.44326001 -0.44228679 -0.44206446 -0.44267079 -0.43614820 -0.42591587 -0.46778381 -0.70015466 -1.53320312 -1.93542135 -1.74772692 -2.12237763 -2.19536924 -1.73418486 -1.56131601 -1.59558725 -1.59125829 -1.58122122 -1.58003581 -1.58105338 -1.57627535 -1.57284427 -1.57667005 -1.57438731 -1.55599177 -1.52320457 -1.50952768 -1.50992572 -1.50046313 -1.49540472 -1.48838484 -1.45497477 -1.32494104 -0.89547241 -0.42857030 -0.08284852 0.30576152
-0.42524827 -0.42785442 -0.42893934 -0.43102664 -0.43335679 -0.43346819 -0.43528491 -0.43566296 -0.43625587 -0.43839824 -0.44161534 -0.44173786 -0.44470894 -0.44536167 -0.44752172 -0.44652015 -0.44753963 -0.44595668 -0.44596797 -0.44841632 -0.44792342 -0.44613934 -0.44664121 -0.44463500 -0.43945193 -0.43473497 -0.48565152 -0.72462809 -1.41835380 -2.18162203 -2.08656573 -2.16962242 -2.40484929 -2.06534719 -1.64057624 -1.58361924 -1.60994041 -1.60094607 -1.58971941 -1.58638549 -1.58682489 -1.58574927 -1.58009517 -1.58478904 -1.59202385 -1.58386409 -1.56247520 -1.54500222 -1.53316522 -1.50924456 -1.47577584 -1.44407451 -1.37925029 -1.19637847 -0.78994769 -0.44599578 -0.09740469 0.29214558
-0.42986664 -0.43115139 -0.43548790 -0.43539432 -0.43546927 -0.43928495 -0.43969557 -0.44257760 -0.44370270 -0.44524679 -0.44778198 -0.45173785 -0.45372772 -0.45182177 -0.44981408 -0.44886386 -0.44393438 -0.44491714 -0.44800040 -0.44866058 -0.44805551 -0.44872147 -0.44886857 -0.44523117 -0.43887550 -0.49029240 -0.73827010 -1.45859921 -2.32398343 -2.49469471 -2.56456017 -2.69594693 -2.35829711 -1.75301290 -1.55473018 -1.56894672 -1.57743967 -1.56928182 -1.56610513 -1.57484055 -1.58221245 -1.57589662 -1.56907189 -1.57651448 -1.57903051 -1.58388507 -1.57698798 -1.56420743 -1.53023076 -1.43837881 -1.30567408 -1.12408519 -0.90814751 -0.54056525 -0.11810296 0.13350666 0.37054470 0.49818748
-0.43188962 -0.43203059 -0.43398955 -0.43507895 -0.43773195 -0.43954003 -0.44052616 -0.44072908 -0.44424239 -0.44766432 -0.45309237 -0.45561776 -0.45650697 -0.45222706 -0.44795358 -0.44380239 -0.44154951 -0.44084382 -0.44475839 -0.44713470 -0.44728577 -0.44798440 -0.44875643 -0.44668055 -0.51536852 -0.74575847 -1.44587171 -2.29491091 -2.62502909 -2.86956596 -2.80875397 -2.51515484 -1.96357465 -1.55960381 -1.50208139 -1.51279366 -1.52629757 -1.53309560 -1.53673017 -1.54433179 -1.54665077 -1.54430509 -1.54658914 -1.54683518 -1.54642999 -1.55313253 -1.54875195 -1.53940451 -1.45581257 -1.16013455 -0.69911218 -0.21646851 0.31131518 0.81093025 1.06110942 1.04470217 1.08448744 0.52930868
-0.42887744 -0.42913440 -0.43001756 -0.43112287 -0.43197489 -0.43603942 -0.43840289 -0.44118008 -0.44104502 -0.44332507 -0.44748184 -0.45078585 -0.44765142 -0.44617242 -0.44478908 -0.44293201 -0.44086742 -0.44107050 -0.44191676 -0.44386318 -0.44521439 -0.44559813 -0.46810743 -0.58690178 -0.85482502 -1.51315963 -2.29464912 -2.64525628 -2.90382552 -2.82000995 -2.43709826 -1.94022274 -1.57606483 -1.47129524 -1.48233652 -1.48733568 -1.50190079 -1.51414955 -1.52804863 -1.53282881 -1.53218806 -1.53530657 -1.53592849 -1.53244841 -1.52683866 -1.52792716 -1.51922166 -1.51085889 -1.37697744 -0.81901443 -0.10605278 0.53087896 1.17071664 1.64951742 1.59122205 1.32250810 0.92451084 0.19342980
-0.42199579 -0.42154640 -0.42506531 -0.42597911 -0.43080264 -0.43314260 -0.43566298 -0.43652785 -0.43882820 -0.43960428 -0.44064766 -0.43875006 -0.43845034 -0.43795964 -0.43882361 -0.44082049 -0.44036427 -0.44108105 -0.43972930 -0.43797681 -0.43488365 -0.50096560 -0.67372102 -1.11999142 -1.79090559 -2.53887868 -2.92514634 -3.03903437 -2.85975075 -2.41129351 -1.90656364 -1.54150176 -1.46268547 -1.44850194 -1.45611441 -1.47074163 -1.49020147 -1.50251830 -1.52076566 -1.52911901 -1.53207481 -1.53420675 -1.53544474 -1.53478658 -1.51734889 -1.50011098 -1.49440992 -1.49361753 -1.32938695 -0.69860965 0.00475330 0.56149602 1.14622903 1.41439438 0.90191048 0.57033235 0.36595705 -0.13634512
-0.41519970 -0.41930106 -0.42244026 -0.42518842 -0.43006912 -0.43182984 -0.43494797 -0.43423364 -0.43339670 -0.43327883 -0.43502468 -0.43653899 -0.43570831 -0.43708313 -0.43722647 -0.43915883 -0.43966010 -0.43955937 -0.43641338 -0.43083036 -0.48169675 -0.75963795 -1.39278758 -2.16086698 -2.74512243 -3.23633599 -3.29881096 -2.98421121 -2.43771625 -1.93867636 -1.58102953 -1.45262539 -1.44792879 -1.44015813 -1.42905867 -1.44930673 -1.48151410 -1.49653435 -1.51032472 -1.52746975 -1.53279960 -1.52572227 -1.51598287 -1.50480187 -1.48141646 -1.46808183 -1.46151054 -1.46192575 -1.34896135 -0.76571643 -0.21499386 0.12031350 0.37003493 0.44499946 0.18440774 0.05234143 -0.16718009 -0.36310723
-0.41518015 -0.41742915 -0.42173001 -0.42411265 -0.42894799 -0.43003684 -0.42944151 -0.42884853 -0.42815328 -0.43025628 -0.43499911 -0.43667546 -0.43808794 -0.43959537 -0.44146997 -0.44151324 -0.43795258 -0.43692139 -0.43467236 -0.46089175 -0.67085117 -1.36617410 -2.19241071 -2.62897635 -3.21338892 -3.34053874 -2.92502260 -2.34550428 -1.92313170 -1.65023124 -1.54429066 -1.47534740 -1.47158384 -1.45409954 -1.45238900 -1.46550274 -1.49053991 -1.51058102 -1.51936054 -1.52868962 -1.53067863 -1.52418292 -1.50366151 -1.46991956 -1.44113934 -1.42076468 -1.39876306 -1.41910326 -1.39040983 -0.90610939 -0.56519514 -0.31748173 -0.16620585 -0.05107011 -0.25610745 -0.31315103 -0.36334831 -0.40043426
-0.41953754 -0.42252338 -0.42454115 -0.42624119 -0.42793179 -0.42840028 -0.42572418 -0.42653167 -0.42762306 -0.43191034 -0.43740797 -0.44164807 -0.44384912 -0.44691890 -0.44631651 -0.44228649 -0.43934929 -0.43696934 -0.44458765 -0.53561443 -1.14246833 -2.01299620 -2.39930367 -2.79280043 -3.03224850 -2.59920788 -2.10919166 -1.82874799 -1.64349067 -1.57443845 -1.54795635 -1.49242580 -1.48293602 -1.47183752 -1.48623586 -1.49619412 -1.50080240 -1.52418983 -1.53134286 -1.53840494 -1.53772426 -1.53355718 -1.51489198 -1.49370360 -1.47991312 -1.46075892 -1.41680467 -1.42214262 -1.44337785 -0.98285198 -0.61291122 -0.27480537 -0.23009026 -0.20424467 -0.40740454 -0.41464338 -0.42126036 -0.43695796
-0.43121070 -0.43196782 -0.43269160 -0.43405274 -0.43235317 -0.43097383 -0.42995039 -0.43316579 -0.43627980 -0.43904695 -0.44341865 -0.44712394 -0.44961512 -0.44887152 -0.44573122 -0.44470310 -0.44263157 -0.44121915 -0.46803543 -0.80327344 -1.66013777 -2.12218904 -2.26654816 -2.52068114 -2.36938810 -1.91622555 -1.68423939 -1.58709514 -1.50590396 -1.52083039 -1.51768303 -1.47218704 -1.45723355 -1.44618797 -1.47223616 -1.47849739 -1.47995365 -1.51801348 -1.52868736 -1.52596855 -1.52637422 -1.52759445 -1.52881050 -1.52906287 -1.52042055 -1.50711262 -1.48074412 -1.46492755 -1.36857104 -0.85615903 -0.42838690 -0.01779871 -0.09212552 -0.26183823 -0.44124430 -0.44692671 -0.45961705 -0.46971011
-0.43684390 -0.43763030 -0.43754902 -0.43903649 -0.44038302 -0.43981439 -0.44157088 -0.44301334 -0.44547841 -0.44804019 -0.44985148 -0.44867289 -0.44719458 -0.44819435 -0.44791660 -0.44609299 -0.44462258 -0.44744653 -0.53479171 -1.18237400 -1.90024340 -1.93238521 -1.96916306 -2.13934159 -1.88349938 -1.55435205 -1.45804965 -1.43479168 -1.45244038 -1.45776534 -1.46315062 -1.43784046 -1.43465877 -1.42586875 -1.44541836 -1.45999682 -1.46409667 -1.50064325 -1.51010001 -1.50595284 -1.50224423 -1.50152040 -1.50499833 -1.50873208 -1.49519598 -1.48606730 -1.45937634 -1.38246620 -1.07176197 -0.59412992 -0.21936926 0.25269291 0.11316261 -0.29009745 -0.44945067 -0.47119576 -0.48094049 -0.48736751
-0.43468985 -0.43643615 -0.43989027 -0.44240424 -0.44220752 -0.44413272 -0.44639304 -0.44860694 -0.45000938 -0.44977418 -0.44823885 -0.44723812 -0.44550908 -0.44435799 -0.44467482 -0.44539043 -0.44481060 -0.46947098 -0.71221876 -1.51189685 -1.74703348 -1.67812979 -1.98473835 -2.00523019 -1.60457098 -1.44882464 -1.42754388 -1.41956985 -1.44070125 -1.44239557 -1.46018052 -1.48012257 -1.49763882 -1.48741305 -1.50984287 -1.52447999 -1.52173495 -1.53875232 -1.53911793 -1.52913547 -1.52607358 -1.52600849 -1.52974963 -1.52145171 -1.48736608 -1.46595883 -1.43998826 -1.28171873 -0.73091823 -0.34168214 0.01167434 0.45174822 0.19451138 -0.37617105 -0.45749658 -0.47686648 -0.48482454 -0.49033108
-0.42551747 -0.42791611 -0.43192014 -0.43694010 -0.43860662 -0.44028807 -0.44316003 -0.44477099 -0.44725904 -0.44774213 -0.44326138 -0.44182113 -0.43936619 -0.43915722 -0.43679643 -0.43759823 -0.43685529 -0.47692537 -1.00279737 -1.66419888 -1.58526373 -1.65526748 -1.99138701 -1.80960059 -1.55145705 -1.49938667 -1.46797407 -1.44851720 -1.45757353 -1.45067453 -1.47976899 -1.52637529 -1.55448341 -1.54147804 -1.56196856 -1.57992971 -1.57135010 -1.56609440 -1.56491995 -1.55718791 -1.55517638 -1.55213106 -1.54713428 -1.53052378 -1.50061977 -1.49396610 -1.43972087 -1.17980111 -0.59064901 -0.29992050 0.09995344 0.43676320 0.02841857 -0.40991494 -0.45431846 -0.47222373 -0.48421574 -0.49268302
-0.41709515 -0.42734537 -0.42891759 -0.43106008 -0.43291721 -0.43267295 -0.43682685 -0.43919492 -0.44071063 -0.44032121 -0.43970400 -0.43765938 -0.43526253 -0.43040776 -0.42876515 -0.42846656 -0.43364006 -0.53329319 -1.26452231 -1.61199725 -1.46141398 -1.75107157 -1.93112695 -1.59913790 -1.51284885 -1.52589262 -1.48503458 -1.46696031 -1.47891653 -1.46214831 -1.45897424 -1.50157189 -1.54160857 -1.51688135 -1.53444123 -1.56043148 -1.55524445 -1.54058349 -1.54890800 -1.54735649 -1.54436898 -1.53939235 -1.53000855 -1.51992214 -1.50785482 -1.50176871 -1.44550073 -1.06198609 -0.55312538 -0.28469905 0.20738137 0.27225173 -0.19849020 -0.39688721 -0.45070431 -0.46740103 -0.47885850 -0.48546049
-0.42033741 -0.42329970 -0.42759210 -0.42636093 -0.42675853 -0.42920819 -0.43181005 -0.43345794 -0.43364105 -0.43250871 -0.43328384 -0.43168479 -0.42968091 -0.42565888 -0.42334744 -0.42020097 -0.44067594 -0.69925958 -1.39279008 -1.40752745 -1.41313326 -1.79096878 -1.77188957 -1.52339172 -1.52711022 -1.55546677 -1.54399323 -1.52783310 -1.53211856 -1.52548647 -1.46872699 -1.48980355 -1.52694798 -1.49911284 -1.52104592 -1.54853940 -1.54990339 -1.54326272 -1.54706001 -1.54608130 -1.54101467 -1.53827620 -1.53362465 -1.53033113 -1.52618897 -1.52528059 -1.46595526 -1.01272798 -0.58070457 -0.24519005 0.20128489 0.08558314 -0.34692723 -0.41528496 -0.44987518 -0.46635836 -0.47542143 -0.48401171
-0.42817441 -0.42591953 -0.42512342 -0.42374972 -0.42262343 -0.42428079 -0.42489052 -0.42555887 -0.42555729 -0.42387924 -0.42531830 -0.42498651 -0.42266363 -0.42196015 -0.41937828 -0.41663864 -0.45159078 -0.95149195 -1.49263930 -1.29579508 -1.50116277 -1.76303828 -1.62392461 -1.49990606 -1.54197037 -1.57293832 -1.58186352 -1.55797005 -1.56230915 -1.56606781 -1.50464225 -1.49989033 -1.52797389 -1.51190090 -1.53526700 -1.55629313 -1.55179954 -1.54622495 -1.55078995 -1.55441940 -1.54488146 -1.53956294 -1.54087985 -1.54262388 -1.54224038 -1.53140378 -1.49937940 -1.01879930 -0.57964283 -0.24961579 0.04922669 -0.06035047 -0.39003372 -0.42912647 -0.44625250 -0.45845878 -0.46940804 -0.47850206
-0.43072671 -0.42565522 -0.41948187 -0.41812578 -0.41869012 -0.42030615 -0.41979116 -0.41967508 -0.41838574 -0.41924179 -0.41997015 -0.42052948 -0.42109308 -0.42247179 -0.41848004 -0.41779277 -0.53771472 -1.21867323 -1.48854303 -1.29839051 -1.67510831 -1.79214430 -1.50376892 -1.46182597 -1.49445426 -1.52772748 -1.54149926 -1.52434087 -1.52156842 -1.53050458 -1.49852467 -1.48944712 -1.49646950 -1.50040686 -1.52711487 -1.53158045 -1.52893436 -1.52954507 -1.52618897 -1.52774525 -1.52496529 -1.51945138 -1.51707304 -1.51747286 -1.50996101 -1.52081239 -1.51509321 -0.96998966 -0.50652230 -0.14412567 -0.05101015 -0.15125036 -0.39391494 -0.43191695 -0.44551778 -0.45770290 -0.46869263 -0.47928762
-0.42619801 -0.42119944 -0.41599426 -0.41405267 -0.41506669 -0.41744122 -0.41781926 -0.41601026 -0.41774663 -0.41907170 -0.41745690 -0.42147920 -0.42123681 -0.42112914 -0.41646406 -0.45123163 -0.81886876 -1.52126312 -1.47167671 -1.43980432 -1.86453962 -1.72192848 -1.45796776 -1.45861542 -1.48303640 -1.50275505 -1.51704562 -1.49680614 -1.48853862 -1.48664093 -1.49596095 -1.49845886 -1.48692846 -1.50728416 -1.52680421 -1.52936804 -1.52251267 -1.52301097 -1.51769602 -1.51625109 -1.51239491 -1.51258254 -1.51074576 -1.50900972 -1.50273180 -1.52955198 -1.57133722 -1.07162488 -0.59047687 -0.12950850 -0.17489481 -0.25313398 -0.41427386 -0.43195796 -0.44793016 -0.46060848 -0.46954602 -0.47356915
-0.41609707 -0.41542968 -0.41355270 -0.41431522 -0.41265061 -0.41412529 -0.41484055 -0.41782239 -0.41849008 -0.41975832 -0.42188171 -0.42168212 -0.42444411 -0.42342880 -0.44279188 -0.61349428 -1.34813643 -1.83064651 -1.60003459 -1.89817297 -2.03326154 -1.62358642 -1.44384503 -1.47298408 -1.49052060 -1.50187874 -1.50204647 -1.48072875 -1.46543598 -1.44224894 -1.46648300 -1.47514164 -1.45677149 -1.49183381 -1.51510870 -1.51487005 -1.51134682 -1.50987959 -1.50197506 -1.50102007 -1.50009632 -1.50452971 -1.50276411 -1.50209343 -1.49866641 -1.53910041 -1.65916693 -1.34453654 -0.91921347 -0.41343713 -0.52239746 -0.46333784 -0.44034526 -0.43924773 -0.45232502 -0.46063247 -0.46589467 -0.47260001
-0.40897691 -0.40994853 -0.41101572 -0.41097993 -0.41241837 -0.41261330 -0.41597509 -0.41716224 -0.42011803 -0.42067701 -0.42026234 -0.42236194 -0.42049009 -0.41393644 -0.45309263 -0.98154283 -1.83299828 -1.83224368 -1.74660373 -2.20459700 -1.98601735 -1.50740445 -1.44013345 -1.46743619 -1.47208416 -1.47523069 -1.46960270 -1.44157720 -1.41051006 -1.37715209 -1.40979719 -1.41940939 -1.40082824 -1.45248663 -1.47913134 -1.47776902 -1.47615528 -1.47743118 -1.47199631 -1.47191882 -1.46917272 -1.46974146 -1.47291577 -1.46948886 -1.45885468 -1.51359642 -1.72975624 -1.68714559 -1.23476565 -0.73260140 -0.92041755 -0.72766638 -0.46738994 -0.44409871 -0.45537871 -0.46172607 -0.46873599 -0.47481832
-0.40381157 -0.40659338 -0.40819430 -0.40843546 -0.40881020 -0.40958241 -0.41043499 -0.41253549 -0.41529787 -0.41654056 -0.41880581 -0.41854009 -0.41487619 -0.41461506 -0.54428220 -1.35925043 -1.82997322 -1.75404620 -1.92234886 -2.12581110 -1.71207952 -1.48345256 -1.49495268 -1.51567698 -1.50677693 -1.50962222 -1.50514114 -1.48461401 -1.44717252 -1.40188098 -1.43319476 -1.43348992 -1.41934526 -1.48271716 -1.51574886 -1.50652218 -1.51027906 -1.51197958 -1.50617516 -1.50415242 -1.49810421 -1.50182259 -1.50733280 -1.50411284 -1.48911870 -1.54243708 -1.81301594 -1.82404482 -1.32694018 -0.91483796 -1.06466973 -0.86913830 -0.47903702 -0.44769809 -0.45611885 -0.46663210 -0.47130248 -0.47614312
-0.40521914 -0.40462729 -0.40366268 -0.40287265 -0.40284026 -0.40368074 -0.40622792 -0.40740317 -0.40839344 -0.41249058 -0.41237950 -0.41007492 -0.40488723 -0.42138880 -0.71853381 -1.50877082 -1.56847262 -1.53811419 -1.83722031 -1.89248443 -1.56309474 -1.47755623 -1.52249813 -1.53752768 -1.53491962 -1.54076493 -1.54497015 -1.53618717 -1.50277591 -1.47447908 -1.49414241 -1.47794509 -1.47606730 -1.52735817 -1.54788208 -1.54745710 -1.55754948 -1.55131841 -1.54433250 -1.54119253 -1.53478742 -1.54383099 -1.54559636 -1.54489565 -1.52909875 -1.56569314 -1.79856765 -1.80607116 -1.29278672 -0.91747737 -0.99336177 -0.88617527 -0.48284626 -0.44584769 -0.45466140 -0.46265599 -0.46753296 -0.47294828
-0.39914003 -0.39979416 -0.39749044 -0.39633864 -0.39498866 -0.39770612 -0.39817673 -0.40056661 -0.40396848 -0.40499380 -0.40584320 -0.40270543 -0.39798486 -0.42376190 -0.89171779 -1.40643835 -1.26604033 -1.49005127 -1.69569898 -1.59372032 -1.45717835 -1.46869743 -1.48989272 -1.50706303 -1.51263261 -1.51404309 -1.52801657 -1.53385901 -1.51409245 -1.50423443 -1.50674403 -1.49044323 -1.50202298 -1.51928186 -1.52678084 -1.54102838 -1.54977632 -1.54608810 -1.53948390 -1.53350270 -1.53223956 -1.53181982 -1.52765238 -1.52147961 -1.49471366 -1.49901259 -1.64204407 -1.65693581 -1.14537954 -0.78822875 -0.73069769 -0.72744960 -0.45248780 -0.44202361 -0.44639629 -0.45397791 -0.46241203 -0.46666026
-0.39544889 -0.39503625 -0.39335501 -0.39154065 -0.39247024 -0.39550269 -0.39555901 -0.39626166 -0.39848283 -0.39968809 -0.39836830 -0.39463195 -0.39170542 -0.43234274 -0.92755055 -1.19900429 -1.09208727 -1.44364762 -1.57745218 -1.46314573 -1.42938113 -1.45587730 -1.46304250 -1.47948146 -1.49748600 -1.50620282 -1.52061391 -1.52196646 -1.50532210 -1.50414252 -1.49296200 -1.48819339 -1.50384438 -1.49838436 -1.49843156 -1.51757491 -1.52931583 -1.53115416 -1.52957189 -1.52418911 -1.51452780 -1.51704121 -1.51142812 -1.49465883 -1.46672904 -1.45157301 -1.54053032 -1.55183041 -1.00882745 -0.65041912 -0.45155653 -0.50689858 -0.41749278 -0.43263689 -0.44060060 -0.44860989 -0.45240700 -0.45392865
-0.39136058 -0.39116678 -0.39090428 -0.39202386 -0.39238754 -0.39264679 -0.39573735 -0.39854044 -0.39866325 -0.39890385 -0.39471608 -0.39008141 -0.38685796 -0.42404011 -0.83311212 -0.94763243 -1.00357616 -1.27602565 -1.40002429 -1.38971114 -1.41618979 -1.43979084 -1.44905233 -1.46475697 -1.48491681 -1.49660981 -1.49946177 -1.49783826 -1.48808420 -1.48101759 -1.46068120 -1.47009432 -1.48173225 -1.47349215 -1.48236847 -1.49944997 -1.50539708 -1.50541675 -1.51086485 -1.50417149 -1.50166214 -1.50977063 -1.49546266 -1.46911430 -1.45442069 -1.43688107 -1.47551465 -1.43013883 -0.87871701 -0.51995242 -0.16931400 -0.24975777 -0.36051065 -0.42967179 -0.43802768 -0.44535252 -0.45293647 -0.45995763
-0.39651892 -0.39563254 -0.39732945 -0.39640805 -0.39771661 -0.40103084 -0.40326685 -0.40316269 -0.40176991 -0.39845470 -0.39401355 -0.39026710 -0.38822898 -0.42582217 -0.79692256 -0.85518074 -1.00860250 -1.19407642 -1.33422244 -1.38061643 -1.41176462 -1.43937325 -1.45586157 -1.47467268 -1.49630523 -1.50421810 -1.49956954 -1.49070382 -1.48863435 -1.48075879 -1.45771098 -1.47745597 -1.48446167 -1.48417234 -1.48867786 -1.49121606 -1.49312568 -1.49414289 -1.49558091 -1.50557280 -1.51250648 -1.51993668 -1.51142311 -1.48685074 -1.47433186 -1.44066560 -1.45700836 -1.30127096 -0.72759753 -0.39665249 0.05624395 -0.06724469 -0.30434886 -0.41967562 -0.43682253 -0.44396904 -0.45282021 -0.45933035
-0.39326459 -0.39425686 -0.39436990 -0.39576462 -0.39707884 -0.39941782 -0.39936167 -0.40019736 -0.39822933 -0.39510199 -0.38787967 -0.38528985 -0.38111511 -0.43332401 -0.85092562 -0.89285558 -1.09337437 -1.24987912 -1.39456022 -1.41621304 -1.43570125 -1.46118736 -1.47387266 -1.48628652 -1.50439930 -1.51537156 -1.51711202 -1.51595306 -1.51949096 -1.50173342 -1.48879588 -1.49761307 -1.49620652 -1.48875523 -1.48361969 -1.48193014 -1.48753572 -1.48573709 -1.48813629 -1.50579679 -1.52319241 -1.52916706 -1.52508867 -1.50821757 -1.49741650 -1.45904279 -1.48465371 -1.22678924 -0.71502900 -0.34817308 0.02760570 -0.07908009 -0.35163233 -0.40942043 -0.43072635 -0.44242346 -0.45233867 -0.45874006
-0.38790321 -0.38909212 -0.39061639 -0.39227811 -0.39290947 -0.39270461 -0.39223832 -0.39010170 -0.38590038 -0.38294616 -0.38220978 -0.37790230 -0.38240209 -0.46882588 -0.92410731 -0.93536448 -1.19577134 -1.34093308 -1.48692584 -1.44975340 -1.45448220 -1.47159123 -1.47654641 -1.47765803 -1.49455404 -1.50378442 -1.51197302 -1.52428293 -1.52622712 -1.51069236 -1.48068261 -1.46155977 -1.45824909 -1.44574535 -1.44028628 -1.44402397 -1.45950091 -1.46258461 -1.47462022 -1.50019193 -1.51269054 -1.50917506 -1.49464333 -1.47895956 -1.45966327 -1.43233860 -1.55616462 -1.30887270 -0.80187523 -0.44906765 -0.15445182 -0.23001471 -0.37482655 -0.39915571 -0.42228317 -0.43093228 -0.44230509 -0.44960979
-0.37928385 -0.38272008 -0.38435906 -0.38282466 -0.38537863 -0.38575780 -0.38423416 -0.38108173 -0.37557262 -0.37525451 -0.37220719 -0.37161505 -0.37799606 -0.49663335 -0.94802558 -0.92964172 -1.23260593 -1.35886288 -1.49828279 -1.45152569 -1.44596493 -1.45146191 -1.44108665 -1.43933201 -1.45063519 -1.46048355 -1.47780800 -1.49057949 -1.49435389 -1.48043573 -1.44566464 -1.43178797 -1.43216324 -1.41211319 -1.41183829 -1.43064547 -1.44351721 -1.44862020 -1.47035193 -1.48758185 -1.49268591 -1.48804009 -1.46170843 -1.44005060 -1.41185522 -1.39554203 -1.58061707 -1.35013211 -0.83080786 -0.42841741 -0.30581081 -0.32889456 -0.38522580 -0.39770097 -0.41382468 -0.42542067 -0.43032938 -0.43336576
-0.38272065 -0.38353354 -0.38418347 -0.38503852 -0.38554418 -0.38760811 -0.38554952 -0.38425410 -0.38203311 -0.37919286 -0.37726572 -0.37547612 -0.38854942 -0.48923928 -0.85904920 -0.83090752 -1.17664981 -1.27332497 -1.47422719 -1.47141826 -1.46205914 -1.45240009 -1.43492377 -1.42694032 -1.42690301 -1.42775774 -1.43864703 -1.45216298 -1.46078587 -1.45932150 -1.43781793 -1.44397724 -1.45461524 -1.44585836 -1.45207953 -1.46979761 -1.46871984 -1.47824252 -1.48964167 -1.49580729 -1.50025809 -1.49407864 -1.46281397 -1.45209479 -1.42676497 -1.41300094 -1.63566875 -1.41447175 -0.82384086 -0.42764965 -0.38130265 -0.35325783 -0.40127093 -0.40908250 -0.42131305 -0.42970753 -0.43728039 -0.44335410
-0.38813978 -0.38905203 -0.38978383 -0.39102757 -0.39434889 -0.39668244 -0.39723015 -0.39519927 -0.39312047 -0.39086923 -0.39038682 -0.38836983 -0.39007339 -0.41457644 -0.65162379 -0.65438253 -1.03930736 -1.10102701 -1.35285628 -1.46083736 -1.45056295 -1.44379139 -1.43729150 -1.42461514 -1.41017270 -1.40703464 -1.40274835 -1.40446591 -1.41206336 -1.41202700 -1.40847206 -1.43003857 -1.44356287 -1.44188476 -1.45200801 -1.46587169 -1.46558642 -1.47653961 -1.48403108 -1.48569787 -1.49186933 -1.47912490 -1.45534229 -1.44855130 -1.42520487 -1.41050315 -1.64117622 -1.39727187 -0.81251413 -0.43209422 -0.39886492 -0.37480333 -0.42862251 -0.42099825 -0.43253830 -0.44216159 -0.45158738 -0.45546320
-0.39311951 -0.39489108 -0.39608777 -0.39789966 -0.39723441 -0.39821693 -0.39939189 -0.39931256 -0.40033564 -0.40031165 -0.39982155 -0.39570257 -0.39390588 -0.32612050 -0.41914481 -0.42745641 -0.85463130 -0.86230451 -1.10080731 -1.38867998 -1.39121759 -1.39313817 -1.39952576 -1.39384663 -1.38638747 -1.38656259 -1.37472129 -1.36586320 -1.35407746 -1.34079313 -1.33355367 -1.34442902 -1.34856844 -1.35721302 -1.37871110 -1.39057636 -1.39436865 -1.40809166 -1.41779470 -1.41819501 -1.41973782 -1.41180146 -1.40528560 -1.40070307 -1.36552465 -1.35761452 -1.52414238 -1.13262272 -0.55833071 -0.25784159 -0.24831027 -0.27762783 -0.42478615 -0.42990810 -0.44528106 -0.45340174 -0.46130699 -0.46780404
-0.39093584 -0.39230850 -0.39413127 -0.39446416 -0.39596176 -0.39649844 -0.39759794 -0.39734414 -0.39614287 -0.39903763 -0.39535081 -0.39329070 -0.38474542 -0.30519044 -0.19399065 -0.18256897 -0.67596173 -0.68763924 -0.87920326 -1.37202394 -1.42569363 -1.44352126 -1.45534873 -1.45779967 -1.45191550 -1.44751418 -1.44250226 -1.43274176 -1.41662693 -1.40808296 -1.40494967 -1.39120913 -1.37562597 -1.39139318 -1.39443052 -1.39267147 -1.40248024 -1.41045463 -1.42183220 -1.42315459 -1.42156720 -1.41440749 -1.42772198 -1.42924905 -1.39008558 -1.40632045 -1.46225131 -0.86547059 -0.31326604 0.05642292 0.09408139 -0.15763585 -0.41456825 -0.42929718 -0.44519895 -0.45411140 -0.45806792 -0.46261355
-0.42005837 -0.43783665 -0.42697144 -0.41107106 -0.40114543 -0.39460135 -0.38776478 -0.39486265 -0.41350311 -0.45214185 -0.49669597 -0.51660389 -0.52029711 -0.44121286 -0.17153597 -0.14759670 -0.55623978 -0.64934504 -0.74744469 -1.30954385 -1.50468850 -1.52210498 -1.53413332 -1.53773749 -1.52774894 -1.51344991 -1.51067269 -1.50518703 -1.49364197 -1.49905276 -1.49887836 -1.47426248 -1.46457350 -1.48303735 -1.47581410 -1.46051371 -1.46847403 -1.47767854 -1.48491752 -1.48289287 -1.48920918 -1.47702765 -1.48600340 -1.48662233 -1.44814527 -1.44833040 -1.34975064 -0.73089325 -0.31120998 0.23226622 0.20490387 -0.16353911 -0.40634945 -0.42792523 -0.43450078 -0.44157147 -0.44546798 -0.45091540
-0.62912637 -0.57220495 -0.48850083 -0.49439919 -0.44106901 -0.46482599 -0.51679766 -0.58190292 -0.66042042 -0.76915604 -0.87350053 -0.93098319 -0.99926084 -0.94867641 -0.55926400 -0.22498685 -0.37377772 -0.63316596 -0.59573853 -1.03675711 -1.46935046 -1.51722455 -1.52001476 -1.52560413 -1.52080405 -1.51528788 -1.51104367 -1.50729907 -1.50533938 -1.51248765 -1.50541413 -1.47779918 -1.46432972 -1.47601914 -1.47025359 -1.46087396 -1.47918797 -1.49203074 -1.49776947 -1.49888003 -1.49502873 -1.48667705 -1.49844968 -1.48617470 -1.45592344 -1.42054784 -1.07277429 -0.55447888 -0.22130874 0.27912173 0.14040586 -0.27364162 -0.40212983 -0.42041472 -0.42680919 -0.43318078 -0.43556520 -0.43875498
-1.89374220 -2.01381588 -1.99033940 -1.65516376 -1.29561353 -1.09477735 -1.15241551 -1.52276647 -2.02630591 -2.53652263 -2.85620999 -3.05461311 -3.23112941 -3.18577433 -2.76088905 -1.94357216 -1.45133531 -1.25942457 -0.85906351 -0.82787800 -1.27109289 -1.43822336 -1.44619179 -1.45375144 -1.45771909 -1.46273351 -1.46460330 -1.46738768 -1.47265804 -1.47756970 -1.45832837 -1.42384565 -1.41577172 -1.40645540 -1.39102721 -1.40013373 -1.42432654 -1.44003105 -1.45048726 -1.45151472 -1.44081068 -1.43747759 -1.44692528 -1.43524861 -1.42866981 -1.41105092 -0.86559439 -0.39206225 -0.07871309 0.32403558 0.05719823 -0.34366468 -0.40709010 -0.42323339 -0.42856452 -0.43430218 -0.44104865 -0.44237185
-2.76499438 -3.36542797 -3.66699696 -3.47898436 -3.21578264 -3.00117254 -2.97964978 -3.23623061 -3.63999605 -3.90363765 -4.06901264 -4.15467119 -4.18434954 -4.18520784 -4.05408192 -3.50398540 -2.89597678 -2.38791847 -1.81229305 -1.15043771 -1.16901577 -1.37227511 -1.37928569 -1.38970411 -1.39794910 -1.40650284 -1.40721273 -1.41120815 -1.42661238 -1.42366588 -1.39105046 -1.38179207 -1.38564360 -1.36738336 -1.35556424 -1.37159181 -1.38681221 -1.39689803 -1.40749538 -1.40832376 -1.39188504 -1.38575208 -1.38951898 -1.38787794 -1.38905013 -1.38965595 -0.81514788 -0.39464974 0.03227615 0.21966204 -0.05396030 -0.36381516 -0.41360512 -0.42612991 -0.43551862 -0.43996769 -0.44451413 -0.45193857
-2.56371188 -3.26238108 -3.59451842 -3.63057542 -3.85569668 -4.05547333 -3.97698689 -3.84619451 -3.72376776 -3.45030975 -3.18355680 -2.93963480 -2.79546309 -2.75956964 -2.93280792 -2.94259262 -2.75216699 -2.58134079 -2.35343981 -1.82083833 -1.43812692 -1.38071978 -1.37815809 -1.38670599 -1.39123428 -1.40419662 -1.40483165 -1.40985978 -1.41839457 -1.41263688 -1.38650274 -1.39511693 -1.40719926 -1.39743710 -1.39408731 -1.42358720 -1.41740036 -1.41493261 -1.42048275 -1.41858399 -1.40360367 -1.39332426 -1.37873757 -1.36353016 -1.30358386 -1.15945792 -0.70839423 -0.34889856 0.18634516 0.10433119 -0.19982481 -0.38559544 -0.41665706 -0.42646962 -0.43173417 -0.43721032 -0.44587147 -0.45047149
-1.94648409 -2.14681697 -2.17119813 -2.39229918 -2.77729654 -3.04939365 -3.10631537 -2.90149641 -2.47143388 -2.05235362 -1.83814299 -1.73965585 -1.66741419 -1.64801252 -1.74814403 -1.81921828 -1.80122566 -1.85919356 -2.01758814 -1.88738275 -1.50747156 -1.38677859 -1.36640024 -1.37099659 -1.37538600 -1.38492787 -1.37455308 -1.36834466 -1.38063920 -1.37883461 -1.37008202 -1.39659739 -1.40567482 -1.40774655 -1.42264783 -1.44359303 -1.43020892 -1.42562449 -1.42237425 -1.41899729 -1.41484141 -1.41321683 -1.39483762 -1.26566148 -0.99724251 -0.54461044 -0.17590865 0.19325438 0.59900856 0.15870482 -0.29933468 -0.40687874 -0.42090520 -0.42545700 -0.42885888 -0.43732697 -0.44287792 -0.44539398
-1.24582851 -1.41447496 -1.55156970 -1.57083797 -1.58545947 -1.66202545 -1.69203067 -1.59414148 -1.45499742 -1.37377787 -1.35667086 -1.33115792 -1.30997360 -1.30736768 -1.35175025 -1.43205822 -1.39498460 -1.29108143 -1.38855612 -1.52100158 -1.42201102 -1.32448232 -1.32537723 -1.32760072 -1.32703280 -1.34003246 -1.32927930 -1.30461597 -1.30168426 -1.30093825 -1.31331742 -1.34513617 -1.36259651 -1.38360500 -1.38791704 -1.39772487 -1.38329470 -1.38125372 -1.38253772 -1.37698162 -1.37599897 -1.37826920 -1.33583713 -1.06393886 -0.48669854 0.07245233 0.37276959 0.73699063 0.86506301 0.10906328 -0.34365892 -0.41098416 -0.41946054 -0.42525330 -0.43161085 -0.43798584 -0.44280696 -0.44870761
-0.93171507 -0.98670024 -1.22085381 -1.33007860 -1.27212548 -1.19578660 -1.24193251 -1.27989113 -1.21464884 -1.15203190 -1.14479685 -1.12564147 -1.10629368 -1.09793425 -1.10861146 -1.12221122 -1.17844129 -1.12928462 -1.10912418 -1.19069111 -1.22882450 -1.21002114 -1.21830094 -1.22894013 -1.25004995 -1.26930654 -1.25548434 -1.24255121 -1.25252116 -1.26285779 -1.26753724 -1.28690815 -1.31448245 -1.34281600 -1.34625626 -1.34368885 -1.33372045 -1.33779716 -1.33843160 -1.31535041 -1.30898261 -1.28378391 -1.28533888 -1.11733782 -0.59645754 -0.27157357 0.12283733 0.52579540 0.46789652 -0.12311614 -0.35899827 -0.40959620 -0.42037377 -0.42772672 -0.43474156 -0.44303373 -0.45559445 -0.45670280
-0.31525257 -0.38928878 -0.86650014 -1.18316150 -1.27152646 -1.29066575 -1.22814822 -1.13144302 -0.84006357 -0.46479794 -0.11079765 0.20560047 0.39467031 0.39815745 0.33096859 0.24751106 0.14880541 0.05726525 -0.03738447 -0.16027853 -0.26333523 -0.35428119 -0.42358062 -0.47565311 -0.52246314 -0.57137316 -0.63618785 -0.72569662 -0.81281453 -0.88589573 -0.96344799 -1.04331446 -1.09236622 -1.12681293 -1.14195657 -1.17142224 -1.17618775 -1.16644108 -1.17898023 -1.19393420 -1.20909190 -1.17773950 -1.26636982 -1.32001972 -1.09911907 -0.87222409 -0.62135363 -0.39280635 -0.32310301 -0.44458795 -0.53038996 -0.56140852 -0.56452280 -0.56807083 -0.57411623 -0.57310802 -0.57692647 -0.57028568
0.52589899 0.54206741 0.26132068 -0.23227841 -0.60726899 -0.59597319 -0.27930528 0.18648550 0.71189487 1.19145823 1.56267107 1.74860156 1.88342667 1.91866291 1.90697157 1.87737858 1.83336353 1.78998888 1.73997688 1.67364132 1.61885321 1.56970298 1.51990247 1.47684896 1.44268870 1.41126192 1.35557353 1.26662982 1.15285707 1.00422907 0.80847281 0.56571424 0.34443629 0.24129599 0.14353079 0.14369911 0.21224383 0.22724628 0.14259997 -0.01246022 -0.16251138 -0.25740829 -0.48489392 -0.63601202 -0.56768364 -0.53500456 -0.46563756 -0.55999285 -0.67916179 -0.69352484 -0.71394968 -0.74855733 -0.78367418 -0.82330430 -0.85316408 -0.84876519 -0.81944942 -0.82021099
