-1.49153197 -1.40526187 -1.36034322 -1.11708355 -1.17517447 -1.18116260 -1.33630586 -1.37593436 -1.36552811 -1.43694317 -1.52357984 -1.52023149 -1.50039017 -1.53303707 -1.58186030 -1.52112472 -1.50640833 -1.54891479 -1.55203629 -1.52703595 -1.55128884 -1.55874181 -1.56577909 -1.56997979 -1.56931710 -1.56997800 -1.56871867 -1.57081139 -1.57169521 -1.56978500 -1.56308866 -1.55951917 -1.55298924 -1.54419160 -1.53479874 -1.52942550 -1.52217770 -1.51326621 -1.51466310 -1.45610368 -1.09750795 -0.69621533 0.25620261 0.83817643 0.15742943 -0.97966188 -1.80919468 -2.42274642 -2.30157375 -1.92207277 -1.55144703 -1.47307420 -1.35292327 -1.17443430 -0.82958919 -0.34041882 -0.21957323 -0.87067968
-1.39274871 -1.05627036 -1.10689056 -0.87021506 -1.12039948 -0.95037848 -1.25391984 -1.16273296 -1.32866001 -1.44661069 -1.40293419 -1.31840050 -1.30143428 -1.32802188 -1.30102825 -1.27548742 -1.31730342 -1.36759210 -1.47250605 -1.47095227 -1.55133355 -1.55601442 -1.55971324 -1.56147563 -1.55868232 -1.55860662 -1.55979145 -1.56121314 -1.55893350 -1.55434716 -1.55088449 -1.54764032 -1.54040134 -1.53184402 -1.52054751 -1.51181233 -1.50543022 -1.49858952 -1.50532925 -1.43560982 -0.96088356 -0.51851445 0.45680264 0.86060089 0.44704995 -0.26684612 -1.19664216 -2.00802183 -2.21570659 -1.91516006 -1.69474375 -1.50844169 -1.32118165 -1.08314598 -0.58256102 0.09221863 0.08297778 -0.71876425
-1.27297044 -1.01455569 -1.02865660 -0.92708868 -1.11545169 -0.50033373 -0.96327919 -0.81879318 -1.05550718 -0.89969879 -0.98805445 -1.01966119 -1.00783777 -1.02085185 -1.02714229 -0.94588977 -1.09101260 -1.17895436 -1.37968993 -1.43262970 -1.55045033 -1.55458522 -1.55486536 -1.55339003 -1.54983354 -1.55026257 -1.54756093 -1.54416120 -1.53980947 -1.53862882 -1.53542066 -1.52930641 -1.51905990 -1.51014555 -1.50275278 -1.49487698 -1.48537803 -1.49305248 -1.51599753 -1.33070171 -0.91264224 -0.36115143 0.26017347 0.25576282 -0.00767884 0.01795426 -0.47277495 -1.25520015 -1.52754366 -1.40187907 -1.18597925 -1.11285126 -0.84953016 -0.53616148 -0.14064319 0.30983716 0.20324776 -0.64723760
-1.24791336 -0.98247844 -0.92952698 -1.03558421 -0.75934547 -0.63870138 -0.57683694 -0.72197795 -0.76242447 -0.53214157 -0.72674918 -0.69528651 -0.94841301 -0.69824624 -0.66137624 -0.62669486 -0.85373467 -1.28198457 -1.47600162 -1.40782988 -1.55790925 -1.55913913 -1.55699778 -1.55304444 -1.55060041 -1.54573810 -1.54302943 -1.53820348 -1.53546512 -1.53046513 -1.52365828 -1.51555550 -1.50698471 -1.49739754 -1.48915052 -1.48248088 -1.48036003 -1.47538757 -1.41914904 -1.16423130 -0.65554798 0.03870133 0.00064704 -0.27473155 -0.48913145 -0.17973641 -0.19685414 -0.58809990 -0.85462934 -0.78978288 -0.61484700 -0.39638779 -0.34734526 -0.34395728 -0.13451365 0.22348711 0.06864554 -0.84684461
-1.31059396 -0.88824683 -0.79700577 -0.95584011 -0.67892385 -0.84048778 -0.56659025 -0.86232609 -0.87183851 -0.83776361 -0.90255761 -0.76720041 -0.96703506 -0.88879639 -0.63454264 -0.66307509 -0.89989221 -1.38148165 -1.47025573 -1.49808168 -1.56541681 -1.57140660 -1.56679440 -1.56109238 -1.55512559 -1.54725707 -1.54095078 -1.53830993 -1.53587425 -1.52935076 -1.51839817 -1.50929928 -1.50016510 -1.49003184 -1.48168266 -1.47564447 -1.48642838 -1.51846695 -1.29273224 -0.89043641 -0.15563217 0.16657087 -0.31573689 -0.65794295 -0.81004429 -0.48123527 -0.30107820 -0.31419176 -0.33419228 -0.37560555 -0.41813278 -0.47991437 -0.55578077 -0.50179148 -0.33782980 -0.02521696 -0.29163665 -1.22174466
-1.40718138 -0.85873693 -0.98649514 -1.16860545 -1.02953517 -1.13512623 -0.83390009 -1.19526100 -1.20763946 -1.24488652 -0.96538883 -1.25116336 -1.18288577 -1.20445538 -1.04935420 -0.80267632 -1.14931738 -1.45183396 -1.51973355 -1.62069225 -1.57520711 -1.57883859 -1.57758629 -1.57208073 -1.56226945 -1.55577183 -1.54813206 -1.54543495 -1.53571916 -1.52990699 -1.51947021 -1.50734341 -1.49755979 -1.48668742 -1.47929728 -1.48895764 -1.52981663 -1.42778504 -1.03081930 -0.42359054 0.27137998 0.18185419 -0.30907172 -0.72126293 -0.84670001 -0.67795062 -0.64045948 -0.70375419 -0.71626455 -0.73740751 -0.76547569 -0.75696266 -0.70321912 -0.58287305 -0.33977419 -0.24614808 -0.67420161 -1.76693022
-1.44451737 -1.23823166 -1.27227306 -1.45411515 -1.14578354 -1.26465499 -1.11431408 -1.53856993 -1.54607761 -1.49095881 -1.18229532 -1.60341740 -1.27054548 -1.57136297 -1.25571167 -0.92353654 -1.28525996 -1.59837377 -1.70504832 -1.71177721 -1.58038247 -1.58248448 -1.58209205 -1.57689464 -1.56850624 -1.55876219 -1.55149472 -1.54477394 -1.53675079 -1.52630150 -1.51484334 -1.50515008 -1.49617207 -1.49088979 -1.51536143 -1.57287741 -1.51584268 -1.16286314 -0.59929973 0.03144531 0.15248573 -0.02194847 -0.40361932 -0.71357971 -0.75373876 -0.68633461 -0.66511434 -0.69869095 -0.71755213 -0.75578356 -0.78560901 -0.77869779 -0.73422790 -0.54255307 -0.23209223 -0.32311857 -0.90701640 -2.13226032
-1.44352579 -1.41812682 -1.22023451 -1.11677837 -1.23490119 -1.31009042 -1.27851737 -1.52163851 -1.53457499 -1.53839982 -1.34197807 -1.61436188 -1.40424109 -1.59916651 -1.29329288 -1.16871524 -1.55395687 -1.62585318 -1.69106078 -1.66411722 -1.57915533 -1.58301735 -1.58249247 -1.57457197 -1.56561363 -1.55399835 -1.54529905 -1.53585947 -1.52580070 -1.51469767 -1.50382876 -1.49999297 -1.49873459 -1.56425226 -1.67793453 -1.59723794 -1.15550745 -0.63195658 -0.19943184 0.03060590 -0.00143592 -0.22586206 -0.52423978 -0.65129256 -0.71574783 -0.62660933 -0.60041702 -0.53155255 -0.55358404 -0.61005574 -0.68886864 -0.76322073 -0.75744092 -0.56172115 -0.15808891 -0.16988212 -0.94334209 -2.17001414
-1.48499012 -1.43821645 -1.27616501 -1.17938840 -1.30358267 -1.36596334 -1.47868717 -1.52396905 -1.53134143 -1.54645777 -1.45916402 -1.55133319 -1.47972310 -1.50637877 -1.34318423 -1.45394993 -1.52370584 -1.61397302 -1.65673232 -1.59690630 -1.56974328 -1.57131577 -1.56652308 -1.56421328 -1.55370533 -1.54650187 -1.53774846 -1.52641892 -1.51627433 -1.50145030 -1.49622071 -1.49939036 -1.57380164 -1.63344049 -1.46181428 -1.11963224 -0.68496048 -0.52741188 -0.34660208 -0.20397764 -0.23407680 -0.50468701 -0.64239436 -0.68669671 -0.66213506 -0.50653201 -0.41771480 -0.38733917 -0.47024849 -0.43209103 -0.27660531 -0.43068290 -0.58977473 -0.51880461 0.05262707 0.11878050 -0.81627804 -1.98264730
-1.47479737 -1.46693051 -1.42745745 -1.46400797 -1.51116621 -1.52284670 -1.55413699 -1.52057052 -1.52908599 -1.53861499 -1.54026413 -1.54356813 -1.54489732 -1.51443851 -1.52537847 -1.54131651 -1.55264556 -1.56576312 -1.55733228 -1.55483925 -1.55411100 -1.55582666 -1.55292678 -1.54989350 -1.54260349 -1.53868842 -1.52616155 -1.51649213 -1.50462854 -1.49139857 -1.49863410 -1.54405737 -1.52797568 -1.30691922 -0.88966280 -0.44180849 -0.45322889 -0.57068944 -0.42682058 -0.26399025 -0.42288586 -0.64126432 -0.67158920 -0.70519245 -0.60946441 -0.48536724 -0.49787930 -0.55116832 -0.69324762 -0.45353395 0.08890411 0.10684728 -0.23204935 -0.40869462 0.10037733 0.18730727 -0.34873721 -1.55489302
-1.47868764 -1.48311603 -1.49191451 -1.49956131 -1.50686049 -1.50747705 -1.51108205 -1.51542497 -1.52515244 -1.53133392 -1.53895128 -1.54249883 -1.54201877 -1.54199278 -1.54399323 -1.53881979 -1.53903961 -1.53932273 -1.53946221 -1.54206681 -1.54088306 -1.54068458 -1.54057360 -1.53566301 -1.52964962 -1.51917946 -1.51235962 -1.50048292 -1.48595905 -1.48237991 -1.47620809 -1.45261896 -1.23943877 -0.79997337 -0.11576718 -0.00673347 -0.30405673 -0.36579430 -0.34947166 -0.39415973 -0.59415036 -0.64972705 -0.64803421 -0.67099804 -0.63360137 -0.50481576 -0.59811920 -1.00154436 -1.24697328 -0.94525355 -0.21068448 0.08897548 -0.40637442 -0.52315360 -0.24051040 0.12634605 -0.01325989 -1.18055105
-1.48662996 -1.49098682 -1.50093770 -1.50508690 -1.51008379 -1.51236689 -1.51811087 -1.52129900 -1.53014612 -1.53717959 -1.54370022 -1.54412222 -1.54351783 -1.54337239 -1.54167366 -1.53970277 -1.53579223 -1.53468406 -1.53605306 -1.53345537 -1.53495049 -1.53287411 -1.52978086 -1.52274919 -1.51603174 -1.50535619 -1.49601722 -1.48258173 -1.47029674 -1.48013437 -1.48349273 -1.26514709 -0.87119901 0.00226758 0.45194831 -0.02101544 -0.27494130 -0.39724341 -0.53472465 -0.59767342 -0.64165741 -0.65458596 -0.65722734 -0.67664969 -0.58847845 -0.26544896 -0.35363129 -1.06888795 -1.54663718 -1.45301163 -0.61215800 -0.23153925 -0.51991928 -0.60443461 -0.63284671 -0.12400771 -0.25686905 -1.21217287
-1.49537003 -1.50308132 -1.50673485 -1.51343703 -1.51752734 -1.52109694 -1.52274644 -1.52847648 -1.53428459 -1.54352725 -1.54597700 -1.54723370 -1.54653394 -1.54828978 -1.54518545 -1.54140735 -1.53704131 -1.53464067 -1.53525019 -1.53484750 -1.53509796 -1.52910554 -1.52278841 -1.51501513 -1.50591946 -1.49485648 -1.47940564 -1.46702969 -1.46111047 -1.44679356 -1.32024062 -1.03542244 -0.44259381 0.37905455 0.14003253 -0.24164838 -0.49493781 -0.66920221 -0.71753985 -0.72656786 -0.72622734 -0.73484778 -0.73981911 -0.75183457 -0.59759003 -0.27520928 -0.36598173 -0.90431452 -1.32531989 -1.38706708 -0.74642271 -0.31727317 -0.29409963 -0.58235472 -0.77203065 -0.14930475 -0.43038857 -1.24340284
-1.50463688 -1.51138937 -1.51525664 -1.52019095 -1.52575362 -1.52836514 -1.52880192 -1.53633749 -1.54290986 -1.55162179 -1.55235279 -1.55627275 -1.55525827 -1.55386996 -1.54860616 -1.54349446 -1.54039776 -1.53873456 -1.53774905 -1.53794658 -1.53208768 -1.52633965 -1.51823092 -1.50904095 -1.49767053 -1.48421395 -1.47029555 -1.45596540 -1.46681488 -1.46524549 -1.17501104 -0.74485171 -0.01161063 0.31915528 -0.04400826 -0.43219715 -0.65489340 -0.72551680 -0.74627835 -0.75237453 -0.74722356 -0.76206428 -0.76817822 -0.76986349 -0.69850063 -0.41614234 -0.36302444 -0.55285954 -0.77216321 -1.02480733 -0.72410709 -0.37857717 -0.38130853 -0.54249471 -0.37582552 -0.03150356 -0.53198582 -1.35334551
-1.50905323 -1.51244533 -1.52080119 -1.52709234 -1.53212607 -1.53316569 -1.53864253 -1.54326034 -1.55184150 -1.55735552 -1.56151700 -1.56018996 -1.55996788 -1.55542612 -1.54807138 -1.54185665 -1.53815937 -1.53702521 -1.53757834 -1.53273237 -1.52889252 -1.52267444 -1.51406634 -1.50295341 -1.49038386 -1.47649491 -1.46392632 -1.46533561 -1.46220386 -1.34238791 -1.01061845 -0.48200908 0.32497060 0.24354827 -0.28190118 -0.58466369 -0.64721960 -0.69905448 -0.72715336 -0.73135459 -0.72928238 -0.73983216 -0.74937606 -0.74628222 -0.75185472 -0.68660450 -0.57479316 -0.55118883 -0.62768662 -0.76909858 -0.71915853 -0.55596751 -0.39415082 -0.34737423 0.04633816 -0.04142407 -0.59203529 -1.69678104
-1.50906444 -1.51601875 -1.52436912 -1.53119087 -1.53296447 -1.53813672 -1.54141057 -1.54584289 -1.55273414 -1.56017518 -1.56406438 -1.56365228 -1.56200206 -1.55536664 -1.54585767 -1.53812420 -1.53434193 -1.53121400 -1.52952325 -1.52727079 -1.52080107 -1.51472223 -1.50807345 -1.49429607 -1.48052967 -1.46783984 -1.47220516 -1.50239122 -1.55031180 -1.24160409 -0.76963973 -0.02318325 0.34158963 -0.01269086 -0.47566834 -0.60772949 -0.63495076 -0.68031406 -0.69942170 -0.69862056 -0.70226300 -0.71350247 -0.72503310 -0.71823907 -0.72564083 -0.74723434 -0.74976313 -0.74209648 -0.70669580 -0.68566996 -0.68501872 -0.68390298 -0.59973741 -0.37769261 0.01941650 -0.21564141 -0.91816717 -2.03646398
-1.50586689 -1.51439905 -1.51945472 -1.52482367 -1.52950668 -1.53448212 -1.53811646 -1.54303586 -1.55162561 -1.55603552 -1.55995333 -1.55914474 -1.55552888 -1.54617119 -1.53866196 -1.53275812 -1.52637160 -1.52313566 -1.52040803 -1.51557755 -1.51007235 -1.50152421 -1.49343371 -1.48188806 -1.46716702 -1.47112453 -1.50667012 -1.59586954 -1.44353819 -0.94957709 -0.34714293 0.15312612 0.09623868 -0.30550119 -0.61131603 -0.63506985 -0.67899609 -0.72164643 -0.72649485 -0.72668475 -0.73507339 -0.74391168 -0.74725336 -0.73846591 -0.74523610 -0.76700538 -0.78036427 -0.77996492 -0.76081073 -0.71330339 -0.66390294 -0.60308528 -0.49085808 -0.14113122 0.10512222 -0.29951012 -1.26950896 -2.13104892
-1.50032091 -1.50562775 -1.51089013 -1.51959407 -1.52592766 -1.52902162 -1.53336298 -1.53634870 -1.54298794 -1.54885399 -1.54992223 -1.54695559 -1.54185319 -1.53777838 -1.52997005 -1.52461481 -1.52113223 -1.51268339 -1.50827575 -1.50264812 -1.49633801 -1.48702872 -1.47592711 -1.46666932 -1.46795619 -1.49764657 -1.58321059 -1.46343553 -1.07619667 -0.44154587 -0.09752410 -0.13808957 -0.15649457 -0.51763958 -0.64782864 -0.63495713 -0.69044423 -0.72359419 -0.72140765 -0.72140545 -0.73849583 -0.74942702 -0.75169569 -0.73872411 -0.74104255 -0.76370275 -0.78251940 -0.78883481 -0.72671980 -0.60478520 -0.46898037 -0.34355265 -0.15590131 0.14762700 0.08348715 -0.27627391 -1.49436522 -1.96816754
-1.49304867 -1.49952173 -1.50893009 -1.51586306 -1.52217448 -1.52673554 -1.52648914 -1.53063071 -1.53521991 -1.53922915 -1.53850329 -1.53695476 -1.53347254 -1.53284442 -1.52802920 -1.52008545 -1.51401281 -1.50706875 -1.49706209 -1.48971808 -1.48193908 -1.46943891 -1.45927918 -1.46588743 -1.50790095 -1.58924842 -1.43767083 -1.05383027 -0.43608421 -0.05578874 -0.21394041 -0.21174815 -0.34802854 -0.61971885 -0.63359284 -0.62470007 -0.68677479 -0.72051710 -0.70781928 -0.71096122 -0.72911680 -0.73747891 -0.74266052 -0.72597653 -0.71744591 -0.73092693 -0.75379550 -0.74340755 -0.65737957 -0.48594835 -0.25740075 -0.12067611 -0.05464925 0.07743522 -0.03093568 -0.56013936 -1.63631380 -1.81291676
-1.49095750 -1.49755490 -1.50557709 -1.51338732 -1.52032840 -1.52149928 -1.52316773 -1.52464867 -1.53029597 -1.53215480 -1.53251529 -1.53067219 -1.53101861 -1.52868605 -1.52243745 -1.51503527 -1.50644898 -1.49870777 -1.48707855 -1.47696722 -1.46558440 -1.46061206 -1.46757925 -1.53530443 -1.60009778 -1.39521062 -0.96747905 -0.37997681 -0.02237662 -0.15334417 -0.21294573 -0.34496015 -0.57738733 -0.67077225 -0.64379203 -0.62972128 -0.68762964 -0.71784157 -0.70822608 -0.71312386 -0.72774583 -0.73886585 -0.75030541 -0.73655736 -0.72308475 -0.72139025 -0.72969681 -0.69911945 -0.58269495 -0.41724896 -0.31278643 -0.49265823 -0.60381663 -0.46383584 -0.54391718 -0.97824109 -1.73096263 -1.86656487
-1.49122953 -1.49856913 -1.50513160 -1.51278758 -1.51601326 -1.51669574 -1.51835275 -1.52085280 -1.52445078 -1.52699244 -1.52869749 -1.52911472 -1.52736664 -1.52526069 -1.51806056 -1.51141572 -1.50091660 -1.48882985 -1.47693789 -1.46319425 -1.46136868 -1.49507165 -1.59758079 -1.59213996 -1.27577603 -0.89613885 -0.44314727 -0.16932204 -0.21329680 -0.18934372 -0.30896920 -0.56195086 -0.67384040 -0.68505371 -0.65135914 -0.62987047 -0.69182944 -0.71534008 -0.70725667 -0.71985310 -0.72851098 -0.73707628 -0.74754858 -0.73810452 -0.72721291 -0.72326112 -0.72500610 -0.68317044 -0.49075511 -0.36340606 -0.58581740 -1.18309295 -1.45113444 -1.10490370 -1.00487196 -1.45399046 -1.84761667 -1.87933683
-1.49539948 -1.50270188 -1.50753725 -1.51275599 -1.51404941 -1.51480925 -1.51621008 -1.52178073 -1.52395463 -1.52731478 -1.52811790 -1.52780652 -1.52275884 -1.51858723 -1.51395464 -1.50344145 -1.49352252 -1.48013544 -1.46862924 -1.46078384 -1.48432112 -1.54894221 -1.47530198 -1.18310344 -0.72657329 -0.45137265 -0.35550460 -0.36502272 -0.27030265 -0.32022572 -0.53924149 -0.67923087 -0.70286822 -0.71157259 -0.65687746 -0.61186004 -0.68741763 -0.71244317 -0.69848442 -0.72064209 -0.72969329 -0.73936957 -0.74115366 -0.72787398 -0.71379220 -0.71197033 -0.72461396 -0.62972701 -0.34269500 -0.30477875 -0.89206600 -1.79749167 -1.89495015 -1.43109560 -1.49358404 -1.71372294 -1.78919601 -1.82072079
-1.50073731 -1.50671470 -1.50977981 -1.51412129 -1.51489639 -1.51746225 -1.52204823 -1.52608323 -1.52877939 -1.53025520 -1.52855551 -1.52292609 -1.51707935 -1.51283276 -1.50480628 -1.49522126 -1.48378515 -1.47359359 -1.46578193 -1.46460307 -1.50677288 -1.38655281 -1.09290886 -0.53007245 -0.20538276 -0.33102542 -0.43191946 -0.33077586 -0.39318913 -0.55420095 -0.65536350 -0.70475924 -0.72061217 -0.73890537 -0.67624152 -0.62096995 -0.69790673 -0.70713365 -0.69999880 -0.72508597 -0.72973984 -0.74104905 -0.74569750 -0.73211795 -0.72694784 -0.72686166 -0.72495615 -0.56836587 -0.17540890 -0.13246413 -0.85055268 -1.83380628 -2.00035405 -1.62895393 -1.67372513 -1.77100837 -1.75117719 -1.79311669
-1.49715853 -1.50286269 -1.50684190 -1.51184654 -1.51456285 -1.51775348 -1.52504337 -1.52617049 -1.52614093 -1.52592564 -1.51853693 -1.51186538 -1.50340950 -1.49800611 -1.49199498 -1.48606598 -1.47482097 -1.46185350 -1.45933974 -1.45817280 -1.33492506 -1.06769025 -0.51908499 0.13414386 -0.02154119 -0.30784222 -0.37284946 -0.44910237 -0.61083090 -0.63776791 -0.67628324 -0.70972461 -0.73131329 -0.75395918 -0.68933445 -0.62595886 -0.69560605 -0.70435244 -0.70039463 -0.73197412 -0.73349363 -0.74168408 -0.74897182 -0.75114739 -0.76116025 -0.76492733 -0.75273055 -0.55732155 -0.06767478 0.06037771 -0.83139855 -2.00199389 -2.26327372 -1.74987972 -1.71505368 -1.74812663 -1.73152912 -1.74493146
-1.48742270 -1.49262643 -1.49781895 -1.50374115 -1.50660813 -1.51207817 -1.51546276 -1.51936555 -1.51884508 -1.51562381 -1.50685501 -1.49621749 -1.48819852 -1.48031998 -1.47521937 -1.46771646 -1.45720899 -1.44098127 -1.43091333 -1.34947383 -1.10297763 -0.58767271 0.21141556 0.22330740 -0.16943246 -0.34262079 -0.50119245 -0.62142754 -0.63794142 -0.64295888 -0.67684960 -0.69521809 -0.73167282 -0.75412697 -0.68757832 -0.61146867 -0.67070407 -0.69245946 -0.69515175 -0.72341037 -0.72787523 -0.73532158 -0.74657518 -0.75056148 -0.77127457 -0.77972525 -0.73225898 -0.51789564 -0.00042766 0.10730026 -0.88475055 -2.15545321 -2.23559976 -1.71016610 -1.67899871 -1.71071255 -1.73027468 -1.74875772
-1.47525859 -1.47972608 -1.48619008 -1.49009407 -1.49424171 -1.49987948 -1.50314891 -1.50552714 -1.50580394 -1.50097346 -1.49092710 -1.48351014 -1.47445440 -1.46362495 -1.45526087 -1.44714177 -1.43439472 -1.42793822 -1.39981782 -1.17575955 -0.79558069 -0.15917245 0.35675076 0.06511180 -0.29945236 -0.51971394 -0.60444707 -0.64839768 -0.62935835 -0.63776052 -0.67930335 -0.69937551 -0.73242688 -0.76441598 -0.69724858 -0.60726911 -0.65859503 -0.69434583 -0.70599031 -0.72558177 -0.72269714 -0.72484076 -0.73933935 -0.75121021 -0.75327080 -0.75759596 -0.69619071 -0.43534818 0.09666687 -0.00608684 -1.01428032 -2.16778636 -2.06349707 -1.72657478 -1.67137969 -1.69908273 -1.72235858 -1.74628985
-1.46377444 -1.46731889 -1.46877551 -1.47148550 -1.47892869 -1.48365104 -1.48669410 -1.48532319 -1.48790944 -1.48488045 -1.47823668 -1.46654499 -1.45604026 -1.44513714 -1.43490720 -1.42632973 -1.41569078 -1.41169095 -1.31531751 -0.96975696 -0.53385216 0.23473915 0.37215605 -0.14049354 -0.53223544 -0.65308350 -0.66751921 -0.67843860 -0.63952655 -0.63706505 -0.69024491 -0.72230726 -0.75967824 -0.78507960 -0.72209704 -0.64378721 -0.68604350 -0.71617436 -0.72551930 -0.73598456 -0.73426539 -0.73731697 -0.74662519 -0.74371409 -0.73803872 -0.75174350 -0.64675719 -0.33501276 0.08675553 -0.19012663 -1.29159105 -2.16085744 -1.86684883 -1.75738108 -1.65924108 -1.68552721 -1.71963227 -1.73721671
-1.45730495 -1.45928228 -1.45881295 -1.45881140 -1.46518528 -1.46737838 -1.46925664 -1.47029996 -1.46987391 -1.46781003 -1.46433532 -1.45295835 -1.44142926 -1.43107235 -1.42051959 -1.40592027 -1.39482808 -1.35779536 -1.13956952 -0.84359336 -0.28157035 0.43059021 0.24829865 -0.36360693 -0.64146382 -0.69824374 -0.71188033 -0.71085900 -0.65780056 -0.62370384 -0.67246383 -0.72980195 -0.76316565 -0.78803176 -0.72318035 -0.65988231 -0.69951606 -0.72368437 -0.73311931 -0.73907214 -0.74066037 -0.74323434 -0.74775642 -0.74223506 -0.74077278 -0.73643076 -0.57286161 -0.21463889 -0.02234293 -0.47705159 -1.67595899 -2.09173036 -1.82175910 -1.72097135 -1.64802623 -1.67829180 -1.70444512 -1.72164106
-1.44982350 -1.44660890 -1.44641840 -1.44587195 -1.44988298 -1.45422566 -1.45436382 -1.45678091 -1.45273173 -1.44980013 -1.44660902 -1.43863118 -1.42822325 -1.41846287 -1.40508914 -1.39038312 -1.37913442 -1.29343247 -0.94650364 -0.64462578 0.05146139 0.51612836 -0.01073933 -0.52022970 -0.65749252 -0.71601427 -0.75304216 -0.75351006 -0.69810271 -0.63176519 -0.64682311 -0.70653415 -0.74404156 -0.76963782 -0.70230120 -0.66245729 -0.70501816 -0.71772295 -0.72990787 -0.73283339 -0.73976767 -0.74799669 -0.75349653 -0.74990827 -0.74852371 -0.73508495 -0.50269085 -0.06752968 -0.12874660 -0.91233981 -1.98470473 -1.98058355 -1.80735767 -1.66859210 -1.64079332 -1.66958749 -1.69709337 -1.71503401
-1.44182432 -1.43408990 -1.43262827 -1.43560529 -1.43839860 -1.44053245 -1.44113731 -1.43986416 -1.43814754 -1.43680990 -1.43402648 -1.42947507 -1.41839182 -1.40780973 -1.39316952 -1.37601995 -1.36726308 -1.21897840 -0.89137578 -0.50597399 0.38620925 0.48835850 -0.24898782 -0.57932138 -0.64568466 -0.71349192 -0.77338874 -0.77318031 -0.73140985 -0.66119885 -0.64599210 -0.68610382 -0.73178959 -0.74016863 -0.68119228 -0.67905641 -0.70218116 -0.71294767 -0.73260653 -0.73046744 -0.73225594 -0.73834854 -0.74311173 -0.75163978 -0.75059533 -0.71741772 -0.40496945 0.02912056 -0.24966198 -1.38406694 -2.16112995 -1.89842081 -1.75483596 -1.61027336 -1.63561428 -1.66321528 -1.68902016 -1.70685005
-1.42443490 -1.42334962 -1.42283344 -1.42424893 -1.42862558 -1.42827010 -1.43072104 -1.43045759 -1.43154097 -1.43152690 -1.42352593 -1.41986859 -1.40976334 -1.39702702 -1.38101029 -1.36810529 -1.33073306 -1.09193575 -0.82346302 -0.27693611 0.53381896 0.29516008 -0.44539353 -0.60532570 -0.63854277 -0.69365376 -0.76127708 -0.78140765 -0.76430857 -0.70257682 -0.66062617 -0.68719244 -0.74799794 -0.73802119 -0.68440658 -0.70071775 -0.71395713 -0.70965475 -0.73612577 -0.74085510 -0.73946255 -0.74074966 -0.74504817 -0.74928713 -0.74429220 -0.67780453 -0.28336897 0.06606812 -0.42308271 -1.71051133 -2.21025062 -1.82591248 -1.66471934 -1.60309792 -1.63333917 -1.65897310 -1.68017721 -1.70133424
-1.40993226 -1.41140628 -1.41303146 -1.41437626 -1.41609359 -1.42019212 -1.42096341 -1.42521703 -1.42473745 -1.42180765 -1.41445243 -1.40684521 -1.39732623 -1.38025844 -1.36386728 -1.36215234 -1.33274710 -1.00823843 -0.68748432 0.03474732 0.57711631 -0.00350761 -0.56367022 -0.60163754 -0.62830907 -0.65878439 -0.71206337 -0.75897020 -0.75582337 -0.72798699 -0.67620665 -0.68452883 -0.75466293 -0.72693509 -0.67968911 -0.70695770 -0.70856208 -0.70941228 -0.73368049 -0.73721516 -0.73305345 -0.73150468 -0.73853648 -0.73894197 -0.73462355 -0.63172120 -0.19134358 0.02301031 -0.68448657 -1.96246314 -2.21638727 -1.72211993 -1.60301292 -1.60199201 -1.63074219 -1.65654743 -1.67537189 -1.69367743
-1.40440130 -1.40087235 -1.40155602 -1.40478230 -1.40744424 -1.40973854 -1.41399980 -1.41576946 -1.41012812 -1.40814197 -1.40326142 -1.39038730 -1.37878454 -1.36098039 -1.35322380 -1.35636103 -1.27040946 -0.96791428 -0.54467142 0.34781024 0.42000940 -0.29304215 -0.61260056 -0.60711348 -0.63173681 -0.65704155 -0.68703526 -0.73215413 -0.74070597 -0.73342991 -0.69176376 -0.67170978 -0.73770773 -0.71067297 -0.67850626 -0.70698440 -0.70613015 -0.70964527 -0.73245323 -0.73202449 -0.72928423 -0.73156589 -0.73256564 -0.73864651 -0.73067093 -0.60675400 -0.17851478 -0.07133000 -0.92785299 -2.18744636 -2.19958615 -1.64797771 -1.56508112 -1.60196054 -1.63155746 -1.65133524 -1.67014277 -1.68713439
-1.38968396 -1.39189625 -1.39098179 -1.39422357 -1.39710820 -1.39881682 -1.40051961 -1.40018332 -1.39776993 -1.39112437 -1.38702512 -1.37507951 -1.35794866 -1.34456491 -1.34873974 -1.37321591 -1.14112401 -0.75739825 -0.13793230 0.33592352 0.07334150 -0.48723108 -0.62276334 -0.61295557 -0.64664656 -0.66326195 -0.68189657 -0.71126354 -0.71516281 -0.73018461 -0.69034851 -0.65188599 -0.71032965 -0.68371880 -0.67488116 -0.71258527 -0.70386446 -0.70525432 -0.72104126 -0.72086036 -0.72306585 -0.72384429 -0.72496194 -0.72955108 -0.72267318 -0.61146224 -0.19273216 -0.18726844 -1.08549750 -2.30195308 -2.31289554 -1.65219951 -1.55307066 -1.59490132 -1.61823285 -1.64308453 -1.66214430 -1.68122387
-1.37905061 -1.38005733 -1.38158143 -1.38333762 -1.38693702 -1.38540006 -1.38587010 -1.38580573 -1.38256645 -1.37840056 -1.37045443 -1.35660219 -1.34012938 -1.32979894 -1.31224000 -1.19641984 -0.94584072 -0.42685622 0.22829279 0.14299494 -0.22559127 -0.58326948 -0.62894237 -0.63869363 -0.66982102 -0.68140817 -0.68777215 -0.70719850 -0.71647853 -0.73115408 -0.70196986 -0.65682065 -0.68153995 -0.66842723 -0.68612480 -0.71229744 -0.70770729 -0.71261036 -0.72336310 -0.72696817 -0.72433406 -0.72719491 -0.72794253 -0.73069495 -0.72275382 -0.61665106 -0.17263797 -0.21833721 -1.13523221 -2.23874068 -2.41332006 -1.75849187 -1.52612245 -1.58359098 -1.60906124 -1.63204312 -1.65614498 -1.67004204
-1.37016618 -1.36932504 -1.37055528 -1.37253487 -1.37494397 -1.37752593 -1.37545693 -1.37371361 -1.37199521 -1.36418319 -1.35151553 -1.33592105 -1.32416260 -1.32421696 -1.25118637 -0.96794707 -0.66439140 0.03419077 0.32731065 -0.05177692 -0.42465413 -0.62922502 -0.63107443 -0.66204703 -0.69304186 -0.70284283 -0.70735937 -0.72638959 -0.74163407 -0.76041144 -0.73723900 -0.67911309 -0.65647811 -0.66128421 -0.70634758 -0.72711158 -0.72595716 -0.73356813 -0.73850733 -0.73723584 -0.73265308 -0.73438460 -0.74406409 -0.74238181 -0.73085165 -0.62758750 -0.18925825 -0.18161866 -1.04680693 -2.01924968 -2.47094965 -1.89239419 -1.47721076 -1.56750119 -1.59894431 -1.62155569 -1.64256942 -1.66273284
-1.35858440 -1.35943758 -1.36162400 -1.36469781 -1.36964226 -1.37103224 -1.36792719 -1.36453915 -1.35869849 -1.34632027 -1.33505678 -1.32453251 -1.31280386 -1.30704200 -1.13125885 -0.78791904 -0.37091365 0.39151171 0.36473343 -0.28860903 -0.58996612 -0.62953091 -0.63891828 -0.68200547 -0.70593554 -0.71031535 -0.70992488 -0.73619300 -0.76617306 -0.79720855 -0.78245300 -0.70972347 -0.64585388 -0.66541874 -0.71962082 -0.73387140 -0.74025649 -0.74647999 -0.74700958 -0.74404830 -0.74318618 -0.74300981 -0.74807972 -0.74382126 -0.73171687 -0.66251731 -0.29539585 -0.05846010 -0.73266762 -1.68573642 -2.43756652 -2.02996230 -1.43291628 -1.55779898 -1.58762181 -1.61094844 -1.63124454 -1.65191770
-1.35288322 -1.35402298 -1.35931540 -1.36265075 -1.36566460 -1.36662543 -1.36523390 -1.35751402 -1.34766841 -1.33592498 -1.32462370 -1.31655645 -1.30633330 -1.26996350 -0.99558216 -0.71359986 -0.16709760 0.56754023 0.26558703 -0.50342983 -0.63450319 -0.61022204 -0.62619364 -0.67748451 -0.70045191 -0.70104074 -0.70620298 -0.72349489 -0.75721610 -0.79596537 -0.79294831 -0.71630138 -0.63860929 -0.65797329 -0.69853473 -0.71251434 -0.73599523 -0.74333143 -0.74595821 -0.73920238 -0.74003720 -0.73258972 -0.73942941 -0.73011607 -0.71733874 -0.70236737 -0.40423006 0.02899622 -0.43260911 -1.35482085 -2.35287642 -2.14622736 -1.42681813 -1.54744065 -1.57951367 -1.60218072 -1.62484634 -1.64782584
-1.34792006 -1.34965801 -1.35381794 -1.35914767 -1.36316621 -1.36065829 -1.35858178 -1.35318494 -1.34214330 -1.32933235 -1.31767774 -1.30856466 -1.29645574 -1.22543108 -0.87247217 -0.64798248 0.05596206 0.72457802 0.09133858 -0.61044794 -0.63516486 -0.61169654 -0.61912817 -0.66543210 -0.68686110 -0.68623239 -0.69403630 -0.70442253 -0.73078120 -0.76676232 -0.78865540 -0.71475500 -0.63464010 -0.64439338 -0.67409056 -0.69162321 -0.71996266 -0.73132330 -0.73037136 -0.72611749 -0.72668684 -0.71919686 -0.72751421 -0.71195346 -0.70537800 -0.71682984 -0.47397774 0.05153777 -0.20285496 -1.10617089 -2.24215579 -2.19044065 -1.46919882 -1.54095590 -1.57141781 -1.59548426 -1.62480342 -1.64696681
-1.33983517 -1.34243953 -1.34660804 -1.35050571 -1.35606050 -1.35841322 -1.35078001 -1.34439564 -1.33045161 -1.31873024 -1.30773115 -1.29691780 -1.28835511 -1.18753898 -0.85547757 -0.65484858 0.22418723 0.77850711 -0.07453023 -0.63695109 -0.64850718 -0.62231058 -0.62107843 -0.66360158 -0.68782949 -0.69263911 -0.69770443 -0.70464152 -0.71844709 -0.74711794 -0.78221446 -0.71813458 -0.65061706 -0.65847278 -0.66898584 -0.68732071 -0.71233827 -0.72048748 -0.73211187 -0.73425353 -0.72544754 -0.73059124 -0.73211175 -0.71570420 -0.70887035 -0.73232806 -0.48777920 0.03361963 -0.08939034 -1.01355982 -2.16224146 -2.13791680 -1.49386895 -1.53409874 -1.56180751 -1.58808112 -1.61514497 -1.64130282
-1.32706058 -1.33067620 -1.33328485 -1.34013307 -1.34254205 -1.34476495 -1.33687723 -1.32503068 -1.31679142 -1.30549431 -1.29722691 -1.28630865 -1.27944112 -1.14784265 -0.83311254 -0.63469070 0.31611219 0.77825141 -0.20258835 -0.64968270 -0.66952348 -0.63817084 -0.62648410 -0.66246122 -0.69324398 -0.70761317 -0.71597832 -0.72052735 -0.72519386 -0.74665248 -0.77715278 -0.73672599 -0.67956895 -0.67409861 -0.67445850 -0.69140947 -0.71602118 -0.72287464 -0.73187327 -0.73321730 -0.73421609 -0.74507886 -0.74352103 -0.73650777 -0.73754746 -0.76707882 -0.49891269 -0.01627128 -0.11746115 -1.10041893 -2.14012647 -2.03074670 -1.55841219 -1.53043330 -1.55971313 -1.58194113 -1.60770833 -1.62945759
-1.31987739 -1.32174993 -1.32381201 -1.32963109 -1.33407879 -1.33246756 -1.32778931 -1.32010090 -1.31267726 -1.30209029 -1.29200065 -1.27988362 -1.27781951 -1.13116324 -0.83015227 -0.62757730 0.41609928 0.72240096 -0.32710743 -0.65444982 -0.68044674 -0.65006512 -0.62629426 -0.65555483 -0.68577683 -0.70497012 -0.71705753 -0.72414917 -0.73533803 -0.75269228 -0.76899362 -0.72983503 -0.68124944 -0.67447698 -0.67182815 -0.68683141 -0.71188211 -0.71812737 -0.71955383 -0.72685218 -0.72827691 -0.72768378 -0.73119962 -0.72482085 -0.73283839 -0.76598084 -0.45784849 -0.00751910 -0.21222407 -1.27119279 -2.18393636 -1.97174037 -1.59236169 -1.53731203 -1.56160605 -1.57898557 -1.60053706 -1.62122953
-1.31212294 -1.31230986 -1.31716192 -1.32027686 -1.32497978 -1.32636559 -1.32507229 -1.31943142 -1.31490839 -1.29968309 -1.29009759 -1.27845681 -1.27072167 -1.09135222 -0.79212373 -0.54843307 0.51952648 0.64559239 -0.42390028 -0.66396052 -0.68099833 -0.65710479 -0.63141745 -0.65080959 -0.68201447 -0.70275187 -0.71193606 -0.72182113 -0.73312533 -0.74610829 -0.76038533 -0.73211169 -0.67946523 -0.66584581 -0.66383880 -0.67736071 -0.70416099 -0.70969909 -0.70924836 -0.72141236 -0.72099668 -0.71246588 -0.71736610 -0.71413267 -0.72741473 -0.76101422 -0.35715896 0.07837179 -0.31157616 -1.48467565 -2.25471282 -1.99735999 -1.58392787 -1.54157472 -1.56448281 -1.58548212 -1.60272086 -1.62795269
-1.30555832 -1.30659068 -1.31044269 -1.31439781 -1.31870306 -1.32243466 -1.32420683 -1.31856537 -1.31384611 -1.30366254 -1.29024196 -1.28092051 -1.26516783 -1.02711773 -0.70820963 -0.44472021 0.62556350 0.60814506 -0.48536089 -0.66590774 -0.68461031 -0.66164833 -0.62873602 -0.63855547 -0.66284335 -0.67645788 -0.68495595 -0.69887847 -0.71406919 -0.73375845 -0.75044584 -0.73486090 -0.69041133 -0.66891897 -0.66159701 -0.67953324 -0.71266282 -0.70427692 -0.70186907 -0.71646142 -0.70829111 -0.69826221 -0.71435845 -0.71127611 -0.73100120 -0.75596446 -0.25798804 0.19130918 -0.42752367 -1.66414154 -2.32590699 -1.97296429 -1.55925226 -1.55333090 -1.57568562 -1.59584630 -1.61771023 -1.64120770
-1.29409647 -1.29707158 -1.29899693 -1.30392051 -1.30642748 -1.31031346 -1.31247902 -1.31144428 -1.30781627 -1.29727566 -1.28570724 -1.27221775 -1.24316299 -0.97043163 -0.63711882 -0.36410037 0.70571268 0.60130340 -0.51974839 -0.66874063 -0.69684756 -0.68280423 -0.65394914 -0.65451944 -0.67146349 -0.66941631 -0.66514814 -0.67812568 -0.70025849 -0.72151268 -0.74453282 -0.74534518 -0.71790665 -0.68998814 -0.67111331 -0.69553012 -0.72822559 -0.71191335 -0.70788413 -0.71891659 -0.70952743 -0.70740366 -0.72264802 -0.73044753 -0.75115842 -0.75867277 -0.21548325 0.23610726 -0.50862259 -1.77160656 -2.37130904 -1.96883929 -1.52485704 -1.55898678 -1.58351195 -1.60116351 -1.62392211 -1.64200890
-1.27557421 -1.27841735 -1.27985156 -1.28471935 -1.28502727 -1.28815639 -1.29288411 -1.29463518 -1.29206610 -1.28320837 -1.26804578 -1.25350428 -1.21880472 -0.96221977 -0.61955434 -0.34509832 0.77063227 0.64573258 -0.46543425 -0.65322220 -0.68537349 -0.68537837 -0.66334033 -0.65713644 -0.66601443 -0.66378355 -0.65767252 -0.66272932 -0.66829503 -0.68801761 -0.71526057 -0.72498226 -0.71081460 -0.67305017 -0.64926481 -0.67227417 -0.70313406 -0.69599688 -0.69121742 -0.69655877 -0.69284493 -0.69540602 -0.71738935 -0.73779058 -0.75423092 -0.73065245 -0.10701130 0.35415384 -0.44058129 -1.77343881 -2.39882398 -1.94142771 -1.52720070 -1.55449748 -1.57836771 -1.59465265 -1.61190391 -1.63154125
-1.25070453 -1.25458217 -1.25494766 -1.25610280 -1.25860715 -1.26209188 -1.26785660 -1.26969433 -1.26662982 -1.25851429 -1.24484706 -1.22894263 -1.20036137 -1.02255714 -0.64666045 -0.34309494 0.68544549 0.68636858 -0.30616564 -0.64546841 -0.68385971 -0.69350171 -0.68285006 -0.67215371 -0.67430532 -0.67647010 -0.67432171 -0.68178207 -0.67789733 -0.68350726 -0.69381160 -0.70342273 -0.68915349 -0.63864034 -0.61844355 -0.65140271 -0.68139923 -0.67850208 -0.67995429 -0.67950046 -0.66758108 -0.68152905 -0.70825350 -0.72868949 -0.75011098 -0.69222790 -0.06231045 0.40013129 -0.36069316 -1.75092995 -2.34425616 -1.88620806 -1.52062583 -1.54565656 -1.56665814 -1.58300149 -1.59539342 -1.61648619
-1.22683287 -1.22676456 -1.22940409 -1.22997153 -1.23354959 -1.23487890 -1.23895800 -1.24356282 -1.24241400 -1.23322904 -1.22205913 -1.20713603 -1.19101214 -1.07934034 -0.77256835 -0.39188606 0.48807484 0.75153798 -0.06178878 -0.63826203 -0.69263619 -0.71143025 -0.70988464 -0.70537102 -0.71183121 -0.71030110 -0.71042538 -0.71511018 -0.71250761 -0.71359521 -0.72258139 -0.73133886 -0.71276176 -0.66938019 -0.64604568 -0.67208737 -0.69360906 -0.69559038 -0.69392782 -0.69604504 -0.68551427 -0.69082212 -0.72713089 -0.74416745 -0.75259644 -0.59690994 -0.02096311 0.35568625 -0.41441864 -1.83662438 -2.23808408 -1.78502154 -1.52080715 -1.54072082 -1.55774796 -1.57617295 -1.59067059 -1.61084890
-1.22541475 -1.21217418 -1.19819593 -1.18576550 -1.19319665 -1.21009088 -1.22195256 -1.22888684 -1.23323691 -1.23190105 -1.22156930 -1.17540085 -1.11741805 -1.03710878 -0.81981790 -0.38324744 0.26421922 0.81619221 0.20276216 -0.53355044 -0.70741385 -0.72165364 -0.72163504 -0.72628373 -0.73020196 -0.72777331 -0.73117363 -0.73498482 -0.73367697 -0.73351198 -0.75057781 -0.74934930 -0.73178959 -0.70529282 -0.68288016 -0.68802077 -0.71031946 -0.71987796 -0.71138340 -0.71753681 -0.70827764 -0.71040040 -0.74159563 -0.75954020 -0.76843578 -0.49423665 0.05089164 0.29315123 -0.64923012 -1.96663845 -2.10576105 -1.77807236 -1.51962829 -1.53765368 -1.55834639 -1.57679725 -1.59545481 -1.61115742
-1.38189995 -1.24789655 -1.08842254 -1.00598848 -1.03879249 -1.16255212 -1.27409995 -1.33738816 -1.33772242 -1.27009010 -1.13904929 -1.07093346 -1.08915865 -1.09548533 -0.99460733 -0.50759822 0.14525330 0.79034626 0.54558933 -0.21003145 -0.66774619 -0.69420373 -0.69552046 -0.70608371 -0.71393818 -0.71387213 -0.71577960 -0.72067732 -0.72260141 -0.73097670 -0.74650180 -0.73906964 -0.71672827 -0.70033461 -0.67314368 -0.66835058 -0.69515604 -0.71559405 -0.70576036 -0.70944780 -0.70448971 -0.70001960 -0.72606677 -0.74617040 -0.74110323 -0.40394777 0.14170718 0.16686299 -0.98051107 -2.05594993 -2.01357031 -1.73780632 -1.52368855 -1.54107845 -1.55919480 -1.57912624 -1.59959006 -1.61598301
-1.23113489 -1.16305578 -1.38955307 -1.55143809 -1.58412766 -1.40531206 -1.19934607 -1.12890601 -1.09301126 -1.18258035 -1.24774694 -1.31584394 -1.48159420 -1.62670362 -1.65243983 -1.40352178 -0.72321290 0.00926578 0.41819331 0.08548135 -0.45472085 -0.63782197 -0.64863628 -0.66618538 -0.68400091 -0.68343109 -0.67921013 -0.68077755 -0.68069011 -0.68332076 -0.69476449 -0.69611764 -0.68726408 -0.68523955 -0.64127010 -0.62140286 -0.65629065 -0.67318660 -0.66369969 -0.67513907 -0.67094362 -0.67237318 -0.69669813 -0.70510167 -0.63600856 -0.26677725 0.21674010 -0.05574700 -1.40596771 -2.08415580 -1.90820503 -1.63546300 -1.52405667 -1.54442644 -1.56298268 -1.58006084 -1.59725130 -1.61956871
-0.52002698 -0.82687807 -1.52804029 -1.83717752 -1.97887003 -1.68357027 -1.25514328 -0.97823519 -0.93839592 -1.01137447 -1.03135777 -1.10839534 -1.14770722 -1.27101076 -1.43458259 -1.57358003 -1.31690168 -0.74470657 -0.14938958 -0.13874143 -0.41991928 -0.63020933 -0.64829427 -0.66217530 -0.68141556 -0.68282646 -0.68016553 -0.68053383 -0.67748618 -0.68811935 -0.69402367 -0.69269198 -0.71023965 -0.70446038 -0.64609730 -0.62625539 -0.65517682 -0.67012244 -0.66267699 -0.67043084 -0.67149621 -0.67223239 -0.69940990 -0.69948930 -0.52816278 -0.06322419 0.27802646 -0.39149782 -1.75178182 -2.11519623 -1.83055317 -1.54978478 -1.52531171 -1.54619086 -1.56169832 -1.57713163 -1.59585524 -1.61403620
0.15605170 -0.36836001 -0.94595754 -1.31823373 -1.51033127 -1.33887196 -1.10790288 -0.87879771 -0.75588077 -0.64078498 -0.55003220 -0.53561968 -0.57776165 -0.65693694 -0.76841789 -1.05554581 -1.18846869 -0.91365206 -0.51782215 -0.29732266 -0.56857049 -0.65549994 -0.65068525 -0.66407400 -0.67767310 -0.67633992 -0.67280531 -0.67999941 -0.67435282 -0.68459719 -0.69271642 -0.70464128 -0.73319292 -0.72074288 -0.66432065 -0.64668185 -0.67267203 -0.68418032 -0.67313528 -0.68440676 -0.68698984 -0.68584496 -0.70241278 -0.62868869 -0.36486304 0.19973266 0.30035868 -0.73362702 -1.99590516 -2.07762623 -1.76993346 -1.50578749 -1.52706635 -1.54343760 -1.56070638 -1.57864499 -1.59360433 -1.61388373
0.90966451 0.31379130 -0.35320023 -0.77155179 -0.97648692 -0.87747681 -0.46401829 -0.19048792 -0.08276154 -0.07130205 -0.03077206 -0.02429821 -0.07297963 -0.10227066 -0.16880828 -0.44515499 -0.83685488 -0.90819478 -0.64713341 -0.42476815 -0.55979407 -0.66265279 -0.65435827 -0.66245198 -0.66997159 -0.66895920 -0.66593808 -0.66651928 -0.65871596 -0.66991878 -0.67681772 -0.69563180 -0.73980045 -0.70701033 -0.66266286 -0.65776831 -0.67538989 -0.68383998 -0.67219955 -0.68949389 -0.68907523 -0.69827038 -0.64876723 -0.49470702 -0.15111107 0.34628192 0.07916026 -1.03288329 -1.90861702 -1.91244316 -1.65796149 -1.50510991 -1.52554774 -1.54267704 -1.56449318 -1.58014476 -1.59509945 -1.61190307
0.86225736 0.22968459 -0.16717938 -0.21281269 -0.35676095 -0.36501348 -0.29813212 -0.27919078 -0.38934338 -0.49260125 -0.50304043 -0.52172929 -0.53001648 -0.47925597 -0.38331014 -0.36221910 -0.48943797 -0.68503737 -0.67182732 -0.55098939 -0.55204850 -0.63544512 -0.63508868 -0.64087385 -0.64501745 -0.64531851 -0.64760911 -0.65154809 -0.65377760 -0.65235853 -0.63117498 -0.63840818 -0.68983912 -0.67258835 -0.63930130 -0.63884342 -0.65596741 -0.66252518 -0.64700365 -0.65995985 -0.65300065 -0.66174650 -0.58492136 -0.50724512 -0.17418355 0.06485548 -0.31414661 -1.27559602 -1.69603944 -1.81728005 -1.57536519 -1.50264704 -1.52685165 -1.54542506 -1.56464350 -1.57768714 -1.58869147 -1.60495961
0.82126409 0.06670094 -0.40034878 -0.42017466 -0.48085362 -0.58186883 -0.55496782 -0.50429261 -0.46657357 -0.41280669 -0.33383867 -0.31116170 -0.32843837 -0.34103927 -0.31488487 -0.29028296 -0.29351288 -0.37192842 -0.45979559 -0.46666312 -0.49014303 -0.53650314 -0.53985822 -0.54588020 -0.55668861 -0.57816696 -0.59727371 -0.61926657 -0.64107662 -0.65110159 -0.60720241 -0.60360968 -0.65794468 -0.65855443 -0.63330609 -0.63343668 -0.64966816 -0.65042639 -0.64023781 -0.65867710 -0.64831829 -0.66459936 -0.60860717 -0.49016294 -0.34280801 -0.36373883 -1.07165682 -1.69172549 -1.67936623 -1.76882637 -1.52670729 -1.50759232 -1.52786803 -1.54945779 -1.56302154 -1.56979525 -1.57982194 -1.60009885
0.82321757 0.34123251 -0.14768325 -0.45124975 -0.52911282 -0.48999521 -0.34001738 -0.22597459 -0.15961453 -0.14400461 -0.07929921 0.05055291 0.20669520 0.27064443 0.27724385 0.25057349 0.22598988 0.22592434 0.20909214 0.16185027 0.13398269 0.12039872 0.09898255 0.05165888 0.02553421 0.01772426 -0.00541076 -0.04554276 -0.12135771 -0.17781788 -0.21390614 -0.25759432 -0.34823450 -0.38035709 -0.36213470 -0.35858732 -0.38909820 -0.40329707 -0.42879835 -0.47145253 -0.50305128 -0.54259372 -0.47147158 -0.19401994 -0.32164526 -0.70581806 -1.70890760 -2.00778937 -1.67581713 -1.51197422 -1.37509668 -1.39606869 -1.42297924 -1.44209802 -1.45914662 -1.47097778 -1.48301053 -1.50593865
0.60788947 0.60067630 0.41424179 0.34993106 0.17237052 0.10302583 0.11058145 0.00887297 -0.13411413 -0.12951422 -0.10676195 -0.16362447 -0.06151815 -0.00055594 0.01923852 0.03740363 0.04768059 0.09163836 0.11389635 0.14815822 0.17650744 0.22884655 0.23492774 0.23802379 0.23326185 0.28732497 0.31679517 0.32013568 0.29594859 0.31494680 0.32059795 0.41482270 0.36388895 0.33242238 0.25775042 0.16152370 0.15740043 0.21897364 0.23432416 0.21113974 0.16140971 0.12754649 0.20473814 0.37924638 0.14103734 -0.36326808 -1.46663690 -1.75815475 -1.28094006 -1.10623932 -1.09308779 -1.11751890 -1.12305617 -1.15002918 -1.18469512 -1.19289422 -1.15847397 -1.14181602
