-0.59877568 -0.58748144 -0.61085016 -0.55249220 -0.44696921 -0.46806309 -0.45033848 -0.56544018 -0.37893876 -0.49931702 -0.58989769 -0.59186846 -0.61437416 -0.59726334 -0.61232024 -0.64218032 -0.58965063 -0.54016519 -0.57659465 -0.62181997 -0.65065080 -0.64974982 -0.64771301 -0.64827824 -0.65237844 -0.65836918 -0.65538204 -0.65544808 -0.65670156 -0.65945482 -0.65284055 -0.65315402 -0.65200961 -0.65378171 -0.65113997 -0.64832020 -0.63925213 -0.63628542 -0.63914090 -0.61155277 -0.54762608 -0.52941751 -1.43892384 -2.43707299 -2.43808651 -1.85653663 -1.24811411 -0.73835635 -0.56114471 -0.77677655 -0.83591211 -0.90340239 -0.91627747 -0.92829335 -1.24821508 -1.86963952 -2.21868491 -1.46575701
-0.54393607 -0.42337620 -0.58891708 -0.46229619 -0.21617950 -0.40194380 -0.38171157 -0.49357507 -0.39665174 -0.42881081 -0.51215595 -0.54113013 -0.42258108 -0.46414796 -0.45609802 -0.51693434 -0.47865671 -0.38102508 -0.49652484 -0.53849989 -0.64564633 -0.64706570 -0.64694309 -0.64803433 -0.65071166 -0.65145415 -0.65002108 -0.65159738 -0.65144897 -0.65139872 -0.64602339 -0.64795840 -0.64761627 -0.64753556 -0.64230973 -0.64088398 -0.63502133 -0.63381374 -0.62603736 -0.62180471 -0.45668209 -0.77090830 -1.96398902 -2.60270953 -2.38906193 -2.25830817 -1.72975743 -1.11227405 -0.96514904 -1.18555379 -1.39618921 -1.42392802 -1.51798451 -1.72592711 -2.02947998 -2.49184299 -2.31903315 -1.27367592
-0.54058677 -0.38148177 -0.64026022 -0.51363826 -0.17242196 0.11331230 -0.34991908 -0.27426085 -0.17063279 -0.14704214 -0.45454293 -0.49932745 -0.20582260 -0.52475470 -0.36730772 -0.44240886 -0.49958074 -0.18545955 -0.27568591 -0.42038235 -0.64450508 -0.64659715 -0.64798558 -0.64828366 -0.64898765 -0.65352678 -0.65017444 -0.64525276 -0.64425218 -0.64754099 -0.64502299 -0.64351773 -0.64283550 -0.64032692 -0.63589770 -0.63461417 -0.62961179 -0.62723863 -0.63120121 -0.60501915 -0.50488889 -1.42107534 -2.67857170 -2.68527675 -2.36266136 -2.59931993 -2.28730249 -1.58257365 -1.33723092 -1.52931690 -1.70002174 -1.85717154 -1.90802395 -1.97960210 -2.25654101 -2.44975471 -2.20544481 -1.04845810
-0.54857659 -0.51504272 -0.73591578 -0.48533145 0.05661732 0.28723168 -0.26725724 -0.35753256 -0.02728089 0.05959889 -0.38380629 -0.48449701 -0.26107016 -0.21579231 -0.19577006 -0.51730084 -0.47479615 0.01229902 0.00285555 -0.26114681 -0.64812911 -0.64938569 -0.65205210 -0.65388596 -0.65470022 -0.65336567 -0.64984637 -0.64719826 -0.64704943 -0.64943492 -0.64502430 -0.64297521 -0.63849026 -0.63791203 -0.63349724 -0.63222194 -0.62615550 -0.60996032 -0.60879099 -0.55740142 -0.87264997 -2.18166661 -2.98656154 -2.51241469 -2.44005752 -2.74198461 -2.71785069 -2.28968024 -1.99817061 -1.88163722 -1.85056829 -1.84138155 -1.89418757 -2.06244707 -2.28191733 -2.35477710 -2.28223300 -0.93625885
-0.55290079 -0.85931885 -0.77389103 -0.45523715 0.33146396 0.13912439 -0.29938379 -0.44857088 0.11021286 0.08689462 -0.39627260 -0.31335306 -0.14714840 0.08108760 -0.06030326 -0.64708024 -0.43613070 0.26868972 0.30833569 -0.15596323 -0.64878976 -0.65182126 -0.65713090 -0.65623277 -0.65709281 -0.65594202 -0.65223944 -0.64830351 -0.64760154 -0.64770317 -0.64488381 -0.64140397 -0.63770837 -0.63568467 -0.63139230 -0.62916857 -0.61969757 -0.63574934 -0.64526588 -0.71181226 -1.64518309 -2.83509207 -2.99645472 -2.37877631 -2.49567366 -2.77180696 -2.79489756 -2.66531610 -2.53781319 -2.40118551 -2.28282952 -2.23953295 -2.33212805 -2.47198486 -2.60112071 -2.68770838 -2.26525688 -0.45491192
-0.66814798 -0.93147498 -0.66051233 -0.34697464 0.03489697 -0.21627860 -0.30795625 -0.07274035 0.23184055 -0.23443225 -0.47944242 -0.27235156 -0.03999256 -0.11538906 -0.30446586 -0.73861438 -0.31695634 0.28758347 0.32630754 -0.21164857 -0.65019065 -0.65123069 -0.65590161 -0.65797806 -0.65669066 -0.65737545 -0.65095109 -0.64873135 -0.64481920 -0.64413905 -0.64007157 -0.63903105 -0.63633537 -0.63139653 -0.62993634 -0.62639451 -0.63494223 -0.63799417 -0.62382179 -1.14280868 -2.45321393 -3.19018006 -2.83036613 -2.46073198 -2.62570477 -2.80043244 -2.83171558 -2.82734489 -2.83236074 -2.78537130 -2.70614028 -2.64262271 -2.62250185 -2.63398409 -2.75617957 -2.80435705 -2.03499913 -0.03606638
-0.69229776 -0.67571414 -0.60109341 -0.52375424 -0.36915773 -0.52221406 -0.14163704 -0.06548032 0.09084775 -0.60396385 -0.50891125 -0.35790557 -0.15742493 -0.38806784 -0.52911764 -0.71909517 -0.28661999 0.12366264 0.07938440 -0.42478889 -0.65132147 -0.65190566 -0.65733236 -0.65953457 -0.66077524 -0.65959042 -0.65289021 -0.64957410 -0.64297867 -0.64145929 -0.64072108 -0.64000618 -0.63393599 -0.63132232 -0.63933110 -0.66334295 -0.66040140 -0.66998094 -0.86198980 -1.93104851 -3.07676506 -3.11233997 -2.75153947 -2.67103434 -2.71771145 -2.79001355 -2.81232285 -2.82858109 -2.82676363 -2.78398299 -2.73986745 -2.68309331 -2.64103961 -2.64162135 -2.74470234 -2.80846381 -1.82914722 0.14331949
-0.70608968 -0.68299180 -0.57433575 -0.78148228 -0.67490906 -0.57348329 -0.24573800 -0.38880321 -0.24156700 -0.65689820 -0.52486062 -0.54415274 -0.50656623 -0.61875916 -0.66338581 -0.72277582 -0.44288310 -0.17165902 -0.42629904 -0.56944185 -0.65159959 -0.65127140 -0.65630573 -0.65761274 -0.66042858 -0.65729511 -0.65613979 -0.64922422 -0.64165789 -0.63919103 -0.63770735 -0.63588142 -0.62716943 -0.66919976 -0.68900126 -0.77453989 -0.76787508 -0.93226844 -1.60813594 -2.68577218 -3.14075089 -2.86733222 -2.76022410 -2.79101944 -2.81075311 -2.78625989 -2.80165434 -2.77803421 -2.64787817 -2.57794070 -2.70616937 -2.73624945 -2.64650607 -2.65935946 -2.80236363 -2.87814665 -1.64394474 0.19986781
-0.60945696 -0.69325042 -0.81442124 -0.84133136 -0.62022018 -0.52721703 -0.53514427 -0.58045846 -0.52823621 -0.70228577 -0.59432924 -0.69729036 -0.64462364 -0.73795557 -0.73849130 -0.64825118 -0.49226549 -0.52745581 -0.62418687 -0.62362117 -0.65053785 -0.65104413 -0.65413326 -0.65435940 -0.65407819 -0.65657294 -0.65463644 -0.64724272 -0.64186019 -0.63900143 -0.63677174 -0.62933123 -0.66049266 -0.69735134 -0.83306098 -0.97458684 -1.26942015 -1.71838450 -2.47872233 -3.07166195 -2.91061044 -2.77388835 -2.83946586 -2.87173867 -2.83884692 -2.74865222 -2.71449304 -2.62847829 -2.16258931 -1.99331009 -2.37907863 -2.68344522 -2.57719827 -2.57854605 -2.64326119 -2.54515004 -1.64673936 0.10403865
-0.61281067 -0.63590103 -0.66256273 -0.61909884 -0.58981007 -0.59420669 -0.63639772 -0.61824971 -0.63615310 -0.63694161 -0.63464773 -0.65309471 -0.66850495 -0.67977285 -0.64717484 -0.63365072 -0.62667853 -0.65901124 -0.64089286 -0.64352065 -0.64717507 -0.64833105 -0.64902252 -0.64932102 -0.64969665 -0.65234476 -0.64447618 -0.64419562 -0.64061856 -0.63758606 -0.63507879 -0.64719582 -0.65231663 -0.66765058 -1.04783678 -1.67878270 -2.03289819 -2.38503289 -2.74728632 -2.81845880 -2.73325062 -2.81162095 -2.87041116 -2.87909842 -2.76464701 -2.71057892 -2.81936383 -2.49805784 -1.63681638 -1.29718542 -2.03355980 -2.61238718 -2.45097899 -2.50317860 -2.26579309 -1.96215236 -1.37447095 -0.10293458
-0.61261505 -0.61479598 -0.61735171 -0.61945504 -0.62307322 -0.62433708 -0.62789595 -0.63214058 -0.63456935 -0.63181627 -0.63466829 -0.64296436 -0.64630961 -0.64125955 -0.64247721 -0.64448065 -0.64868742 -0.64681739 -0.64465743 -0.64241803 -0.64379215 -0.64540297 -0.64480150 -0.64498788 -0.64328945 -0.64086002 -0.63957840 -0.63706237 -0.63123453 -0.63400000 -0.61295056 -0.59861237 -0.60096169 -0.91636038 -1.80873299 -2.35731125 -2.41754198 -2.35897994 -2.58327317 -2.63143682 -2.70973110 -2.80395532 -2.84241652 -2.84712410 -2.75784111 -2.83754373 -2.99600434 -2.45111394 -1.23184860 -1.24363542 -2.25043011 -2.77135444 -2.58748221 -2.54874253 -1.97390747 -1.52852917 -1.28752887 -0.37574109
-0.61440504 -0.61656612 -0.62338042 -0.62268007 -0.62549794 -0.62750542 -0.63243484 -0.63381279 -0.63661999 -0.63241029 -0.63587457 -0.64106125 -0.64707923 -0.64430273 -0.64324528 -0.64494133 -0.64684629 -0.64452708 -0.64243734 -0.64060712 -0.64261764 -0.64278716 -0.64407247 -0.64109725 -0.63981384 -0.63916355 -0.63595301 -0.62643021 -0.62820017 -0.62199169 -0.61191756 -0.60356575 -0.72204697 -1.46030593 -2.40510297 -2.69758201 -2.48740077 -2.44029474 -2.63566065 -2.69170928 -2.76298738 -2.80924153 -2.83208418 -2.83446002 -2.82760525 -3.01215577 -3.02031827 -2.19143033 -1.16233039 -1.53748846 -2.73446465 -3.01432467 -2.89283919 -2.52107430 -1.74786472 -1.58509290 -1.71898460 -0.58701533
-0.61834949 -0.62214440 -0.62619418 -0.62620115 -0.62748617 -0.63151824 -0.63517791 -0.63621461 -0.63674778 -0.63537937 -0.63948321 -0.64336056 -0.64718574 -0.64796847 -0.64555776 -0.64788860 -0.64904380 -0.64816040 -0.64096433 -0.64163274 -0.64466602 -0.64416045 -0.64223820 -0.63848752 -0.63842195 -0.63783550 -0.63018590 -0.62615472 -0.62585169 -0.60393554 -0.58584249 -0.54542965 -0.99355865 -2.22978950 -2.97322702 -2.73012233 -2.63909101 -2.69876790 -2.77057528 -2.80585599 -2.83707190 -2.85925245 -2.87295413 -2.87234402 -2.95808005 -3.15506577 -3.08532381 -2.26669407 -1.45763552 -1.92165434 -2.72150445 -2.89826012 -2.95197368 -2.38827467 -1.78321743 -1.73931718 -1.87460411 -0.43555450
-0.61850709 -0.62552208 -0.62637573 -0.62693822 -0.63068068 -0.63485056 -0.63762987 -0.64003295 -0.63950592 -0.64091420 -0.64169371 -0.64719868 -0.64950860 -0.65038365 -0.64650053 -0.64835179 -0.64884472 -0.64521563 -0.64177912 -0.64302212 -0.64168519 -0.64177006 -0.64079362 -0.63868773 -0.63586694 -0.63199884 -0.63009596 -0.62628585 -0.61630154 -0.61903453 -0.58692622 -0.62870669 -1.68882537 -2.91948438 -2.92776728 -2.67080402 -2.72892785 -2.78138757 -2.80480385 -2.83792567 -2.86323571 -2.87620163 -2.88370752 -2.88060379 -2.94720364 -2.99709582 -2.86806607 -2.55692840 -2.07300901 -2.23279524 -2.54740930 -2.75613022 -2.92220521 -2.43646073 -1.91951454 -1.90554774 -1.66578650 0.11457574
-0.62174445 -0.62430072 -0.62857997 -0.63001055 -0.63482857 -0.63517636 -0.64012331 -0.64095336 -0.64173132 -0.64128268 -0.64579254 -0.64926511 -0.65259588 -0.64922577 -0.64665484 -0.65035975 -0.64839226 -0.64206815 -0.64067674 -0.64092189 -0.64095229 -0.63828456 -0.63848835 -0.63498312 -0.63053012 -0.62702966 -0.62826568 -0.62298995 -0.60508054 -0.58519131 -0.47977105 -1.03765404 -2.46448469 -3.12640214 -2.77434015 -2.70750427 -2.80573034 -2.81670308 -2.81865430 -2.85212588 -2.86668897 -2.86636186 -2.87118411 -2.87889671 -2.87211680 -2.82263064 -2.76919675 -2.75523424 -2.65479755 -2.64595628 -2.69248128 -2.71497321 -2.59150314 -2.45033717 -2.31788993 -2.11467791 -1.25506246 0.54730934
-0.62524253 -0.62459379 -0.63126290 -0.63200015 -0.63231766 -0.63538128 -0.64163059 -0.64281058 -0.63990980 -0.64093572 -0.64405495 -0.64983362 -0.65386152 -0.65086997 -0.64885139 -0.64799583 -0.65027660 -0.64233756 -0.63638830 -0.63884360 -0.63765711 -0.63560528 -0.63688529 -0.63396317 -0.62822312 -0.62725782 -0.62812859 -0.62273860 -0.64695042 -0.62878412 -0.65240008 -1.78805232 -3.04058504 -3.02440405 -2.67916870 -2.79346490 -2.85445428 -2.84798717 -2.85702729 -2.87931776 -2.89196754 -2.88663316 -2.88741827 -2.89518380 -2.89880776 -2.87089944 -2.82615209 -2.78883648 -2.76775837 -2.77231336 -2.77948546 -2.73455191 -2.61210895 -2.62790942 -2.59298968 -2.19726229 -0.77587211 0.80536705
-0.62266976 -0.62566054 -0.62912613 -0.63002962 -0.63085896 -0.63575232 -0.63987905 -0.64250916 -0.64006162 -0.64014411 -0.64353949 -0.64928365 -0.65267330 -0.64970249 -0.64889032 -0.65061724 -0.64817584 -0.63972282 -0.63475573 -0.63865364 -0.63618970 -0.63126367 -0.63178825 -0.63241768 -0.62924331 -0.62350875 -0.62549394 -0.66191697 -0.68679547 -0.66840589 -1.29713047 -2.57299757 -3.19056225 -2.80743551 -2.73365474 -2.86849403 -2.89550805 -2.88617086 -2.89964771 -2.92545319 -2.93486905 -2.92374802 -2.92041969 -2.92889071 -2.92355108 -2.90352821 -2.87771726 -2.83910871 -2.80997396 -2.79944634 -2.79324603 -2.73425221 -2.59342480 -2.54351926 -2.42134786 -2.01808071 -0.16655351 1.12706971
-0.62311155 -0.62227213 -0.62661850 -0.62852377 -0.62962729 -0.63405240 -0.64082175 -0.64011633 -0.63946265 -0.63962716 -0.64304334 -0.64549392 -0.64842242 -0.64579338 -0.64576721 -0.64791983 -0.64522088 -0.63615400 -0.63323414 -0.63567746 -0.63288808 -0.62523597 -0.62326795 -0.62723690 -0.62504280 -0.62120831 -0.65495914 -0.68119609 -0.76592433 -1.19511712 -2.24199343 -3.16300082 -2.99674296 -2.67855024 -2.78512430 -2.88276696 -2.88883257 -2.88283825 -2.90758443 -2.93306375 -2.93709564 -2.92699790 -2.92370200 -2.93190622 -2.92895293 -2.91543746 -2.88661695 -2.84529829 -2.78944898 -2.74306870 -2.68573475 -2.49269223 -2.29359818 -2.12940621 -1.97471738 -1.27485013 0.34131953 1.17561972
-0.62144309 -0.61848301 -0.62660617 -0.62759990 -0.62969309 -0.63249570 -0.63711810 -0.64146513 -0.63881958 -0.63869876 -0.64019680 -0.64482987 -0.64430749 -0.64189678 -0.64254469 -0.64293313 -0.64207476 -0.63773882 -0.63045561 -0.62910438 -0.62979692 -0.62111551 -0.61838049 -0.62162006 -0.63395482 -0.65839124 -0.68000835 -0.75619900 -1.27129817 -2.08888984 -2.85305858 -2.96116662 -2.69808030 -2.67997670 -2.81114697 -2.88018775 -2.88166571 -2.88464713 -2.91363645 -2.93607926 -2.93604493 -2.92601848 -2.92091584 -2.92331791 -2.92896914 -2.92287636 -2.89698553 -2.83558869 -2.74523067 -2.65522671 -2.50845003 -2.09101439 -1.73040235 -1.39733112 -1.28520811 -0.48929927 0.59694308 0.88963860
-0.61944693 -0.62051111 -0.62401551 -0.62788999 -0.63084430 -0.63009131 -0.63571942 -0.63920206 -0.63727683 -0.63454390 -0.63936484 -0.64285374 -0.64258564 -0.64203948 -0.64177114 -0.63920456 -0.63871998 -0.63537401 -0.62796402 -0.62818211 -0.62766510 -0.62297267 -0.61775696 -0.64823323 -0.67457628 -0.70823908 -0.74276787 -1.22960055 -2.04154778 -2.73860717 -2.87360549 -2.71098137 -2.62214541 -2.71139312 -2.82235670 -2.88317180 -2.87956715 -2.89336944 -2.92102361 -2.94195867 -2.94145584 -2.93114948 -2.92448473 -2.92912602 -2.93433690 -2.92859530 -2.90702891 -2.82240605 -2.70895171 -2.65016222 -2.41260958 -1.63163781 -0.89213926 -0.68963349 -0.83877069 -0.12399521 0.52890831 0.37793383
-0.61852664 -0.62100911 -0.62380207 -0.62502998 -0.62774694 -0.62825584 -0.63511974 -0.63655043 -0.63518310 -0.63219142 -0.63730824 -0.64112413 -0.64055216 -0.63930804 -0.63704890 -0.63672382 -0.63474214 -0.63368154 -0.62574965 -0.62516218 -0.62211967 -0.63143820 -0.66872174 -0.73038137 -0.77841544 -0.90043741 -1.32244265 -2.02475166 -2.67861128 -2.82175922 -2.70129967 -2.67388368 -2.69326687 -2.71549964 -2.81045699 -2.87375116 -2.87457824 -2.88691640 -2.91608930 -2.93603897 -2.93991327 -2.92970014 -2.92309809 -2.92572284 -2.92614841 -2.91491294 -2.89714527 -2.81514907 -2.70305514 -2.68297458 -2.20813060 -0.97952241 -0.12101328 -0.28414711 -0.46569952 -0.09643710 0.08558515 -0.13894257
-0.62139881 -0.62224114 -0.62525076 -0.62491393 -0.63030756 -0.63033974 -0.63425332 -0.63863820 -0.63485491 -0.63203818 -0.63768119 -0.64173704 -0.63796747 -0.63623363 -0.63512450 -0.63496035 -0.63290554 -0.63094711 -0.62677878 -0.62105751 -0.61788195 -0.64363295 -0.69674122 -0.76150590 -1.14946377 -1.62988770 -2.10088587 -2.58854651 -2.72997093 -2.69073963 -2.69691133 -2.74579263 -2.72661352 -2.70422292 -2.79164195 -2.85817456 -2.86508727 -2.89244199 -2.91779494 -2.93375039 -2.93573785 -2.92613435 -2.91488075 -2.91731429 -2.90936041 -2.88758421 -2.85798502 -2.79502130 -2.76239085 -2.77853513 -2.05654335 -0.40641147 0.52307105 0.05875278 -0.34370637 -0.25411627 -0.31382248 -0.52849609
-0.61998695 -0.62451130 -0.62559009 -0.62758482 -0.63041568 -0.63173270 -0.63524288 -0.63832730 -0.63386708 -0.63496882 -0.63946879 -0.63907397 -0.63393945 -0.63382375 -0.63341492 -0.63146281 -0.62887108 -0.62699163 -0.62399065 -0.61076939 -0.62559032 -0.61818850 -0.75028151 -1.29570866 -1.93777311 -2.28152990 -2.51577425 -2.55809999 -2.61733603 -2.68957067 -2.76699018 -2.78452611 -2.73069906 -2.69748497 -2.78597283 -2.85498881 -2.86863112 -2.89455962 -2.92181611 -2.92903280 -2.92872143 -2.92268157 -2.91537046 -2.91146278 -2.89818931 -2.85834146 -2.81256318 -2.79173279 -2.81870294 -2.79930568 -1.89129448 0.07627511 1.06455767 0.28708565 -0.35373771 -0.48661146 -0.57943964 -0.68727237
-0.61769897 -0.62097722 -0.62390232 -0.62683463 -0.62856686 -0.62993413 -0.63305092 -0.63519341 -0.63368040 -0.63484573 -0.63619876 -0.63646138 -0.63354677 -0.63188738 -0.62656212 -0.62524253 -0.62343127 -0.62525028 -0.61927587 -0.60843837 -0.59863281 -0.64841712 -1.20007563 -2.04428959 -2.48195982 -2.49162340 -2.52910662 -2.51287055 -2.65212035 -2.74870396 -2.79750609 -2.79522395 -2.72005868 -2.68504524 -2.77902722 -2.84159374 -2.86684775 -2.90086246 -2.92428017 -2.92397380 -2.92182589 -2.91880655 -2.91759229 -2.91871285 -2.89093494 -2.83384037 -2.80528402 -2.78223634 -2.85634542 -2.81010914 -1.63136399 0.54868448 1.24791026 0.25281420 -0.54663831 -0.66025871 -0.68741977 -0.70563453
-0.61652517 -0.61730683 -0.61868155 -0.62198246 -0.62437433 -0.62519234 -0.62806785 -0.63057703 -0.62803382 -0.63134664 -0.63368630 -0.63250184 -0.63120323 -0.62679052 -0.62029892 -0.61846131 -0.61691940 -0.61446464 -0.60067761 -0.57901019 -0.56867540 -0.84324616 -1.83402216 -2.66681957 -2.70785737 -2.54725766 -2.57004046 -2.61326075 -2.71914411 -2.77939773 -2.79688668 -2.79333591 -2.71822739 -2.66008329 -2.74883413 -2.83018255 -2.86531186 -2.89611626 -2.91081023 -2.90828586 -2.91571951 -2.91452098 -2.91024566 -2.89416814 -2.86641359 -2.82617116 -2.78466463 -2.74709678 -2.79686069 -2.68241286 -1.28468359 0.83386433 1.20585728 0.12436683 -0.61101359 -0.67513609 -0.69395310 -0.70518738
-0.61311603 -0.61324155 -0.61569202 -0.61966592 -0.62098354 -0.62205249 -0.62382525 -0.62434322 -0.62663233 -0.62977958 -0.62876648 -0.62970626 -0.62979019 -0.62379152 -0.61533844 -0.61235422 -0.61013532 -0.60879594 -0.58996010 -0.59213418 -0.56937343 -1.31579387 -2.55104947 -2.92931962 -2.65704298 -2.61030769 -2.62850332 -2.66775441 -2.73964119 -2.78283858 -2.79610276 -2.80588317 -2.72406912 -2.66114259 -2.74163842 -2.83239913 -2.87826514 -2.89860678 -2.90532303 -2.90866137 -2.91485262 -2.90951538 -2.90357518 -2.88504004 -2.85107183 -2.81341553 -2.74791765 -2.68336058 -2.72964597 -2.53568554 -0.86667556 1.08533370 1.06165183 -0.01941604 -0.62687576 -0.67623472 -0.69380456 -0.70929629
-0.61114824 -0.61169887 -0.61299342 -0.61638218 -0.61441255 -0.61717010 -0.61855036 -0.61621338 -0.62299782 -0.62177002 -0.62131643 -0.62349224 -0.62202781 -0.62042332 -0.60912716 -0.60327369 -0.59982228 -0.59344846 -0.56771278 -0.50420070 -0.77750385 -2.01862669 -3.03391457 -2.84564400 -2.64484239 -2.69065857 -2.67855954 -2.68362474 -2.73625779 -2.78898668 -2.81391764 -2.81416416 -2.74331975 -2.68377852 -2.77489448 -2.86447906 -2.90224624 -2.90687346 -2.90799713 -2.91639709 -2.92441511 -2.91459036 -2.90510011 -2.89131331 -2.86399007 -2.82172585 -2.71261048 -2.63982296 -2.70936275 -2.30026031 -0.30897251 1.29648721 0.85219979 -0.25540367 -0.63387740 -0.67136902 -0.69083387 -0.70107341
-0.60984135 -0.60823852 -0.60832173 -0.61059409 -0.61057109 -0.61159801 -0.61148548 -0.61299199 -0.61747235 -0.61374313 -0.61301255 -0.61433315 -0.61543071 -0.61218536 -0.60537428 -0.59954196 -0.59482187 -0.56760645 -0.53630948 -0.45340279 -1.20986569 -2.70345831 -3.07122159 -2.72604203 -2.70939994 -2.74196792 -2.69914627 -2.68161225 -2.72416902 -2.78612733 -2.82059503 -2.82023644 -2.74746871 -2.71118283 -2.79770947 -2.87920046 -2.90152311 -2.90734029 -2.90737176 -2.92150736 -2.92784524 -2.91368794 -2.89799094 -2.89199233 -2.87704611 -2.81146574 -2.67283916 -2.66309237 -2.74445772 -1.84675515 0.32927227 1.30794930 0.48031524 -0.44818535 -0.64357793 -0.67017341 -0.68793923 -0.69628727
-0.60817498 -0.60676777 -0.60812217 -0.60471082 -0.60484809 -0.60652453 -0.60575551 -0.60870928 -0.61148661 -0.60821420 -0.60742307 -0.60745144 -0.60828221 -0.60503864 -0.60106343 -0.59619969 -0.59184885 -0.55674160 -0.47549996 -0.55139571 -1.79260051 -3.04778099 -2.92681479 -2.68557382 -2.75036263 -2.76049471 -2.71733809 -2.69156408 -2.73178077 -2.79111385 -2.82953072 -2.82363248 -2.75310612 -2.72710347 -2.81165481 -2.87512088 -2.89615631 -2.90619898 -2.91148257 -2.91888404 -2.92437935 -2.91072464 -2.89279795 -2.89103150 -2.87756443 -2.79823685 -2.68502283 -2.75353718 -2.72651553 -1.14191103 0.93288648 1.15174437 0.01188391 -0.56441766 -0.64897925 -0.66906410 -0.68715996 -0.69670570
-0.60772169 -0.60149741 -0.60280615 -0.60235083 -0.59779841 -0.59972566 -0.60231161 -0.60406280 -0.60511822 -0.60393614 -0.60376537 -0.60165071 -0.60149252 -0.60065264 -0.59616572 -0.59148973 -0.58169609 -0.53310412 -0.39579082 -0.90381670 -2.36304450 -3.11029840 -2.76552248 -2.71389484 -2.78573394 -2.78409600 -2.74811697 -2.71462917 -2.74197459 -2.80240870 -2.83936334 -2.83071852 -2.76433969 -2.75755692 -2.83222771 -2.88300729 -2.89811444 -2.91637492 -2.91920066 -2.91939163 -2.92071867 -2.91013813 -2.89524269 -2.89644361 -2.88203835 -2.79027581 -2.71971989 -2.84886742 -2.59303069 -0.46219978 1.31735599 0.86888939 -0.32492286 -0.61006534 -0.64805198 -0.66899544 -0.68358445 -0.69118476
-0.60120815 -0.59926242 -0.60210979 -0.59923691 -0.59330118 -0.59535688 -0.59842283 -0.59884900 -0.60154969 -0.60004783 -0.59941840 -0.59834743 -0.59371859 -0.59442294 -0.58823502 -0.58619744 -0.56466860 -0.50798559 -0.40513515 -1.32713270 -2.86706352 -3.06453347 -2.70328593 -2.75233197 -2.80580544 -2.81473327 -2.79280424 -2.74032569 -2.75929904 -2.79625225 -2.84298778 -2.82872200 -2.77329445 -2.79599953 -2.85645032 -2.88729215 -2.91030478 -2.92205405 -2.92193961 -2.92067647 -2.92042613 -2.91579962 -2.90290999 -2.89463115 -2.87850714 -2.79375029 -2.78918815 -2.89906645 -2.21644402 0.09340350 1.43224704 0.54218322 -0.47877693 -0.62465221 -0.65026116 -0.66711986 -0.67845619 -0.69051230
-0.59406865 -0.59953350 -0.59432560 -0.59263426 -0.59086305 -0.59194690 -0.59115970 -0.59510547 -0.59561861 -0.59490973 -0.59310371 -0.59401065 -0.59104002 -0.58911109 -0.58354819 -0.57868499 -0.56347942 -0.48056594 -0.57706010 -1.87587774 -3.08968472 -2.88002563 -2.68620372 -2.75937915 -2.80734110 -2.82102728 -2.82257318 -2.77604866 -2.74874568 -2.76886630 -2.82745266 -2.81720471 -2.77221942 -2.81807280 -2.86829448 -2.88290811 -2.90933847 -2.92153502 -2.91472363 -2.91048098 -2.91477275 -2.90867710 -2.89692307 -2.88654351 -2.87143469 -2.81409359 -2.85715652 -2.93312120 -1.86960971 0.51922101 1.40863490 0.30913076 -0.55235583 -0.62898898 -0.65235150 -0.66939205 -0.67906445 -0.68760628
-0.58847517 -0.59236413 -0.58745277 -0.58624536 -0.58570910 -0.58768439 -0.58756012 -0.58934456 -0.58750993 -0.59022003 -0.59004796 -0.58771783 -0.58482093 -0.58209318 -0.58232576 -0.57040352 -0.54908448 -0.41640064 -0.94879055 -2.42126584 -3.11382937 -2.74456167 -2.68955684 -2.77548695 -2.81642127 -2.83357239 -2.83690667 -2.81531525 -2.76935840 -2.76001930 -2.81792188 -2.80146646 -2.77559566 -2.83001065 -2.87405825 -2.88161206 -2.91165543 -2.91940641 -2.91066313 -2.90322900 -2.90995479 -2.90890551 -2.89208555 -2.88421726 -2.87320733 -2.82042503 -2.91159034 -2.96523666 -1.66009760 0.66777551 1.28799903 0.15282206 -0.57084543 -0.62929815 -0.65373504 -0.66915721 -0.67727256 -0.68529981
-0.58109409 -0.58367765 -0.58154446 -0.57966435 -0.58212972 -0.58469081 -0.58343601 -0.58307916 -0.58469516 -0.58403593 -0.58674967 -0.58443284 -0.57802916 -0.57745081 -0.57122749 -0.56786883 -0.54557467 -0.53197891 -1.57739079 -2.93423009 -3.02559114 -2.65810394 -2.70709276 -2.78702259 -2.82142925 -2.83555913 -2.84274983 -2.83898592 -2.78108025 -2.74214029 -2.77896976 -2.76333737 -2.77846026 -2.84053493 -2.87338018 -2.87791777 -2.90011978 -2.90383887 -2.89612150 -2.89223742 -2.89745045 -2.89397907 -2.87973642 -2.87348747 -2.86381435 -2.83845496 -2.94039392 -2.97243404 -1.62099624 0.54510272 1.04279566 0.06647922 -0.56864768 -0.62619269 -0.65008992 -0.66540402 -0.67407805 -0.68571770
-0.57578266 -0.57809061 -0.57642609 -0.57666862 -0.57926059 -0.57958233 -0.58042186 -0.58085895 -0.57917482 -0.57825392 -0.58037150 -0.57742089 -0.57204187 -0.57022130 -0.55140138 -0.53359461 -0.47681698 -0.96328825 -2.35716081 -3.11632490 -2.76251030 -2.63070393 -2.73900270 -2.79585218 -2.81429577 -2.82743788 -2.83799458 -2.84808517 -2.79291654 -2.72991538 -2.73785210 -2.73185849 -2.78398371 -2.84868765 -2.86959696 -2.86806202 -2.88831377 -2.88969254 -2.88611817 -2.88494396 -2.88474774 -2.88338828 -2.86913824 -2.86686039 -2.85955834 -2.86786008 -2.94686937 -2.90904951 -1.66458666 0.22395450 0.83566487 0.08972564 -0.53684098 -0.62252569 -0.64298576 -0.66180050 -0.67225969 -0.68149781
-0.57155371 -0.57314682 -0.57431751 -0.57245153 -0.57388914 -0.57571733 -0.57578444 -0.57508963 -0.57675046 -0.57589555 -0.57209265 -0.57011670 -0.56674773 -0.56385708 -0.53398925 -0.51138133 -0.57723731 -1.65197372 -2.90381646 -2.90409851 -2.57489276 -2.66440511 -2.77416039 -2.80790305 -2.82224512 -2.83582449 -2.85214710 -2.86782718 -2.81128168 -2.73811316 -2.71240330 -2.72411370 -2.80533862 -2.86571002 -2.87694955 -2.88303494 -2.90005326 -2.89545798 -2.89171767 -2.88881707 -2.88803053 -2.88386822 -2.87350965 -2.87200284 -2.87038398 -2.90246964 -2.92053008 -2.82447362 -1.87540865 -0.22732879 0.68937701 0.30142879 -0.45833188 -0.61249971 -0.63928854 -0.65857798 -0.66958231 -0.67475092
-0.56900781 -0.57224953 -0.57120252 -0.56904668 -0.56937498 -0.57395262 -0.57294846 -0.57397455 -0.57297432 -0.56923270 -0.56709391 -0.56580287 -0.56287253 -0.55250126 -0.50494677 -0.40847015 -0.90734655 -2.32165074 -3.03738403 -2.68860674 -2.58039284 -2.71147060 -2.79225421 -2.80929899 -2.82326341 -2.83663988 -2.85504365 -2.87119293 -2.82820797 -2.74697590 -2.69731927 -2.72742558 -2.82808805 -2.86876464 -2.87863159 -2.89504933 -2.90571642 -2.89370799 -2.88718557 -2.88496733 -2.89082527 -2.88144970 -2.87385321 -2.87224936 -2.87727261 -2.89248300 -2.87064099 -2.75057364 -2.11697149 -0.64313835 0.69182003 0.58285427 -0.32589832 -0.60841697 -0.63556308 -0.65311176 -0.66089785 -0.67063141
-0.56358230 -0.56861067 -0.57121909 -0.56747669 -0.56301683 -0.56939590 -0.57368863 -0.57148212 -0.57109666 -0.56847829 -0.56439936 -0.56350118 -0.55799299 -0.54350990 -0.46280283 -0.38848218 -1.36493516 -2.89433265 -2.98873925 -2.58400440 -2.62497354 -2.73256898 -2.78707051 -2.80024457 -2.81923962 -2.83488560 -2.85546780 -2.86439633 -2.82863665 -2.74473214 -2.67976570 -2.72921944 -2.83119130 -2.86221457 -2.87307739 -2.89077258 -2.89606667 -2.89000440 -2.88622022 -2.88198280 -2.88455415 -2.86844683 -2.86439109 -2.86507726 -2.86894584 -2.83924484 -2.80847931 -2.71953654 -2.36746478 -0.93526471 0.68523824 0.78972322 -0.15897700 -0.59445691 -0.63153893 -0.64801502 -0.66249681 -0.66962516
-0.56131715 -0.56602198 -0.56614453 -0.56429374 -0.56281388 -0.56711346 -0.56968898 -0.56983674 -0.56970704 -0.56408751 -0.56139207 -0.56098348 -0.55389404 -0.52099687 -0.36549190 -0.47907159 -1.75525951 -3.06057715 -2.86361814 -2.59430838 -2.65210891 -2.74124503 -2.78584766 -2.80395293 -2.82724524 -2.84570885 -2.85834932 -2.86020446 -2.83869100 -2.75447965 -2.68410635 -2.73653388 -2.81733537 -2.84697747 -2.87875080 -2.89624429 -2.89335990 -2.88922930 -2.88181472 -2.87743807 -2.88321519 -2.86612153 -2.86190343 -2.86759925 -2.87206674 -2.81230950 -2.77951550 -2.69490004 -2.52217269 -1.12380326 0.72409284 0.95776445 -0.03536705 -0.58777952 -0.62858963 -0.64345127 -0.66103041 -0.66649634
-0.55371648 -0.55967522 -0.56204504 -0.55858588 -0.55847692 -0.56078380 -0.56390542 -0.56539673 -0.56204087 -0.56105709 -0.55593878 -0.55086374 -0.54717946 -0.50314504 -0.29630518 -0.62003189 -1.99742031 -3.08798504 -2.80106425 -2.60859632 -2.65503669 -2.72892976 -2.78213048 -2.81232643 -2.83779478 -2.85136318 -2.85463667 -2.85814238 -2.85208893 -2.76569867 -2.69985747 -2.73422766 -2.79870510 -2.84414482 -2.88401151 -2.89995861 -2.89313555 -2.88401556 -2.88128948 -2.87684989 -2.87980247 -2.86708689 -2.86222816 -2.87116647 -2.86743593 -2.78999949 -2.70150280 -2.64513683 -2.58828545 -1.16445994 0.79348898 1.03441715 0.00747370 -0.57584822 -0.62339491 -0.63694572 -0.65262657 -0.66071743
-0.55050004 -0.55603129 -0.55741739 -0.55287927 -0.55317783 -0.56038630 -0.55950296 -0.55727893 -0.55812496 -0.55901653 -0.55238259 -0.54821318 -0.54343164 -0.48140362 -0.24808381 -0.72602093 -2.16579938 -3.08275843 -2.79862928 -2.62344956 -2.65049005 -2.72108984 -2.78893352 -2.82547736 -2.85115337 -2.85589433 -2.85845351 -2.86052871 -2.85503149 -2.77863479 -2.72383356 -2.74987078 -2.79867244 -2.84538078 -2.88080168 -2.89541721 -2.89034581 -2.88133287 -2.87796926 -2.87429190 -2.87723327 -2.87093759 -2.87051082 -2.88648629 -2.86552072 -2.78224254 -2.64022756 -2.65374017 -2.64545250 -1.04098284 1.00834608 1.01077259 -0.07170521 -0.57791865 -0.62584829 -0.63703102 -0.65219074 -0.65782762
-0.54895270 -0.55429262 -0.55375385 -0.55278426 -0.55249685 -0.55922091 -0.55963761 -0.55826455 -0.56074584 -0.55915076 -0.55244112 -0.54616886 -0.54269308 -0.45811188 -0.23431909 -0.80714411 -2.28141880 -3.10559368 -2.80363774 -2.64337659 -2.65544295 -2.72483635 -2.79396653 -2.83120942 -2.84771800 -2.85361481 -2.85639930 -2.86321640 -2.85579681 -2.79887414 -2.75196218 -2.75134826 -2.78890014 -2.83225083 -2.86449170 -2.87886548 -2.87245178 -2.86575317 -2.86516237 -2.86899090 -2.87172270 -2.87050986 -2.87726188 -2.88482261 -2.84153581 -2.76031733 -2.61499548 -2.71894002 -2.61346221 -0.77612489 1.18772376 0.90429980 -0.24201038 -0.58778667 -0.63007903 -0.64187819 -0.65683120 -0.65929848
-0.54448742 -0.55088991 -0.55427873 -0.54951948 -0.54915732 -0.55252337 -0.55644107 -0.55889302 -0.55864441 -0.55755424 -0.55238789 -0.54565054 -0.54200816 -0.44203904 -0.22743003 -0.89007765 -2.42081261 -3.11734605 -2.78589225 -2.66149998 -2.66847682 -2.72869706 -2.79115081 -2.82386255 -2.83680224 -2.84372139 -2.84997034 -2.86247301 -2.85793757 -2.81106639 -2.75802898 -2.74626780 -2.76544142 -2.80397916 -2.83984518 -2.85275269 -2.84834695 -2.84958434 -2.85764050 -2.85927486 -2.86830044 -2.87401295 -2.87831926 -2.87285304 -2.80423546 -2.73005414 -2.64015579 -2.80367470 -2.54817557 -0.46520159 1.31168091 0.74664432 -0.41272920 -0.59719169 -0.63175929 -0.64487588 -0.65860891 -0.66437906
-0.53810453 -0.54376429 -0.54933262 -0.54424489 -0.54262835 -0.54741019 -0.55077165 -0.54991496 -0.55133843 -0.55328321 -0.54984391 -0.54196596 -0.53848118 -0.43362740 -0.23087354 -1.01796949 -2.54663610 -3.10706949 -2.75251913 -2.67895722 -2.68429875 -2.72770333 -2.77597761 -2.80572844 -2.81330800 -2.82724047 -2.84246826 -2.84971809 -2.84509492 -2.80993462 -2.76152873 -2.74200082 -2.74467421 -2.78315663 -2.83103776 -2.83642530 -2.83319497 -2.84194136 -2.84769034 -2.85075331 -2.86924100 -2.87677336 -2.87984180 -2.85941672 -2.77805924 -2.70341206 -2.67446232 -2.85254049 -2.40653515 -0.24147950 1.34419644 0.59857953 -0.47580662 -0.60397333 -0.63113528 -0.64607209 -0.65939158 -0.66708595
-0.53301060 -0.53916430 -0.54223830 -0.54053932 -0.53897685 -0.53992045 -0.54234409 -0.54266661 -0.54384995 -0.54641253 -0.54472965 -0.54094654 -0.53352863 -0.42516652 -0.24399108 -1.12031054 -2.60815883 -3.08385992 -2.74123478 -2.70592356 -2.70581007 -2.73145723 -2.76942420 -2.79274869 -2.79946613 -2.81675529 -2.83300042 -2.83480406 -2.83434343 -2.80310273 -2.75826645 -2.73408151 -2.73166108 -2.77921438 -2.83458972 -2.83290887 -2.82889080 -2.83819318 -2.84419680 -2.84811640 -2.87755322 -2.88540745 -2.87815189 -2.83782244 -2.76253629 -2.69496036 -2.70917034 -2.89987588 -2.31266260 -0.09207657 1.36078334 0.53068846 -0.51202613 -0.61041355 -0.62930912 -0.64559400 -0.66150814 -0.66634256
-0.52696246 -0.52992338 -0.53322864 -0.53526253 -0.53181112 -0.53449917 -0.53625220 -0.53557539 -0.53554595 -0.53690362 -0.54081768 -0.53604800 -0.52383137 -0.39592975 -0.24838443 -1.15542781 -2.55313349 -3.01612258 -2.73615026 -2.71030545 -2.69956517 -2.71402597 -2.74791098 -2.76604843 -2.77965426 -2.79735851 -2.80737305 -2.80692244 -2.80026317 -2.77926397 -2.74277186 -2.70582962 -2.69302177 -2.74842501 -2.80445051 -2.80365562 -2.80082631 -2.81493664 -2.82232165 -2.82936192 -2.86356091 -2.86961126 -2.85841942 -2.80130506 -2.71783423 -2.66852069 -2.67603898 -2.83521485 -2.24486732 0.01382437 1.39082110 0.52190357 -0.52849728 -0.61058885 -0.62873816 -0.64169973 -0.65772194 -0.66368151
-0.52081490 -0.52257961 -0.52277434 -0.52588451 -0.52484107 -0.52637810 -0.52829158 -0.52697116 -0.52716047 -0.53097820 -0.53328556 -0.52912110 -0.51328236 -0.39460498 -0.25008616 -1.08657539 -2.41382003 -2.91669512 -2.78021598 -2.70526171 -2.69764590 -2.70768118 -2.73175740 -2.75077724 -2.76713443 -2.78349376 -2.79111981 -2.78732800 -2.78081155 -2.76611996 -2.73094845 -2.67882252 -2.66691732 -2.72175670 -2.77177477 -2.77591205 -2.77778959 -2.78832078 -2.79728150 -2.81248522 -2.83659816 -2.84769750 -2.83385062 -2.76492858 -2.69377851 -2.64306593 -2.63730216 -2.80916333 -2.14322925 0.22859427 1.51071787 0.51604527 -0.53903157 -0.61441940 -0.63084441 -0.64179724 -0.65407139 -0.66376382
-0.51489085 -0.51358503 -0.51302850 -0.51541382 -0.51867992 -0.51881415 -0.51827216 -0.51743370 -0.51563478 -0.52132279 -0.52430534 -0.52240461 -0.50679624 -0.39714053 -0.23486565 -0.93218511 -2.15765548 -2.77809334 -2.86118364 -2.72627831 -2.71305180 -2.72542357 -2.74724174 -2.76739740 -2.77584553 -2.78203511 -2.78391290 -2.78344989 -2.78271222 -2.77456665 -2.73913884 -2.69102454 -2.68617630 -2.73354816 -2.76984382 -2.78114319 -2.77853322 -2.78640795 -2.79249907 -2.80998111 -2.84182882 -2.84015131 -2.81765485 -2.75410199 -2.71032596 -2.60995340 -2.62222981 -2.83384728 -1.89505684 0.52199548 1.55139351 0.41819626 -0.55563921 -0.62251532 -0.63484406 -0.64290214 -0.65360725 -0.66592169
-0.52838248 -0.52217287 -0.51198494 -0.48044512 -0.48322764 -0.49632901 -0.51115829 -0.51437157 -0.51874274 -0.53087080 -0.53857338 -0.52763462 -0.49601465 -0.37277567 -0.16556337 -0.64114839 -1.76951003 -2.53424859 -2.89121938 -2.76285958 -2.73876452 -2.75259519 -2.77208304 -2.78562379 -2.78527713 -2.78482676 -2.78500271 -2.77646208 -2.77788806 -2.77220058 -2.74257112 -2.70713139 -2.70776820 -2.73488712 -2.76458049 -2.78347588 -2.78428864 -2.79266119 -2.79479432 -2.81941819 -2.84315920 -2.84557462 -2.81035876 -2.74855185 -2.72674131 -2.54489517 -2.62700558 -2.87596893 -1.50506473 0.95660257 1.42836452 0.12906265 -0.57465363 -0.62179571 -0.63255167 -0.64400059 -0.65480393 -0.66227984
-0.62497020 -0.61743313 -0.57273126 -0.45576856 -0.40711299 -0.44120580 -0.50432980 -0.56564027 -0.58671451 -0.58584702 -0.60139722 -0.68968928 -0.69263864 -0.61457098 -0.43021944 -0.57574081 -1.39833331 -2.17925215 -2.68394780 -2.77269888 -2.74841452 -2.75578690 -2.76857615 -2.77284622 -2.77046776 -2.77463913 -2.77297235 -2.76934624 -2.77296424 -2.75828075 -2.73448396 -2.70682979 -2.69607830 -2.69529629 -2.72547436 -2.76012063 -2.76489830 -2.77952790 -2.77983618 -2.80210042 -2.82432747 -2.82924724 -2.78502440 -2.73612022 -2.72472334 -2.50735545 -2.68673682 -2.77571535 -0.86636400 1.40391743 1.18040168 -0.19663264 -0.59172732 -0.62410825 -0.63229597 -0.64239824 -0.65337443 -0.65805030
-0.87247044 -1.13263750 -1.17110467 -0.91940451 -0.66971892 -0.45564765 -0.58830726 -0.75472540 -0.89635587 -0.99771678 -1.17352879 -1.38307929 -1.43764985 -1.35815001 -1.21327937 -1.18255937 -1.63008738 -2.17510056 -2.63174915 -2.72903347 -2.71186161 -2.73850083 -2.75581837 -2.75774860 -2.75596356 -2.76002121 -2.75733280 -2.75937343 -2.76446366 -2.74734950 -2.72562051 -2.71521425 -2.67586899 -2.65888000 -2.69534874 -2.73734331 -2.74125123 -2.75553942 -2.76590776 -2.78620505 -2.80199051 -2.79690528 -2.74872279 -2.72002101 -2.69235182 -2.57570577 -2.82533455 -2.49107194 -0.17327274 1.69072068 0.84748238 -0.41667178 -0.60149014 -0.62430549 -0.63415992 -0.64199954 -0.64950746 -0.65592843
-1.24670029 -1.76659203 -1.79586673 -1.44537592 -1.06593990 -0.89335370 -0.94716626 -1.18540883 -1.44533241 -1.56832099 -1.66228747 -1.76921701 -1.65969586 -1.57415521 -1.52482522 -1.49969792 -1.78188133 -2.29978228 -2.68605018 -2.90726829 -2.77521753 -2.73949456 -2.75763726 -2.75531793 -2.75325441 -2.75389290 -2.75668502 -2.76362419 -2.76257086 -2.75052619 -2.73730803 -2.72307229 -2.67166257 -2.64517522 -2.69775629 -2.74521208 -2.74036574 -2.75351357 -2.76687360 -2.78167796 -2.79912281 -2.78136039 -2.72129869 -2.70537543 -2.65008068 -2.69687057 -2.93970227 -1.96179271 0.53034866 1.60682738 0.39333409 -0.52087009 -0.60966682 -0.62809807 -0.63507563 -0.64159566 -0.65495437 -0.65766597
-2.05583382 -2.25978637 -1.69486964 -1.31998634 -1.13775861 -1.15143478 -1.57984912 -1.91373789 -2.02494717 -1.97502208 -1.92017567 -1.90182030 -1.81370687 -1.74979305 -1.71709609 -1.60590470 -1.49948776 -2.05175424 -2.65330243 -2.91415977 -2.83682799 -2.73678255 -2.74363971 -2.73810863 -2.74109626 -2.74415541 -2.74644995 -2.75219059 -2.74576640 -2.73718119 -2.73735070 -2.71441460 -2.64612150 -2.64154768 -2.70707560 -2.74589133 -2.74190140 -2.75863576 -2.76550031 -2.77126384 -2.78799033 -2.76580143 -2.70129895 -2.66204906 -2.56516600 -2.68546724 -2.78279996 -1.25268495 1.05176187 1.32555640 0.01317145 -0.56693012 -0.61528212 -0.62792522 -0.63251144 -0.64297920 -0.65950221 -0.66193563
-2.48532128 -2.35412002 -1.95501089 -1.62302411 -1.39023471 -1.52029335 -1.76843607 -1.91601694 -1.92670727 -1.96052599 -1.98726881 -2.02465534 -2.04224873 -2.05802941 -2.07866454 -2.04828835 -1.80948257 -1.86213636 -2.37598896 -2.71630025 -2.73870850 -2.69825983 -2.71454477 -2.70969820 -2.71269464 -2.72222161 -2.72597289 -2.72635674 -2.70698786 -2.70140457 -2.71319818 -2.68613887 -2.63144827 -2.63848710 -2.70098066 -2.72481728 -2.72374654 -2.74205184 -2.74364710 -2.74789882 -2.76489210 -2.74672055 -2.66405201 -2.55848479 -2.49142218 -2.53083611 -2.21518779 -0.38201147 1.34667051 0.94735998 -0.22408593 -0.58830905 -0.61581838 -0.62857378 -0.63405567 -0.64458352 -0.65781981 -0.66123086
-2.60713935 -2.49476504 -2.33725548 -2.13587451 -1.84678495 -1.77049434 -1.93201971 -2.07073069 -2.17158389 -2.32520103 -2.40743160 -2.44199872 -2.45393801 -2.46400785 -2.47299552 -2.51472354 -2.39383411 -2.24535728 -2.36110282 -2.56578684 -2.60132909 -2.64609694 -2.66667318 -2.66643047 -2.67492390 -2.68630290 -2.69449663 -2.69474792 -2.66133213 -2.64698696 -2.66127753 -2.64088583 -2.61198902 -2.63593340 -2.68456364 -2.69004679 -2.68794870 -2.71070933 -2.71289635 -2.71200585 -2.72192788 -2.68893385 -2.58083916 -2.53293133 -2.55561900 -2.45224094 -1.42995107 0.48634177 1.27432406 0.47642314 -0.39082143 -0.59646088 -0.61882925 -0.62639135 -0.63271827 -0.63966900 -0.65356863 -0.65912515
-2.46795034 -2.46305346 -2.42031670 -2.40840316 -2.34296250 -2.34288549 -2.38830328 -2.40733242 -2.37499738 -2.33092666 -2.23521447 -2.20033574 -2.19744420 -2.21518040 -2.21731520 -2.27482128 -2.33513355 -2.33975077 -2.37614131 -2.44586992 -2.47524738 -2.51913285 -2.55705214 -2.55334496 -2.56212664 -2.57422209 -2.61472750 -2.63519025 -2.60249257 -2.58640790 -2.61901116 -2.62772942 -2.60912085 -2.63618994 -2.66745830 -2.67279983 -2.67417669 -2.68995142 -2.68979049 -2.68999863 -2.69541359 -2.66306973 -2.57529283 -2.59219790 -2.68582797 -2.22803926 -0.67694354 0.76095641 0.84437048 -0.04335960 -0.49062884 -0.59792370 -0.62063688 -0.63092762 -0.63485694 -0.63684106 -0.65283442 -0.66191810
-2.03457618 -2.23242974 -2.27744842 -2.36773014 -2.38943386 -2.37590075 -2.29792571 -2.18840075 -2.02627826 -1.84006166 -1.61883712 -1.47190416 -1.46906662 -1.50240803 -1.54464626 -1.59886253 -1.64324629 -1.70585442 -1.77628994 -1.80874848 -1.83360958 -1.88573897 -1.90874863 -1.92694783 -1.92998874 -1.95533919 -2.01247144 -2.03969288 -2.04255462 -2.07543230 -2.18030047 -2.25804758 -2.30097437 -2.40344024 -2.42942572 -2.39538050 -2.37497663 -2.39970136 -2.42565608 -2.46084213 -2.49550819 -2.50953436 -2.49370646 -2.47607160 -2.52691722 -1.91253269 -0.22172907 0.76585424 0.39024964 -0.25559017 -0.43959463 -0.49638897 -0.52522421 -0.54403877 -0.55109316 -0.56247789 -0.58081967 -0.59643489
-1.46278906 -1.76656675 -1.80746436 -1.81775093 -1.82731605 -1.81193805 -1.73708141 -1.61780858 -1.37905443 -1.08281887 -0.87705338 -0.86224389 -0.96879768 -1.04866087 -1.09685302 -1.14262187 -1.17231119 -1.20726645 -1.26310956 -1.26029587 -1.25322020 -1.30270004 -1.30127609 -1.26758385 -1.23142231 -1.23305225 -1.28295064 -1.29492307 -1.26428115 -1.27606642 -1.39585543 -1.47755539 -1.57394302 -1.74223411 -1.77523983 -1.70635748 -1.63490391 -1.64551163 -1.69867301 -1.73811078 -1.81275046 -1.88087082 -1.93218100 -1.96011627 -2.02166700 -1.06673646 0.31611824 0.89676082 0.26571229 -0.28947711 -0.40624231 -0.44125274 -0.45975572 -0.46871945 -0.44998077 -0.46681166 -0.47119799 -0.46662483
