0.39210361 0.25632730 0.25848302 0.35970992 0.43634197 0.24647786 0.36003050 0.24660774 0.23799303 0.34849069 0.34167811 0.32776442 0.31262133 0.38392788 0.28581944 0.26962784 0.43875772 0.37893867 0.43282437 0.42190346 0.44675368 0.44659501 0.44968221 0.45080021 0.45068878 0.45181257 0.45020670 0.45133781 0.45118266 0.44867948 0.44805092 0.44803542 0.44535467 0.44170576 0.44036913 0.43803182 0.43558684 0.43234795 0.43335074 0.34000835 0.00000000 0.00000000 0.00000000 0.00000000 0.00000000 0.00000000 0.00000000 0.00000000 0.00000000 0.00000000 0.00000000 0.00000000 0.00000000 0.00000000 0.00000000 0.00000000 0.00000000 0.00000000
0.31981289 0.30910674 0.47913828 0.43794724 0.53259587 0.26670042 0.34157676 0.26049033 0.26063511 0.19913824 0.04759162 0.22849101 0.24284095 0.13352181 0.15639962 0.27548474 0.33475932 0.34244978 0.40062121 0.38688564 0.44556966 0.44626915 0.44813782 0.44733110 0.44664291 0.44743630 0.44917631 0.44640836 0.44733569 0.44674817 0.44451827 0.44307956 0.43954247 0.43819517 0.43657228 0.43264621 0.43164662 0.43158191 0.41018352 0.10732131 0.00000000 0.00000000 0.00000000 0.00000000 0.00000000 0.00000000 0.00000000 0.00000000 0.00000000 0.00000000 0.00000000 0.00000000 0.00000000 0.00000000 0.00000000 0.00000000 0.00000000 0.00000000
0.36250594 0.49283314 0.50531447 0.47572395 0.57496983 0.04588048 0.20509629 0.09790364 0.23644301 0.18902482 0.24034105 0.22633432 0.25925845 0.04908107 0.11518034 0.27482814 0.35717043 0.49281049 0.48720577 0.41187373 0.44679654 0.44752657 0.44499984 0.44539404 0.44542700 0.44621292 0.44605070 0.44457623 0.44607633 0.44360307 0.44166645 0.43898636 0.43803784 0.43519041 0.43325186 0.43138239 0.42864224 0.41663831 0.26583719 0.00000000 0.00000000 0.00000000 0.00000000 0.00000000 0.00000000 0.00000000 0.00000000 0.00000000 0.00000000 0.00000000 0.00000000 0.00000000 0.00000000 0.00000000 0.00000000 0.00000000 0.00000000 0.00000000
0.41385883 0.59403461 0.71622723 0.27170435 0.64975375 0.17520718 0.47135833 0.00000000 0.35495648 0.35137895 0.33369088 0.21987072 0.38234213 0.15386251 0.21900718 0.43672505 0.50165552 0.63375843 0.56472063 0.50029516 0.44522581 0.44649658 0.44613767 0.44549677 0.44288850 0.44057313 0.43992463 0.44273043 0.43957520 0.43966839 0.43653882 0.43641287 0.43307632 0.43041113 0.42702258 0.42609313 0.42708057 0.38961816 0.00000000 0.00000000 0.00000000 0.00000000 0.00000000 0.00000000 0.00000000 0.00000000 0.00000000 0.00000000 0.00000000 0.00000000 0.00000000 0.00000000 0.00000000 0.00000000 0.00000000 0.00000000 0.00000000 0.00000000
0.45268181 0.45972013 0.49299842 0.39359564 0.76216179 0.53746599 0.83555955 0.03802469 0.51115710 0.40592244 0.48941728 0.30061015 0.65068513 0.15921436 0.64540190 0.69004834 0.61127734 0.73249733 0.65372932 0.51916730 0.44699055 0.44910291 0.44650519 0.44542992 0.44447914 0.44405520 0.44236672 0.43950891 0.43744361 0.43730241 0.43472981 0.43200019 0.42861360 0.42668766 0.42448479 0.42556939 0.40334162 0.16962400 0.00000000 0.00000000 0.00000000 0.00000000 0.00000000 0.00000000 0.00000000 0.00000000 0.00000000 0.00000000 0.00000000 0.00000000 0.00000000 0.00000000 0.00000000 0.00000000 0.00000000 0.00000000 0.00000000 0.00000000
0.45094949 0.49551922 0.58927840 0.68636811 0.62757951 0.52935374 0.90934569 0.14696361 0.46724483 0.24320005 0.49090749 0.18193009 0.51209080 0.16134976 0.49035174 0.65422219 0.40456706 0.59824997 0.57845515 0.45447046 0.45024762 0.44976425 0.44940382 0.44720975 0.44500366 0.44448447 0.44295523 0.44335192 0.44088864 0.43684313 0.43353060 0.43085304 0.42924890 0.42633143 0.42526761 0.41409281 0.26784408 0.00000000 0.00000000 0.00000000 0.00000000 0.00000000 0.00000000 0.00000000 0.00000000 0.00000000 0.00000000 0.00000000 0.00000000 0.00000000 0.00000000 0.00000000 0.00000000 0.00000000 0.00000000 0.00000000 0.00000000 0.00000000
0.41292602 0.50002277 0.65206671 0.65864801 0.69311434 0.50757807 0.83085042 0.45459431 0.60019052 0.30758622 0.57622421 0.42206168 0.56065542 0.39462852 0.44032213 0.57254124 0.39739099 0.40268755 0.41487077 0.39070234 0.45366493 0.45463511 0.45368850 0.45120174 0.44621399 0.44528717 0.44004717 0.44031495 0.43861851 0.43595096 0.43411130 0.43049604 0.42506838 0.41879186 0.39231679 0.24572551 0.00000000 0.00000000 0.00000000 0.00000000 0.00000000 0.00000000 0.00000000 0.00000000 0.00000000 0.00000000 0.00000000 0.00000000 0.00000000 0.00000000 0.00000000 0.00000000 0.00000000 0.00000000 0.00000000 0.00000000 0.00000000 0.00000000
0.35565087 0.43283504 0.54488754 0.45862928 0.44749299 0.42984280 0.48278195 0.44091523 0.47654232 0.35214427 0.51856101 0.43592957 0.47575435 0.42268264 0.43232983 0.42891270 0.50905180 0.42867100 0.40795627 0.40534887 0.45081863 0.45168373 0.45103645 0.45068544 0.44703212 0.44336042 0.44157314 0.43912756 0.43568292 0.43344957 0.43149468 0.42741984 0.41475433 0.33907208 0.01357353 0.00000000 0.00000000 0.00000000 0.00000000 0.00000000 0.00000000 0.00000000 0.00000000 0.00000000 0.00000000 0.00000000 0.00000000 0.00000000 0.00000000 0.00000000 0.00000000 0.00000000 0.00000000 0.00000000 0.00000000 0.00000000 0.00000000 0.00000000
0.40680605 0.38777906 0.41003433 0.46047512 0.50846851 0.52366304 0.43449569 0.46894696 0.44759983 0.39479232 0.50677305 0.44830185 0.44418025 0.46138528 0.41950837 0.51187098 0.55598140 0.45131329 0.44609949 0.43105784 0.44927275 0.45213166 0.44847757 0.44854125 0.44751760 0.44158670 0.44237563 0.43551931 0.43452010 0.43039891 0.43120468 0.41363257 0.25001007 0.00000000 0.00000000 0.00000000 0.00000000 0.00000000 0.00000000 0.00000000 0.00000000 0.00000000 0.00000000 0.00000000 0.00000000 0.00000000 0.00000000 0.00000000 0.00000000 0.00000000 0.00000000 0.00000000 0.00000000 0.00000000 0.00000000 0.00000000 0.00000000 0.00000000
0.41650617 0.41107967 0.41858682 0.44451660 0.46013674 0.42690769 0.41278437 0.43234891 0.42842975 0.43204385 0.44776502 0.43845680 0.43922770 0.44117033 0.44527107 0.47050822 0.44597360 0.44490334 0.44282016 0.44792908 0.44699422 0.44609919 0.44867530 0.44360676 0.44416770 0.43982762 0.43675047 0.43350410 0.42866844 0.42830610 0.41804984 0.28423318 0.00000000 0.00000000 0.00000000 0.00000000 0.00000000 0.00000000 0.00000000 0.00000000 0.00000000 0.00000000 0.00000000 0.00000000 0.00000000 0.00000000 0.00000000 0.00000000 0.00000000 0.00000000 0.00000000 0.00000000 0.00000000 0.00000000 0.00000000 0.00000000 0.00000000 0.00000000
0.42623985 0.42567375 0.42804694 0.42937747 0.42981803 0.43328306 0.43406570 0.43382567 0.43820453 0.44020501 0.44033974 0.44261923 0.43915763 0.44318703 0.44152659 0.44097140 0.44306925 0.44162568 0.44325647 0.44193339 0.44473749 0.44112104 0.44156340 0.44007751 0.43764037 0.43843156 0.43373302 0.43237174 0.42756742 0.42751452 0.38921282 0.02260577 0.00000000 0.00000000 0.00000000 0.00000000 0.00000000 0.00000000 0.00000000 0.00000000 0.00000000 0.00000000 0.00000000 0.00000000 0.00000000 0.00000000 0.00000000 0.00000000 0.00000000 0.00000000 0.00000000 0.00000000 0.00000000 0.00000000 0.00000000 0.00000000 0.00000000 0.00000000
0.42443630 0.42813259 0.42771631 0.43059641 0.43304849 0.43348789 0.43365484 0.43654552 0.43720806 0.44190186 0.43940267 0.44285303 0.44230816 0.44145837 0.43970013 0.44066149 0.44053781 0.43972310 0.44087121 0.44081521 0.43955007 0.44031873 0.43892637 0.43856189 0.43680674 0.43458924 0.42958692 0.42586079 0.42426854 0.41092756 0.21560001 0.00000000 0.00000000 0.00000000 0.00000000 0.00000000 0.00000000 0.00000000 0.00000000 0.00000000 0.00000000 0.00000000 0.00000000 0.00000000 0.00000000 0.00000000 0.00000000 0.00000000 0.00000000 0.00000000 0.00000000 0.00000000 0.00000000 0.00000000 0.00000000 0.00000000 0.00000000 0.00000000
0.42819011 0.42982116 0.43105391 0.43365180 0.43440875 0.43397257 0.43586051 0.43709835 0.43985891 0.44226491 0.44470063 0.44431090 0.44354251 0.44199347 0.44196033 0.44112766 0.44016552 0.44132182 0.44070882 0.43977651 0.43862912 0.43901336 0.43511167 0.43520981 0.42965630 0.42738244 0.42437318 0.42012152 0.42227969 0.38083544 0.00000000 0.00000000 0.00000000 0.00000000 0.00000000 0.00000000 0.00000000 0.00000000 0.00000000 0.00000000 0.00000000 0.00000000 0.00000000 0.00000000 0.00000000 0.00000000 0.00000000 0.00000000 0.00000000 0.00000000 0.00000000 0.00000000 0.00000000 0.00000000 0.00000000 0.00000000 0.00000000 0.00000000
0.42935178 0.42922950 0.43306431 0.43415302 0.43503812 0.43706971 0.43874556 0.44016647 0.44217286 0.44332623 0.44437322 0.44240484 0.44628477 0.44232944 0.44204152 0.44003421 0.43929446 0.44000310 0.43902656 0.43966755 0.43771988 0.43584466 0.43558896 0.43108672 0.42878741 0.42399621 0.41928580 0.41941035 0.40592250 0.20734344 0.00000000 0.00000000 0.00000000 0.00000000 0.00000000 0.00000000 0.00000000 0.00000000 0.00000000 0.00000000 0.00000000 0.00000000 0.00000000 0.00000000 0.00000000 0.00000000 0.00000000 0.00000000 0.00000000 0.00000000 0.00000000 0.00000000 0.00000000 0.00000000 0.00000000 0.00000000 0.00000000 0.00000000
0.43150657 0.43451646 0.43470955 0.43767595 0.43773681 0.43855727 0.43927395 0.44130877 0.44370228 0.44422740 0.44684532 0.44512236 0.44622314 0.44454840 0.44326806 0.44295889 0.43966126 0.43985248 0.44145969 0.43898454 0.43956187 0.43474805 0.43518195 0.42921206 0.42787084 0.42303899 0.41840449 0.42143103 0.37132499 0.00000000 0.00000000 0.00000000 0.00000000 0.00000000 0.00000000 0.00000000 0.00000000 0.00000000 0.00000000 0.00000000 0.00000000 0.00000000 0.00000000 0.00000000 0.00000000 0.00000000 0.00000000 0.00000000 0.00000000 0.00000000 0.00000000 0.00000000 0.00000000 0.00000000 0.00000000 0.00000000 0.00000000 0.00000000
0.43325019 0.43549949 0.43592072 0.43664590 0.43861181 0.44004819 0.44131711 0.44234851 0.44631973 0.44682989 0.44685376 0.44874021 0.44623360 0.44450366 0.44133678 0.43990809 0.44109792 0.43907088 0.44013995 0.43683934 0.43507862 0.43281129 0.43068275 0.42782161 0.42318234 0.42268518 0.41941780 0.38481435 0.08571313 0.00000000 0.00000000 0.00000000 0.00000000 0.00000000 0.00000000 0.00000000 0.00000000 0.00000000 0.00000000 0.00000000 0.00000000 0.00000000 0.00000000 0.00000000 0.00000000 0.00000000 0.00000000 0.00000000 0.00000000 0.00000000 0.00000000 0.00000000 0.00000000 0.00000000 0.00000000 0.00000000 0.00000000 0.00000000
0.43009147 0.43209770 0.43581125 0.43678313 0.43953121 0.43986806 0.44000721 0.44277370 0.44408339 0.44620827 0.44701886 0.44682792 0.44432446 0.44259945 0.43846783 0.43901756 0.43662593 0.43574825 0.43544790 0.43428755 0.43324861 0.43104193 0.42639068 0.42479455 0.41862366 0.41846779 0.37787834 0.09397526 0.00000000 0.00000000 0.00000000 0.00000000 0.00000000 0.00000000 0.00000000 0.00000000 0.00000000 0.00000000 0.00000000 0.00000000 0.00000000 0.00000000 0.00000000 0.00000000 0.00000000 0.00000000 0.00000000 0.00000000 0.00000000 0.00000000 0.00000000 0.00000000 0.00000000 0.00000000 0.00000000 0.00000000 0.00000000 0.00000000
0.43089375 0.43258110 0.43463263 0.43602261 0.43758541 0.43980724 0.43971673 0.43965062 0.44225129 0.44358748 0.44523686 0.44419652 0.44283932 0.44314730 0.43942446 0.43668166 0.43547413 0.43490231 0.43153971 0.43277287 0.42884415 0.42733973 0.42384455 0.42074755 0.41929668 0.37614733 0.09664035 0.00000000 0.00000000 0.00000000 0.00000000 0.00000000 0.00000000 0.00000000 0.00000000 0.00000000 0.00000000 0.00000000 0.00000000 0.00000000 0.00000000 0.00000000 0.00000000 0.00000000 0.00000000 0.00000000 0.00000000 0.00000000 0.00000000 0.00000000 0.00000000 0.00000000 0.00000000 0.00000000 0.00000000 0.00000000 0.00000000 0.00000000
0.42939469 0.43152368 0.43336365 0.43539587 0.43672848 0.43644217 0.43874472 0.44040468 0.44289997 0.44204763 0.44171348 0.44172370 0.44072464 0.43932995 0.43684950 0.43653578 0.43381369 0.43216032 0.42882130 0.42575586 0.42414045 0.42134488 0.41938937 0.41347498 0.36281806 0.06430075 0.00000000 0.00000000 0.00000000 0.00000000 0.00000000 0.00000000 0.00000000 0.00000000 0.00000000 0.00000000 0.00000000 0.00000000 0.00000000 0.00000000 0.00000000 0.00000000 0.00000000 0.00000000 0.00000000 0.00000000 0.00000000 0.00000000 0.00000000 0.00000000 0.00000000 0.00000000 0.00000000 0.00000000 0.00000000 0.00000000 0.00000000 0.00000000
0.42932200 0.43083048 0.43284115 0.43659231 0.43530896 0.43621281 0.43786886 0.43875581 0.43756637 0.44012630 0.43998018 0.43967837 0.43838671 0.43911251 0.43727228 0.43562371 0.43318748 0.42786372 0.42683786 0.42140192 0.41940969 0.41301474 0.39708927 0.30016309 0.00000000 0.00000000 0.00000000 0.00000000 0.00000000 0.00000000 0.00000000 0.00000000 0.00000000 0.00000000 0.00000000 0.00000000 0.00000000 0.00000000 0.00000000 0.00000000 0.00000000 0.00000000 0.00000000 0.00000000 0.00000000 0.00000000 0.00000000 0.00000000 0.00000000 0.00000000 0.00000000 0.00000000 0.00000000 0.00000000 0.00000000 0.00000000 0.00000000 0.00000000
0.42894542 0.43038502 0.43194270 0.43387371 0.43394813 0.43448809 0.43480861 0.43564889 0.43732420 0.43733662 0.43828985 0.43721056 0.43737996 0.43681675 0.43539944 0.43189880 0.42839852 0.42629531 0.42315358 0.42037189 0.41947469 0.37322623 0.13451988 0.00000000 0.00000000 0.00000000 0.00000000 0.00000000 0.00000000 0.00000000 0.00000000 0.00000000 0.00000000 0.00000000 0.00000000 0.00000000 0.00000000 0.00000000 0.00000000 0.00000000 0.00000000 0.00000000 0.00000000 0.00000000 0.00000000 0.00000000 0.00000000 0.00000000 0.00000000 0.00000000 0.00000000 0.00000000 0.00000000 0.00000000 0.00000000 0.00000000 0.00000000 0.14452003
0.42984247 0.43165401 0.43225506 0.43365040 0.43547437 0.43393359 0.43630314 0.43740609 0.43755338 0.43847403 0.43864378 0.43851322 0.43813184 0.43572891 0.43297371 0.42939761 0.42718935 0.42434704 0.42128369 0.42147660 0.38177240 0.10620981 0.00000000 0.00000000 0.00000000 0.00000000 0.00000000 0.00000000 0.00000000 0.00000000 0.00000000 0.00000000 0.00000000 0.00000000 0.00000000 0.00000000 0.00000000 0.00000000 0.00000000 0.00000000 0.00000000 0.00000000 0.00000000 0.00000000 0.00000000 0.00000000 0.00000000 0.00000000 0.00000000 0.00000000 0.00000000 0.00000000 0.00000000 0.00000000 0.00000000 0.16818510 0.30711603 0.38123542
0.42908359 0.43032494 0.43181494 0.43359649 0.43325081 0.43528283 0.43568927 0.43594077 0.43695876 0.43865922 0.43632206 0.43531132 0.43341503 0.43318444 0.43108070 0.42955121 0.42646092 0.42086536 0.42085674 0.39484668 0.15997459 0.00000000 0.00000000 0.00000000 0.00000000 0.00000000 0.00000000 0.00000000 0.00000000 0.00000000 0.00000000 0.00000000 0.00000000 0.00000000 0.00000000 0.00000000 0.00000000 0.00000000 0.00000000 0.00000000 0.00000000 0.00000000 0.00000000 0.00000000 0.00000000 0.00000000 0.00000000 0.00000000 0.00000000 0.00000000 0.00000000 0.00000000 0.00000000 0.09060539 0.39366212 0.44740522 0.47058553 0.46876723
0.42749465 0.43035540 0.43097904 0.43343589 0.43257689 0.43445116 0.43380430 0.43757516 0.43758699 0.43574306 0.43378249 0.43262783 0.43164006 0.43027562 0.42770952 0.42443728 0.42276540 0.41800830 0.40873349 0.27457473 0.00000000 0.00000000 0.00000000 0.00000000 0.00000000 0.00000000 0.00000000 0.00000000 0.00000000 0.00000000 0.00000000 0.00000000 0.00000000 0.00000000 0.00000000 0.00000000 0.00000000 0.00000000 0.00000000 0.00000000 0.00000000 0.00000000 0.00000000 0.00000000 0.00000000 0.00000000 0.00000000 0.00000000 0.00000000 0.00000000 0.00000000 0.00000000 0.00000000 0.33253810 0.47442266 0.46957180 0.49301529 0.49807963
0.42960587 0.43000463 0.43177456 0.43123344 0.43260363 0.43513447 0.43778214 0.43400159 0.43542975 0.43284154 0.43136629 0.43006513 0.42753488 0.42581305 0.42490605 0.42159021 0.41710645 0.41426969 0.38497871 0.04837088 0.00000000 0.00000000 0.00000000 0.00000000 0.00000000 0.00000000 0.00000000 0.00000000 0.00000000 0.00000000 0.00000000 0.00000000 0.00000000 0.00000000 0.00000000 0.00000000 0.00000000 0.00000000 0.00000000 0.00000000 0.00000000 0.00000000 0.00000000 0.00000000 0.00000000 0.00000000 0.00000000 0.00000000 0.00000000 0.00000000 0.00000000 0.00000000 0.00000000 0.41495869 0.48607126 0.49055099 0.49628693 0.50145483
0.42296949 0.42394838 0.42716560 0.42681545 0.43257740 0.42942131 0.43267497 0.43210840 0.43075624 0.43092579 0.42711523 0.42361823 0.42167488 0.41832858 0.41953915 0.41675183 0.41365522 0.40705234 0.28510851 0.00000000 0.00000000 0.00000000 0.00000000 0.00000000 0.00000000 0.00000000 0.00000000 0.00000000 0.00000000 0.00000000 0.00000000 0.00000000 0.00000000 0.00000000 0.00000000 0.00000000 0.00000000 0.00000000 0.00000000 0.00000000 0.00000000 0.00000000 0.00000000 0.00000000 0.00000000 0.00000000 0.00000000 0.00000000 0.00000000 0.00000000 0.00000000 0.00000000 0.00000000 0.41621464 0.48151547 0.49194741 0.49958435 0.50183809
0.42188296 0.42268112 0.42421365 0.42413768 0.42649782 0.42699477 0.42624456 0.42905861 0.42737752 0.42714754 0.42443377 0.42172158 0.41791919 0.41664439 0.41062647 0.41011292 0.40643835 0.38666719 0.07882975 0.00000000 0.00000000 0.00000000 0.00000000 0.00000000 0.00000000 0.00000000 0.00000000 0.00000000 0.00000000 0.00000000 0.00000000 0.00000000 0.00000000 0.00000000 0.00000000 0.00000000 0.00000000 0.00000000 0.00000000 0.00000000 0.00000000 0.00000000 0.00000000 0.00000000 0.00000000 0.00000000 0.00000000 0.00000000 0.00000000 0.00000000 0.00000000 0.00000000 0.00000000 0.39685065 0.47656831 0.48646706 0.49393460 0.50013065
0.41707093 0.41765961 0.41846704 0.42107037 0.41982427 0.42423663 0.42353520 0.42461261 0.42338639 0.42111686 0.42073122 0.41893977 0.41416034 0.41063088 0.40515348 0.40378979 0.40146333 0.34996119 0.00000000 0.00000000 0.00000000 0.00000000 0.00000000 0.00000000 0.00000000 0.00000000 0.00000000 0.00000000 0.00000000 0.00000000 0.00000000 0.00000000 0.00000000 0.00000000 0.00000000 0.00000000 0.00000000 0.00000000 0.00000000 0.00000000 0.00000000 0.00000000 0.00000000 0.00000000 0.00000000 0.00000000 0.00000000 0.00000000 0.00000000 0.00000000 0.00000000 0.00000000 0.00000000 0.39464873 0.47484237 0.48408109 0.49384746 0.49744126
0.41333890 0.41788676 0.41278717 0.41567731 0.41857994 0.41754153 0.41851640 0.41702795 0.41674101 0.41797292 0.41618767 0.41308516 0.40951392 0.40675634 0.40246141 0.39717618 0.39425436 0.24633351 0.00000000 0.00000000 0.00000000 0.00000000 0.00000000 0.00000000 0.00000000 0.00000000 0.00000000 0.00000000 0.00000000 0.00000000 0.00000000 0.00000000 0.00000000 0.00000000 0.00000000 0.00000000 0.00000000 0.00000000 0.00000000 0.00000000 0.00000000 0.00000000 0.00000000 0.00000000 0.00000000 0.00000000 0.00000000 0.00000000 0.00000000 0.00000000 0.00000000 0.00000000 0.12306060 0.43075109 0.47418013 0.48080915 0.49035209 0.49418175
0.40966892 0.41141620 0.41334772 0.41170296 0.41523817 0.41461220 0.41414797 0.41565767 0.41390130 0.41382930 0.41060948 0.41064429 0.40851790 0.40289915 0.40116009 0.39382398 0.37384284 0.03783854 0.00000000 0.00000000 0.00000000 0.00000000 0.00000000 0.00000000 0.00000000 0.00000000 0.00000000 0.00000000 0.00000000 0.00000000 0.00000000 0.00000000 0.00000000 0.00000000 0.00000000 0.00000000 0.00000000 0.00000000 0.00000000 0.00000000 0.00000000 0.00000000 0.00000000 0.00000000 0.00000000 0.00000000 0.00000000 0.00000000 0.00000000 0.00000000 0.00000000 0.00000000 0.29522938 0.45406345 0.47068265 0.48087916 0.48565876 0.49208578
0.41001514 0.40563706 0.41077602 0.40840876 0.41048419 0.41290316 0.41128322 0.41251558 0.41011548 0.40958387 0.40882289 0.40544489 0.40405139 0.39901850 0.39553165 0.39476997 0.34596950 0.00000000 0.00000000 0.00000000 0.00000000 0.00000000 0.00000000 0.00000000 0.00000000 0.00000000 0.00000000 0.00000000 0.00000000 0.00000000 0.00000000 0.00000000 0.00000000 0.00000000 0.00000000 0.00000000 0.00000000 0.00000000 0.00000000 0.00000000 0.00000000 0.00000000 0.00000000 0.00000000 0.00000000 0.00000000 0.00000000 0.00000000 0.00000000 0.00000000 0.00000000 0.00000000 0.39189833 0.46222788 0.46956384 0.47909185 0.48534596 0.48950773
0.41114646 0.40431219 0.40480423 0.40789777 0.40680858 0.40766823 0.40982750 0.40770400 0.40890092 0.40680605 0.40557501 0.40306714 0.40002465 0.39598849 0.39067754 0.38469186 0.22719744 0.00000000 0.00000000 0.00000000 0.00000000 0.00000000 0.00000000 0.00000000 0.00000000 0.00000000 0.00000000 0.00000000 0.00000000 0.00000000 0.00000000 0.00000000 0.00000000 0.00000000 0.00000000 0.00000000 0.00000000 0.00000000 0.00000000 0.00000000 0.00000000 0.00000000 0.00000000 0.00000000 0.00000000 0.00000000 0.00000000 0.00000000 0.00000000 0.00000000 0.00000000 0.11962847 0.43620178 0.46260425 0.47157469 0.47773772 0.48249429 0.48854077
0.40189812 0.40616965 0.40270627 0.40442657 0.40487671 0.40354618 0.40664873 0.40625030 0.40537396 0.40440321 0.40248370 0.39829072 0.39292869 0.39041698 0.39255852 0.35382277 0.00000000 0.00000000 0.00000000 0.00000000 0.00000000 0.00000000 0.00000000 0.00000000 0.00000000 0.00000000 0.00000000 0.00000000 0.00000000 0.00000000 0.00000000 0.00000000 0.00000000 0.00000000 0.00000000 0.00000000 0.00000000 0.00000000 0.00000000 0.00000000 0.00000000 0.00000000 0.00000000 0.00000000 0.00000000 0.00000000 0.00000000 0.00000000 0.00000000 0.00000000 0.00000000 0.19584189 0.44269305 0.45995167 0.46658713 0.47275823 0.48072615 0.48545486
0.39908987 0.40114632 0.40100628 0.39987200 0.40133834 0.40172708 0.40062562 0.40235803 0.40172312 0.39984372 0.39840284 0.39398816 0.38949469 0.38604778 0.36832061 0.14692247 0.00000000 0.00000000 0.00000000 0.00000000 0.00000000 0.00000000 0.00000000 0.00000000 0.00000000 0.00000000 0.00000000 0.00000000 0.00000000 0.00000000 0.00000000 0.00000000 0.00000000 0.00000000 0.00000000 0.00000000 0.00000000 0.00000000 0.00000000 0.00000000 0.00000000 0.00000000 0.00000000 0.00000000 0.00000000 0.00000000 0.00000000 0.00000000 0.00000000 0.00000000 0.00000000 0.19681913 0.42703223 0.46015039 0.46865132 0.47288361 0.48061463 0.48179391
0.39715272 0.39661980 0.39752111 0.39869961 0.39774883 0.39894152 0.39880800 0.39861974 0.39784974 0.39467171 0.39223716 0.38844734 0.38387281 0.38298643 0.32484996 0.00000000 0.00000000 0.00000000 0.00000000 0.00000000 0.00000000 0.00000000 0.00000000 0.00000000 0.00000000 0.00000000 0.00000000 0.00000000 0.00000000 0.00000000 0.00000000 0.00000000 0.00000000 0.00000000 0.00000000 0.00000000 0.00000000 0.00000000 0.00000000 0.00000000 0.00000000 0.00000000 0.00000000 0.00000000 0.00000000 0.00000000 0.00000000 0.00000000 0.00000000 0.00000000 0.00000000 0.17370959 0.41634262 0.45865878 0.46507916 0.47007689 0.47668731 0.48345730
0.39069676 0.39383498 0.39403006 0.39382467 0.39559853 0.39582267 0.39429662 0.39393175 0.39421120 0.39000958 0.38731638 0.38538423 0.38044497 0.37560338 0.18674092 0.00000000 0.00000000 0.00000000 0.00000000 0.00000000 0.00000000 0.00000000 0.00000000 0.00000000 0.00000000 0.00000000 0.00000000 0.00000000 0.00000000 0.00000000 0.00000000 0.00000000 0.00000000 0.00000000 0.00000000 0.00000000 0.00000000 0.00000000 0.00000000 0.00000000 0.00000000 0.00000000 0.00000000 0.00000000 0.00000000 0.00000000 0.00000000 0.00000000 0.00000000 0.00000000 0.00000000 0.05704176 0.40729064 0.44988754 0.46155247 0.46856597 0.47464460 0.47862297
0.39185280 0.38999662 0.39203617 0.39293376 0.39444250 0.39283162 0.39226741 0.39163643 0.38747889 0.38818544 0.38388258 0.38073415 0.37715575 0.35492596 0.00000000 0.00000000 0.00000000 0.00000000 0.00000000 0.00000000 0.00000000 0.00000000 0.00000000 0.00000000 0.00000000 0.00000000 0.00000000 0.00000000 0.00000000 0.00000000 0.00000000 0.00000000 0.00000000 0.00000000 0.00000000 0.00000000 0.00000000 0.00000000 0.00000000 0.00000000 0.00000000 0.00000000 0.00000000 0.00000000 0.00000000 0.00000000 0.00000000 0.00000000 0.00000000 0.00000000 0.00000000 0.00000000 0.42721957 0.44736618 0.45829073 0.46402603 0.47074723 0.47757861
0.38882437 0.38929886 0.39020765 0.39059138 0.39102760 0.39105296 0.38899970 0.38911611 0.38505593 0.38405514 0.37926310 0.37543920 0.37447533 0.33973369 0.00000000 0.00000000 0.00000000 0.00000000 0.00000000 0.00000000 0.00000000 0.00000000 0.00000000 0.00000000 0.00000000 0.00000000 0.00000000 0.00000000 0.00000000 0.00000000 0.00000000 0.00000000 0.00000000 0.00000000 0.00000000 0.00000000 0.00000000 0.00000000 0.00000000 0.00000000 0.00000000 0.00000000 0.00000000 0.00000000 0.00000000 0.00000000 0.00000000 0.00000000 0.00000000 0.00000000 0.00000000 0.00000000 0.46731323 0.44395235 0.45613328 0.46197948 0.47179025 0.47635755
0.38724563 0.38693005 0.38818777 0.39011163 0.39131308 0.39315724 0.38759899 0.38672537 0.38276026 0.37806022 0.37759393 0.37451965 0.36973792 0.32268462 0.00000000 0.00000000 0.00000000 0.00000000 0.00000000 0.00000000 0.00000000 0.00000000 0.00000000 0.00000000 0.00000000 0.00000000 0.00000000 0.00000000 0.00000000 0.00000000 0.00000000 0.00000000 0.00000000 0.00000000 0.00000000 0.00000000 0.00000000 0.00000000 0.00000000 0.00000000 0.00000000 0.00000000 0.00000000 0.00000000 0.00000000 0.00000000 0.00000000 0.00000000 0.00000000 0.00000000 0.00000000 0.00000000 0.48107842 0.44583541 0.45418122 0.46051317 0.46676907 0.47424775
0.38289428 0.38457263 0.38677824 0.38844851 0.38718319 0.38704151 0.38765579 0.38117799 0.38235936 0.37589511 0.37285060 0.36914510 0.36957812 0.30101770 0.00000000 0.00000000 0.00000000 0.00000000 0.00000000 0.00000000 0.00000000 0.00000000 0.00000000 0.00000000 0.00000000 0.00000000 0.00000000 0.00000000 0.00000000 0.00000000 0.00000000 0.00000000 0.00000000 0.00000000 0.00000000 0.00000000 0.00000000 0.00000000 0.00000000 0.00000000 0.00000000 0.00000000 0.00000000 0.00000000 0.00000000 0.00000000 0.00000000 0.00000000 0.00000000 0.00000000 0.00000000 0.00000000 0.45765081 0.44928023 0.45264035 0.45990121 0.46746731 0.47304645
0.38291448 0.38325822 0.38464883 0.38449612 0.38779876 0.38418987 0.38489619 0.38210928 0.37912911 0.37474841 0.37403864 0.37030402 0.36761340 0.29058033 0.00000000 0.00000000 0.00000000 0.00000000 0.00000000 0.00000000 0.00000000 0.00000000 0.00000000 0.00000000 0.00000000 0.00000000 0.00000000 0.00000000 0.00000000 0.00000000 0.00000000 0.00000000 0.00000000 0.00000000 0.00000000 0.00000000 0.00000000 0.00000000 0.00000000 0.00000000 0.00000000 0.00000000 0.00000000 0.00000000 0.00000000 0.00000000 0.00000000 0.00000000 0.00000000 0.00000000 0.00000000 0.00000000 0.39540014 0.44751114 0.44958761 0.45862535 0.46559283 0.47200301
0.37732437 0.37983859 0.38032761 0.38231105 0.38317010 0.38275447 0.38083553 0.37821376 0.37584755 0.37134671 0.36846420 0.36560750 0.36542118 0.25393566 0.00000000 0.00000000 0.00000000 0.00000000 0.00000000 0.00000000 0.00000000 0.00000000 0.00000000 0.00000000 0.00000000 0.00000000 0.00000000 0.00000000 0.00000000 0.00000000 0.00000000 0.00000000 0.00000000 0.00000000 0.00000000 0.00000000 0.00000000 0.00000000 0.00000000 0.00000000 0.00000000 0.00000000 0.00000000 0.00000000 0.00000000 0.00000000 0.00000000 0.00000000 0.00000000 0.00000000 0.00000000 0.00000000 0.36144850 0.44003856 0.44854665 0.45454726 0.46152633 0.47045404
0.37676671 0.37804002 0.37786698 0.38027483 0.37869012 0.38195726 0.37999204 0.37682605 0.37425271 0.37113598 0.36700925 0.36841059 0.35927036 0.18347012 0.00000000 0.00000000 0.00000000 0.00000000 0.00000000 0.00000000 0.00000000 0.00000000 0.00000000 0.00000000 0.00000000 0.00000000 0.00000000 0.00000000 0.00000000 0.00000000 0.00000000 0.00000000 0.00000000 0.00000000 0.00000000 0.00000000 0.00000000 0.00000000 0.00000000 0.00000000 0.00000000 0.00000000 0.00000000 0.00000000 0.00000000 0.00000000 0.00000000 0.00000000 0.00000000 0.00000000 0.00000000 0.00000000 0.37526980 0.44147331 0.44961125 0.45646819 0.46276608 0.46941185
0.37449244 0.37512520 0.37521103 0.37805739 0.37916148 0.38112640 0.37884480 0.37877029 0.37436378 0.37246749 0.36683148 0.36186132 0.35412988 0.11374372 0.00000000 0.00000000 0.00000000 0.00000000 0.00000000 0.00000000 0.00000000 0.00000000 0.00000000 0.00000000 0.00000000 0.00000000 0.00000000 0.00000000 0.00000000 0.00000000 0.00000000 0.00000000 0.00000000 0.00000000 0.00000000 0.00000000 0.00000000 0.00000000 0.00000000 0.00000000 0.00000000 0.00000000 0.00000000 0.00000000 0.00000000 0.00000000 0.00000000 0.00000000 0.00000000 0.00000000 0.00000000 0.00000000 0.40681162 0.44464380 0.45406321 0.45831504 0.46534684 0.47068930
0.37074539 0.37204689 0.37291551 0.37415510 0.37397382 0.37549686 0.37803748 0.37618369 0.37464213 0.36905330 0.36627769 0.36258864 0.34833947 0.08626585 0.00000000 0.00000000 0.00000000 0.00000000 0.00000000 0.00000000 0.00000000 0.00000000 0.00000000 0.00000000 0.00000000 0.00000000 0.00000000 0.00000000 0.00000000 0.00000000 0.00000000 0.00000000 0.00000000 0.00000000 0.00000000 0.00000000 0.00000000 0.00000000 0.00000000 0.00000000 0.00000000 0.00000000 0.00000000 0.00000000 0.00000000 0.00000000 0.00000000 0.00000000 0.00000000 0.00000000 0.00000000 0.00000000 0.42162660 0.44509500 0.45497558 0.45876247 0.46418634 0.47262582
0.36594895 0.36778605 0.36894414 0.36667782 0.37143335 0.37001675 0.37242514 0.37130228 0.36948210 0.36718491 0.36384702 0.35661155 0.34772885 0.10857123 0.00000000 0.00000000 0.00000000 0.00000000 0.00000000 0.00000000 0.00000000 0.00000000 0.00000000 0.00000000 0.00000000 0.00000000 0.00000000 0.00000000 0.00000000 0.00000000 0.00000000 0.00000000 0.00000000 0.00000000 0.00000000 0.00000000 0.00000000 0.00000000 0.00000000 0.00000000 0.00000000 0.00000000 0.00000000 0.00000000 0.00000000 0.00000000 0.00000000 0.00000000 0.00000000 0.00000000 0.00000000 0.00000000 0.43712687 0.44722864 0.45298511 0.45883998 0.46259803 0.46904933
0.36232522 0.36078367 0.36506012 0.36279455 0.36291215 0.36381060 0.36491063 0.36594555 0.36630309 0.36065972 0.35698336 0.35291499 0.34170869 0.16865170 0.00000000 0.00000000 0.00000000 0.00000000 0.00000000 0.00000000 0.00000000 0.00000000 0.00000000 0.00000000 0.00000000 0.00000000 0.00000000 0.00000000 0.00000000 0.00000000 0.00000000 0.00000000 0.00000000 0.00000000 0.00000000 0.00000000 0.00000000 0.00000000 0.00000000 0.00000000 0.00000000 0.00000000 0.00000000 0.00000000 0.00000000 0.00000000 0.00000000 0.00000000 0.00000000 0.00000000 0.00000000 0.02317996 0.44556007 0.44590655 0.45123637 0.45760572 0.46096316 0.46571508
0.35468051 0.35456264 0.35499555 0.35694316 0.35632822 0.35805237 0.35939330 0.36016244 0.35791686 0.35655800 0.35222363 0.34674206 0.33684623 0.23572087 0.00000000 0.00000000 0.00000000 0.00000000 0.00000000 0.00000000 0.00000000 0.00000000 0.00000000 0.00000000 0.00000000 0.00000000 0.00000000 0.00000000 0.00000000 0.00000000 0.00000000 0.00000000 0.00000000 0.00000000 0.00000000 0.00000000 0.00000000 0.00000000 0.00000000 0.00000000 0.00000000 0.00000000 0.00000000 0.00000000 0.00000000 0.00000000 0.00000000 0.00000000 0.00000000 0.00000000 0.00000000 0.09461246 0.44620723 0.44368806 0.44865316 0.45412549 0.46088359 0.46375611
0.31118274 0.29641634 0.30889970 0.32862315 0.33575770 0.33904350 0.35054228 0.34533516 0.33041459 0.29925671 0.24503541 0.20037961 0.18136261 0.12529989 0.00000000 0.00000000 0.00000000 0.00000000 0.00000000 0.00000000 0.00000000 0.00000000 0.00000000 0.00000000 0.00000000 0.00000000 0.00000000 0.00000000 0.00000000 0.00000000 0.00000000 0.00000000 0.00000000 0.00000000 0.00000000 0.00000000 0.00000000 0.00000000 0.00000000 0.00000000 0.00000000 0.00000000 0.00000000 0.00000000 0.00000000 0.00000000 0.00000000 0.00000000 0.00000000 0.00000000 0.00000000 0.11650205 0.43523416 0.44216159 0.44773510 0.45371720 0.45864338 0.46410212
0.00000000 0.00000000 0.00000000 0.00000000 0.07583420 0.21793492 0.22299996 0.07090744 0.00000000 0.00000000 0.00000000 0.00000000 0.00000000 0.00000000 0.00000000 0.00000000 0.00000000 0.00000000 0.00000000 0.00000000 0.00000000 0.00000000 0.00000000 0.00000000 0.00000000 0.00000000 0.00000000 0.00000000 0.00000000 0.00000000 0.00000000 0.00000000 0.00000000 0.00000000 0.00000000 0.00000000 0.00000000 0.00000000 0.00000000 0.00000000 0.00000000 0.00000000 0.00000000 0.00000000 0.00000000 0.00000000 0.00000000 0.00000000 0.00000000 0.00000000 0.00000000 0.20531988 0.43430620 0.44595355 0.44912192 0.45337835 0.46039242 0.46530998
0.00000000 0.00000000 0.00000000 0.00000000 0.00000000 0.00000000 0.00000000 0.00000000 0.00000000 0.00000000 0.00000000 0.00000000 0.00000000 0.00000000 0.00000000 0.00000000 0.00000000 0.00000000 0.00000000 0.00000000 0.00000000 0.00000000 0.00000000 0.00000000 0.00000000 0.00000000 0.00000000 0.00000000 0.00000000 0.00000000 0.00000000 0.00000000 0.00000000 0.00000000 0.00000000 0.00000000 0.00000000 0.00000000 0.00000000 0.00000000 0.00000000 0.00000000 0.00000000 0.00000000 0.00000000 0.00000000 0.00000000 0.00000000 0.00000000 0.00000000 0.00000000 0.32655546 0.43565413 0.44299230 0.44928101 0.45425346 0.45966363 0.46512818
0.00000000 0.00000000 0.00000000 0.00000000 0.00000000 0.00000000 0.00000000 0.00000000 0.00000000 0.00000000 0.00000000 0.00000000 0.00000000 0.00000000 0.00000000 0.00000000 0.00000000 0.00000000 0.00000000 0.00000000 0.00000000 0.00000000 0.00000000 0.00000000 0.00000000 0.00000000 0.00000000 0.00000000 0.00000000 0.00000000 0.00000000 0.00000000 0.00000000 0.00000000 0.00000000 0.00000000 0.00000000 0.00000000 0.00000000 0.00000000 0.00000000 0.00000000 0.00000000 0.00000000 0.00000000 0.00000000 0.00000000 0.00000000 0.00000000 0.00000000 0.00000000 0.39928174 0.44045830 0.44196686 0.44756064 0.45358172 0.45855024 0.46403319
0.00000000 0.00000000 0.00000000 0.00000000 0.00000000 0.00000000 0.00000000 0.00000000 0.00000000 0.00000000 0.00000000 0.00000000 0.00000000 0.00000000 0.00000000 0.00000000 0.00000000 0.00000000 0.00000000 0.00000000 0.00000000 0.00000000 0.00000000 0.00000000 0.00000000 0.00000000 0.00000000 0.00000000 0.00000000 0.00000000 0.00000000 0.00000000 0.00000000 0.00000000 0.00000000 0.00000000 0.00000000 0.00000000 0.00000000 0.00000000 0.00000000 0.00000000 0.00000000 0.00000000 0.00000000 0.00000000 0.00000000 0.00000000 0.00000000 0.00000000 0.10120659 0.42473784 0.43847558 0.44237012 0.44911310 0.45363912 0.45827177 0.46391594
0.00000000 0.00000000 0.00000000 0.00000000 0.00000000 0.00000000 0.00000000 0.00000000 0.00000000 0.00000000 0.00000000 0.00000000 0.00000000 0.00000000 0.00000000 0.00000000 0.00000000 0.00000000 0.00000000 0.00000000 0.00000000 0.00000000 0.00000000 0.00000000 0.00000000 0.00000000 0.00000000 0.00000000 0.00000000 0.00000000 0.00000000 0.00000000 0.00000000 0.00000000 0.00000000 0.00000000 0.00000000 0.00000000 0.00000000 0.00000000 0.00000000 0.00000000 0.00000000 0.00000000 0.00000000 0.00000000 0.00000000 0.00000000 0.00000000 0.00000000 0.29733783 0.42897311 0.43722057 0.44747797 0.44916874 0.45333594 0.45601895 0.46260694
0.00000000 0.00000000 0.00000000 0.00000000 0.00000000 0.00000000 0.00000000 0.00000000 0.00000000 0.00000000 0.00000000 0.00000000 0.00000000 0.00000000 0.00000000 0.00000000 0.00000000 0.00000000 0.00000000 0.00000000 0.00000000 0.00000000 0.00000000 0.00000000 0.00000000 0.00000000 0.00000000 0.00000000 0.00000000 0.00000000 0.00000000 0.00000000 0.00000000 0.00000000 0.00000000 0.00000000 0.00000000 0.00000000 0.00000000 0.00000000 0.00000000 0.00000000 0.00000000 0.00000000 0.00000000 0.00000000 0.00000000 0.00000000 0.00000000 0.00000000 0.37561175 0.43407887 0.43848330 0.44451299 0.44839987 0.45243940 0.45751235 0.46457890
0.00000000 0.00000000 0.00000000 0.00000000 0.00000000 0.00000000 0.00000000 0.00000000 0.00000000 0.00000000 0.00000000 0.00000000 0.00000000 0.00000000 0.00000000 0.00000000 0.00000000 0.00000000 0.00000000 0.00000000 0.00000000 0.00000000 0.00000000 0.00000000 0.00000000 0.00000000 0.00000000 0.00000000 0.00000000 0.00000000 0.00000000 0.00000000 0.00000000 0.00000000 0.00000000 0.00000000 0.00000000 0.00000000 0.00000000 0.00000000 0.00000000 0.00000000 0.00000000 0.00000000 0.00000000 0.00000000 0.00000000 0.00000000 0.00000000 0.00000000 0.39173681 0.43196684 0.43784881 0.44465664 0.44994998 0.45175982 0.45468509 0.45926297
0.00000000 0.00000000 0.00000000 0.00000000 0.00000000 0.00000000 0.00000000 0.00000000 0.00000000 0.00000000 0.00000000 0.00000000 0.00000000 0.00000000 0.00000000 0.00000000 0.00000000 0.00000000 0.00000000 0.00000000 0.00000000 0.00000000 0.00000000 0.00000000 0.00000000 0.00000000 0.00000000 0.00000000 0.00000000 0.00000000 0.00000000 0.00000000 0.00000000 0.00000000 0.00000000 0.00000000 0.00000000 0.00000000 0.00000000 0.00000000 0.00000000 0.00000000 0.00000000 0.00000000 0.00000000 0.00000000 0.00000000 0.00000000 0.00000000 0.07788773 0.28063601 0.30799422 0.32017028 0.33064872 0.34133735 0.35268760 0.36216116 0.37831017
0.00000000 0.00000000 0.00000000 0.00000000 0.00000000 0.00000000 0.00000000 0.00000000 0.00000000 0.00000000 0.00000000 0.00000000 0.00000000 0.00000000 0.00000000 0.00000000 0.00000000 0.00000000 0.00000000 0.00000000 0.00000000 0.00000000 0.00000000 0.00000000 0.00000000 0.00000000 0.00000000 0.00000000 0.00000000 0.00000000 0.00000000 0.00000000 0.00000000 0.00000000 0.00000000 0.00000000 0.00000000 0.00000000 0.00000000 0.00000000 0.00000000 0.00000000 0.00000000 0.00000000 0.00000000 0.00000000 0.00000000 0.00000000 0.18967476 0.33693326 0.33434761 0.31222510 0.29012227 0.27054036 0.22041559 0.15786637 0.10904079 0.11732879
