-0.12617774 0.03289073 0.14139283 0.13676965 0.01693328 0.07569340 0.04423089 -0.13848954 -0.18806531 -0.22151160 -0.08714727 -0.10185092 -0.13992211 -0.09733590 -0.15659149 -0.14741635 -0.11364942 -0.13007994 -0.12192687 -0.14404555 -0.11933374 -0.12185095 -0.12003138 -0.11604425 -0.11337885 -0.11642559 -0.11603379 -0.11574809 -0.11567941 -0.11698020 -0.11449417 -0.11038307 -0.10720649 -0.10753813 -0.10831796 -0.11150053 -0.10647164 -0.10263868 -0.11116333 0.02209523 0.97347122 1.63482010 1.22281218 0.33161756 -0.94635820 -1.88662028 -2.06629848 -1.64350462 -1.16577435 -0.45063397 0.01935793 0.23922020 0.50866222 0.77687728 0.86363018 0.70252424 -0.82030779 -1.93384075
-0.01473244 0.34681273 0.47967374 0.37927881 0.14762232 0.13223355 0.16235191 -0.09855104 -0.26030558 -0.19305113 0.01541362 -0.06702074 -0.11254715 -0.11361779 -0.00203330 0.03925274 -0.04693989 -0.15902407 -0.25393316 -0.19849059 -0.11996114 -0.12249773 -0.11841659 -0.11498883 -0.11212947 -0.11232617 -0.11311179 -0.11390539 -0.11174151 -0.11117309 -0.10795871 -0.10644613 -0.10450949 -0.10234825 -0.10222961 -0.10272603 -0.10086890 -0.10014679 -0.09066163 0.38583231 1.36912465 1.30210328 0.13099328 -0.98944300 -1.75480926 -2.02305436 -1.99231267 -1.53562045 -0.92406273 -0.46846768 -0.01218234 0.23653084 0.40171242 0.39135826 0.18441711 -0.63071483 -2.07200909 -2.85244751
0.04666463 0.56449449 0.38819027 0.03691706 -0.07911831 0.07539379 0.19531204 0.00957075 -0.05673396 -0.05135495 0.26151711 0.20821564 0.12063720 0.06967008 0.26995164 0.57115698 0.04604585 -0.28507593 -0.42613438 -0.23002537 -0.12271395 -0.12166385 -0.11784659 -0.11419299 -0.11025843 -0.11192111 -0.11149737 -0.11087149 -0.10882773 -0.10825751 -0.10410229 -0.10247977 -0.09856075 -0.09900384 -0.09886590 -0.09680034 -0.09963152 -0.10457689 0.14647053 0.91568547 1.54339027 0.74291408 -0.81842607 -1.87813520 -2.20077181 -2.06870866 -1.87773335 -1.55508626 -1.09676540 -0.82579643 -0.65679640 -0.50570059 -0.63331866 -0.91048682 -1.49431670 -2.33176875 -2.97560835 -3.53878760
0.09475623 0.63815463 0.08647668 -0.36212820 -0.30772153 0.20729995 -0.04416155 -0.11826639 -0.12082136 0.00791799 0.37417325 0.00099946 -0.02864356 0.13582087 0.41696304 0.55582798 -0.03287411 -0.49940342 -0.52050763 -0.22584610 -0.12465879 -0.12127870 -0.11647638 -0.11376641 -0.11046780 -0.11305701 -0.11022718 -0.10625371 -0.10449148 -0.10339154 -0.10189880 -0.10022379 -0.09730153 -0.09651241 -0.09661565 -0.09670277 -0.10237706 -0.06034522 0.52986455 1.50725210 1.54120004 0.27402961 -1.41238403 -2.34076405 -2.45239973 -2.41612792 -2.24573016 -2.03789830 -1.80303991 -1.79710293 -1.81179798 -1.84295225 -2.06117487 -2.38219714 -2.76478767 -3.13521624 -3.57592463 -3.69337034
0.08505256 0.30731487 -0.21569072 -0.22776026 0.09880758 0.58514410 -0.11632185 -0.31899375 -0.53420782 0.13173665 0.14950846 -0.43658409 -0.30551487 0.05013247 0.29840341 0.21247257 -0.51495153 -0.78357422 -0.65170038 -0.21089363 -0.12812100 -0.12328929 -0.12142706 -0.11812288 -0.11783436 -0.11456215 -0.11185931 -0.11206966 -0.10893149 -0.10708976 -0.10307147 -0.10197524 -0.10140737 -0.09860374 -0.09812886 -0.10431787 -0.09805655 0.27833703 1.19986045 1.75213969 1.01469326 -0.49328744 -2.00532150 -2.68041325 -2.61884427 -2.74316335 -2.75672817 -2.70679855 -2.64864516 -2.68469238 -2.77928329 -2.83627462 -2.88699818 -2.90257049 -2.82424164 -3.28437877 -3.82496929 -3.59289956
-0.08233970 -0.21110056 -0.23915783 -0.08078479 0.04437139 -0.03015802 -0.70331770 -0.77872849 -0.75289553 0.00923231 -0.55249250 -0.77585310 -0.47914210 -0.33517283 -0.14366683 -0.29679203 -1.23245156 -0.89642787 -0.49858978 -0.16645198 -0.12971003 -0.12836115 -0.12513849 -0.11911077 -0.12057655 -0.11784694 -0.11913415 -0.11701632 -0.11566532 -0.11147432 -0.10779803 -0.10560617 -0.10475262 -0.10228569 -0.10796959 -0.11386783 0.12922594 0.82174635 1.63063633 1.40227056 0.12615079 -1.41622829 -2.60539269 -2.81829810 -2.79469991 -2.94199586 -3.02090883 -3.06467462 -3.10813975 -3.12610698 -3.10256672 -3.03950930 -2.94058371 -2.75464964 -2.70203614 -3.35828972 -3.91600323 -3.56608081
-0.12609367 -0.15800717 -0.17088549 -0.08729934 -0.34313047 -0.67111772 -0.82178468 -0.59041470 -0.71671343 -0.36981392 -0.67653030 -0.58009475 -0.50219232 -0.34006771 -0.50556731 -0.70656484 -1.07789135 -0.66967762 -0.21387900 -0.08405555 -0.13070339 -0.13019787 -0.12520173 -0.12272640 -0.11810586 -0.11553878 -0.11875006 -0.11735974 -0.11451966 -0.10957163 -0.10707282 -0.10623296 -0.10849164 -0.10642563 -0.07991956 0.12593350 0.65024596 1.44232452 1.49313736 0.42660415 -0.99184233 -2.36787176 -2.93854713 -2.93623877 -2.99359679 -3.06218600 -3.12932849 -3.13268805 -3.13596010 -3.12568331 -3.10120702 -3.08026266 -3.02064061 -2.77299213 -2.65467405 -3.30105376 -3.78074193 -3.26959682
-0.22172290 -0.18355367 0.00339540 -0.29471052 -0.56800497 -0.41508695 -0.45043507 -0.21928497 -0.38015327 -0.24872693 -0.37306979 -0.27622786 -0.36797971 -0.18274136 -0.45544079 -0.59273458 -0.44561201 -0.25771689 -0.02129612 -0.09693840 -0.12463441 -0.12454771 -0.11901101 -0.11702748 -0.11116704 -0.11320932 -0.11083546 -0.11035262 -0.10717180 -0.10359383 -0.10460099 -0.10915615 -0.09678569 0.08617362 0.44383287 0.72502112 1.23601413 1.22718227 0.54544544 -0.66684979 -2.07919884 -2.98533940 -3.07397413 -3.07289243 -3.09711599 -3.07949758 -3.20147109 -3.30699182 -3.25846171 -3.05323505 -2.89858413 -2.94629645 -3.02628064 -2.82233405 -2.58891106 -3.13705182 -3.61100745 -2.95536470
-0.12875476 -0.17384762 -0.23316084 -0.34592637 -0.31708995 -0.22606383 -0.19292738 -0.12118752 -0.20139100 -0.17276785 -0.15908802 -0.17466299 -0.22674429 -0.12416486 -0.32725340 -0.18491888 -0.12164685 -0.09520655 -0.04481935 -0.12114638 -0.11994246 -0.11547960 -0.11287054 -0.10870530 -0.10695934 -0.10819763 -0.10536212 -0.10652786 -0.10175324 -0.09798661 -0.10292095 -0.09847322 0.18819460 0.70839131 1.14351892 1.26333356 0.96541667 0.48399508 -0.61995721 -1.87527943 -2.86958957 -3.10642958 -3.10860705 -3.14534473 -3.11318779 -3.00096774 -3.22280455 -3.52004027 -3.37410736 -2.91846561 -2.48185039 -2.68788314 -2.92155766 -2.90229583 -2.63095236 -2.85733008 -3.30913210 -2.70775723
-0.12646556 -0.13604052 -0.15251109 -0.14096172 -0.12641743 -0.13028684 -0.11119234 -0.12962976 -0.12825526 -0.11627093 -0.10568437 -0.12093864 -0.11683062 -0.13660178 -0.12280726 -0.09752900 -0.11938186 -0.09822667 -0.12348415 -0.11801886 -0.11334249 -0.11179584 -0.10710444 -0.10580175 -0.10439156 -0.10389848 -0.10336216 -0.09985992 -0.09686449 -0.09731580 -0.10724913 0.11803640 0.70682073 1.37937808 1.49904597 0.99044502 0.27089015 -0.83957714 -1.92060506 -2.76873541 -3.09490824 -3.06617475 -3.10004091 -3.16000628 -3.01233053 -2.80527115 -3.20884132 -3.91924691 -3.77004528 -2.92284513 -2.26666474 -2.36087918 -2.85093284 -2.97668409 -2.71696353 -2.62569880 -2.94967794 -2.76358414
-0.11991183 -0.12138096 -0.12273919 -0.12348796 -0.12220920 -0.11978823 -0.11977384 -0.12272471 -0.12606709 -0.12515898 -0.12344778 -0.12185442 -0.12144737 -0.11957546 -0.11507541 -0.11250342 -0.11278968 -0.11416902 -0.11377791 -0.11224123 -0.10810506 -0.10790558 -0.10454454 -0.10297265 -0.10126480 -0.10131972 -0.10022637 -0.09507608 -0.09452951 -0.10350663 -0.05791050 0.49455494 1.35704672 1.75113511 1.15402460 -0.01845884 -1.17657018 -2.25799322 -2.83317947 -3.09893966 -3.03985429 -3.05894589 -3.12291574 -3.16394329 -2.98017716 -2.74570084 -3.34314394 -4.06427765 -3.55685163 -2.58161974 -2.17705178 -2.27128172 -2.61948609 -3.20437670 -3.04316187 -2.68712211 -2.95419478 -2.82805252
-0.12195510 -0.12279745 -0.12504265 -0.12380145 -0.12193107 -0.12050258 -0.12034733 -0.12276930 -0.12578321 -0.12592013 -0.12393671 -0.12182209 -0.11920524 -0.11889990 -0.11696210 -0.11281607 -0.11315917 -0.11574306 -0.11321583 -0.11121271 -0.11056678 -0.10877471 -0.10813987 -0.10362776 -0.10049732 -0.09926978 -0.09624376 -0.09394273 -0.09329679 -0.10498221 0.22333404 1.11163259 1.67104542 1.31548846 0.02120376 -1.47710037 -2.56198716 -2.97145319 -3.03511500 -3.04322338 -3.02405286 -3.10029030 -3.14879966 -3.17476153 -2.98393178 -2.90935016 -3.41837430 -3.60579586 -2.73240900 -2.03433132 -2.24020505 -2.43974733 -2.72849679 -3.34974432 -2.97077465 -2.41519570 -2.77198100 -2.89110708
-0.12442833 -0.12442401 -0.12692514 -0.12472194 -0.12351661 -0.12116763 -0.12235583 -0.12505828 -0.12801263 -0.12729916 -0.12346395 -0.12178441 -0.12266314 -0.12124387 -0.11710379 -0.11536893 -0.11715557 -0.11510610 -0.11726867 -0.11538293 -0.11171017 -0.10986661 -0.10886668 -0.10223012 -0.10124584 -0.09618676 -0.09326481 -0.09069221 -0.09611446 -0.05390394 0.62391621 1.55774558 1.51065254 0.33646682 -1.28144932 -2.60539484 -2.93959165 -2.94950771 -2.94745851 -3.01100993 -3.05130887 -3.09638953 -3.13679743 -3.15364051 -3.12254715 -3.01067901 -3.08265996 -2.86791205 -2.24009061 -2.14842296 -2.69166279 -2.78159356 -2.98751688 -3.02994299 -2.40301299 -2.37335825 -2.92583084 -3.15139461
-0.12860952 -0.12736061 -0.12518261 -0.12670554 -0.12627615 -0.12275651 -0.12528941 -0.12853323 -0.12970500 -0.12731493 -0.12371192 -0.12228104 -0.12108763 -0.12059567 -0.11718803 -0.11668714 -0.11900656 -0.11866923 -0.11922035 -0.11643201 -0.11486299 -0.11118941 -0.10819373 -0.10542136 -0.09992500 -0.09513867 -0.09446625 -0.09513222 -0.10665121 0.22573081 1.22666121 1.67583585 0.75649685 -0.70889789 -2.17876983 -2.82600331 -2.84962988 -2.91212940 -2.98402381 -3.02089334 -3.06723619 -3.09536648 -3.11830306 -3.13292718 -3.18149495 -3.12238550 -2.93508005 -2.70260763 -2.53942204 -2.60570550 -3.01319337 -3.02796698 -2.99290228 -2.64222765 -2.37835884 -2.82339883 -3.32152653 -3.18039393
-0.12587532 -0.12693621 -0.12755269 -0.12728296 -0.12495036 -0.12572359 -0.12570368 -0.12919343 -0.13042291 -0.12946600 -0.12370039 -0.12232726 -0.12303302 -0.11945207 -0.11397483 -0.11522055 -0.11686872 -0.11826146 -0.11709111 -0.11640697 -0.11332912 -0.10936159 -0.10709245 -0.10634358 -0.10125455 -0.09865329 -0.09919181 -0.10908225 -0.06004521 0.63529599 1.59730935 1.32583535 0.05579309 -1.54646790 -2.73019433 -2.83508825 -2.89645624 -3.00209904 -3.03504062 -3.06794119 -3.10882092 -3.13286352 -3.14537716 -3.14806104 -3.15599442 -3.13873839 -3.09362292 -3.03892875 -3.00643921 -2.95893288 -3.08626342 -3.04481578 -2.86943460 -2.61206079 -2.83857632 -3.27729583 -3.62722325 -2.99234056
-0.12282643 -0.12345748 -0.12493216 -0.12569791 -0.12308774 -0.12308693 -0.12366696 -0.12680008 -0.12895805 -0.12922774 -0.12634732 -0.12407451 -0.12077819 -0.11666922 -0.11049549 -0.11178516 -0.11566769 -0.11447693 -0.11162654 -0.11304217 -0.11037622 -0.10646579 -0.10282468 -0.10047139 -0.09764223 -0.10010340 -0.10753021 -0.08238330 0.34477648 1.31120586 1.63215387 0.54132253 -0.98713785 -2.32876849 -2.87059641 -2.90084219 -3.02248502 -3.08122206 -3.10318875 -3.13869143 -3.18164682 -3.18759513 -3.18965483 -3.18840337 -3.19244409 -3.20377040 -3.20100212 -3.17180109 -3.11923957 -3.07171631 -3.07060885 -3.06390786 -2.97607231 -2.92915678 -3.24146390 -3.52029300 -3.67541361 -2.66096044
-0.11957356 -0.11896659 -0.12142769 -0.12241434 -0.11990093 -0.11923216 -0.12215348 -0.12367572 -0.12653087 -0.12366908 -0.12074687 -0.11739589 -0.11500217 -0.11008839 -0.10544948 -0.10803960 -0.11112585 -0.11041902 -0.10788136 -0.10451637 -0.10421945 -0.10296920 -0.09951962 -0.09576297 -0.09554912 -0.10238399 -0.07146119 0.34454504 1.04533243 1.65579414 1.01426256 -0.38821432 -1.82282376 -2.82439208 -2.92006564 -2.97706628 -3.10363364 -3.14131904 -3.15207434 -3.18026233 -3.21857142 -3.22241259 -3.22160769 -3.21388340 -3.21295476 -3.22497272 -3.22888589 -3.20151210 -3.15057683 -3.11304045 -3.11931658 -3.18286037 -3.08394098 -3.04773021 -3.27816272 -3.43502688 -3.29729295 -2.09547138
-0.11688070 -0.11723648 -0.11904567 -0.12044863 -0.11857919 -0.11651243 -0.11728250 -0.11924209 -0.12084880 -0.11583462 -0.11359395 -0.11106581 -0.10829525 -0.10686429 -0.10624196 -0.10833962 -0.10880317 -0.10683555 -0.10421324 -0.10149021 -0.10226203 -0.09893467 -0.09391589 -0.09601498 -0.09826671 -0.06425411 0.35461822 1.03442013 1.63198590 1.26653898 0.02019616 -1.47729337 -2.62655115 -2.96573448 -2.94711542 -3.04307866 -3.13426614 -3.16305494 -3.17079353 -3.19822025 -3.23312497 -3.24028325 -3.23485661 -3.22449303 -3.21696854 -3.22453904 -3.23183465 -3.20830655 -3.17277360 -3.21199417 -3.27189541 -3.32066011 -3.26361251 -3.16376114 -3.14342713 -3.27682805 -2.66219521 -1.40508330
-0.11611958 -0.11754678 -0.11762873 -0.11766440 -0.11768002 -0.11473431 -0.11568212 -0.11689619 -0.11693463 -0.11392167 -0.11063178 -0.10727123 -0.10732759 -0.10712801 -0.10732049 -0.10577956 -0.10737156 -0.10498688 -0.10167012 -0.09966990 -0.09830211 -0.09530716 -0.09378184 -0.09864244 -0.03409222 0.36818975 1.00594699 1.59851217 1.30966771 0.28844550 -1.07092297 -2.49035406 -3.06138754 -2.98805213 -3.00368714 -3.08874989 -3.15481925 -3.17987537 -3.18781686 -3.21401548 -3.24775839 -3.25384521 -3.24938917 -3.24372864 -3.23233986 -3.23192763 -3.24248242 -3.20957661 -3.16322517 -3.30417085 -3.59365702 -3.70934987 -3.55027962 -3.08889198 -2.86242247 -2.80185533 -1.98140192 -0.84245032
-0.11515229 -0.11751179 -0.11800176 -0.12016501 -0.11787865 -0.11485311 -0.11344644 -0.11761847 -0.11803599 -0.11396624 -0.11158687 -0.11088190 -0.11037833 -0.10962366 -0.10775020 -0.10546788 -0.10662994 -0.10467815 -0.10083024 -0.09679909 -0.09807966 -0.09631679 -0.07678532 0.08182094 0.49480718 1.00264311 1.48302889 1.14784086 0.31520167 -0.98652053 -2.39780688 -3.10795355 -3.09566331 -2.99083567 -3.03791499 -3.09477401 -3.14331055 -3.17527866 -3.19245958 -3.22423244 -3.25399327 -3.25582218 -3.25406647 -3.25203085 -3.24984217 -3.25709581 -3.25676179 -3.19137454 -3.10885310 -3.42238617 -3.95364308 -4.05100679 -3.69643998 -2.93433213 -2.45289397 -2.05518556 -1.11702573 -0.37269244
-0.11821655 -0.11836829 -0.11855742 -0.12100410 -0.11814687 -0.11456826 -0.11322596 -0.11702795 -0.11634183 -0.11459652 -0.11221911 -0.11395944 -0.11248568 -0.11203558 -0.10865833 -0.10666867 -0.10295408 -0.09925182 -0.09877024 -0.09772160 -0.09843670 -0.02019688 0.28717160 0.68441772 1.14106107 1.30632877 0.91906410 0.18649563 -1.00561714 -2.32971549 -3.02379680 -3.12581372 -3.05813718 -2.99478436 -3.03109598 -3.07474637 -3.13326383 -3.16308832 -3.18879032 -3.22526121 -3.25146461 -3.25416088 -3.25130081 -3.25143719 -3.26675272 -3.27263403 -3.26151919 -3.14085913 -3.03146815 -3.54063845 -4.20179939 -4.24339247 -3.50822449 -2.30928969 -1.70444572 -1.14317930 -0.43313542 -0.12755163
-0.12227582 -0.12219708 -0.12179269 -0.12034834 -0.11681522 -0.11467936 -0.11614802 -0.12058993 -0.11876266 -0.11628941 -0.11626790 -0.11535022 -0.11348732 -0.11268456 -0.10828993 -0.10566495 -0.10065423 -0.09919923 -0.09857544 -0.10134012 -0.06072346 0.35972223 0.92176533 1.35685456 1.30562663 0.78531438 -0.10637741 -1.17397273 -2.36892605 -2.95698190 -3.03500772 -3.06355166 -3.06278181 -3.01461649 -3.02517414 -3.04980230 -3.11678100 -3.15728259 -3.17890406 -3.22721767 -3.24565077 -3.25033879 -3.25689316 -3.27428913 -3.29341793 -3.28258657 -3.24856067 -3.08390617 -2.92738414 -3.57473874 -4.17509937 -3.90368915 -2.90010095 -1.41360188 -0.75596583 -0.38145185 -0.21260916 -0.11518154
-0.12445208 -0.12273787 -0.11964891 -0.11945104 -0.11779780 -0.11651213 -0.11972864 -0.12145177 -0.11911881 -0.11667635 -0.11432736 -0.11284784 -0.11011420 -0.10807007 -0.10562869 -0.10256681 -0.09989693 -0.09932024 -0.10115569 -0.08824255 0.28963652 1.01324666 1.53123069 1.41343451 0.71049500 -0.42856339 -1.49839234 -2.50010872 -2.92996716 -2.97606993 -2.99503493 -3.09105945 -3.08655643 -3.01770091 -3.02738810 -3.02524853 -3.09137630 -3.15378737 -3.17947054 -3.22311878 -3.23830152 -3.24495292 -3.26003265 -3.28307009 -3.29612899 -3.26409340 -3.22565484 -3.09061050 -2.86572003 -3.44507909 -4.03582048 -3.45758629 -2.02533054 -0.63962466 -0.27169475 -0.15352790 -0.17770025 -0.15773436
-0.12039287 -0.12059248 -0.11826346 -0.11832738 -0.11840449 -0.11827458 -0.12299325 -0.12087512 -0.11760788 -0.11706392 -0.11141570 -0.10649242 -0.10409259 -0.10519070 -0.10272767 -0.09951721 -0.09755740 -0.09495991 -0.10022222 0.10529543 0.79189563 1.57593024 1.51570129 0.73454463 -0.56373054 -1.89330256 -2.64845777 -2.95740271 -2.93963718 -2.95420790 -3.03059363 -3.12578392 -3.09893298 -3.00863671 -3.01015806 -2.99866557 -3.07612777 -3.14991856 -3.18274474 -3.22356534 -3.23311400 -3.23592544 -3.25564981 -3.27592587 -3.27948189 -3.24359655 -3.19205403 -3.06194067 -2.86552548 -3.39747119 -3.85707307 -3.07942796 -1.53582692 -0.35418329 -0.18541503 -0.15922059 -0.17112064 -0.17010242
-0.11496966 -0.11620907 -0.11549614 -0.11649260 -0.11675289 -0.11729012 -0.11985391 -0.11851473 -0.11452610 -0.11062608 -0.10405809 -0.10155755 -0.10033251 -0.10044298 -0.09747139 -0.09560224 -0.09205069 -0.09044212 -0.06508722 0.44174200 1.37563181 1.66361797 0.84721351 -0.56090641 -2.07268691 -2.81681752 -2.94012380 -2.91730809 -2.91351318 -2.97609091 -3.06689692 -3.13554931 -3.10767031 -3.00147009 -2.98999095 -2.99292731 -3.07697964 -3.16268659 -3.19028497 -3.21562076 -3.22413731 -3.23142433 -3.24439549 -3.24730778 -3.23299265 -3.21037221 -3.16356587 -3.02372146 -2.90148807 -3.37207508 -3.73506069 -2.82725573 -1.32025373 -0.29244238 -0.19065270 -0.15893692 -0.15613365 -0.15090442
-0.10892254 -0.10955120 -0.10888460 -0.11001761 -0.10988909 -0.11323231 -0.11297651 -0.11005753 -0.10721466 -0.10253891 -0.09872966 -0.09448646 -0.09472760 -0.09325705 -0.09269952 -0.09264179 -0.08891616 -0.09067832 0.07098411 0.89632297 1.64170825 1.17548609 -0.14956221 -1.78827095 -2.82023239 -2.98375559 -2.93958330 -2.92765236 -2.95935082 -2.99132538 -3.07959723 -3.13689876 -3.10568070 -3.00372696 -2.99093246 -3.00783825 -3.08990741 -3.16804504 -3.19464517 -3.20805120 -3.22418141 -3.23309493 -3.23585868 -3.23160148 -3.21488786 -3.19981527 -3.13399029 -2.98208356 -3.04644537 -3.57425261 -3.77862144 -2.64903975 -1.02583385 -0.18634316 -0.17132370 -0.14816427 -0.14913093 -0.14316517
-0.10723364 -0.10588430 -0.10722654 -0.10642668 -0.10722179 -0.10916630 -0.10465720 -0.10388279 -0.10451044 -0.09985837 -0.09651297 -0.09337853 -0.09361456 -0.09111794 -0.09156404 -0.08825202 -0.08823475 -0.07536513 0.37714064 1.32274592 1.47611010 0.44848844 -1.13599145 -2.53556800 -2.92549562 -2.98822904 -2.99714303 -2.97068119 -2.96138787 -2.98057103 -3.05544019 -3.12503529 -3.08930063 -2.99092865 -2.98319435 -3.01948690 -3.10584211 -3.16465926 -3.18900442 -3.20316124 -3.22964764 -3.23451447 -3.22463346 -3.22072506 -3.21768832 -3.20439076 -3.11016798 -2.96315527 -3.24970484 -3.82995915 -3.76984048 -2.24107361 -0.61180276 -0.11612190 -0.15578122 -0.14381318 -0.14408980 -0.14217952
-0.10753337 -0.10509609 -0.10569991 -0.10278755 -0.10778444 -0.10457385 -0.10272423 -0.10214140 -0.09928050 -0.10033674 -0.09620705 -0.09289899 -0.09326415 -0.09194170 -0.08916292 -0.08531160 -0.08453761 -0.02636680 0.74680281 1.50334406 1.04742026 -0.26458174 -1.82220364 -2.80610490 -2.89817977 -2.99431133 -3.03584790 -2.99651074 -2.96086907 -2.96007133 -3.02419019 -3.10043955 -3.06061363 -2.98351359 -2.98586726 -3.04759383 -3.12668729 -3.16827965 -3.18886113 -3.20280623 -3.23030472 -3.23175645 -3.22020125 -3.21749640 -3.23186183 -3.20040822 -3.01700854 -2.95824003 -3.52036381 -4.11162996 -3.49211788 -1.69642270 -0.22406285 -0.12394287 -0.14797309 -0.14234029 -0.14240797 -0.13887227
-0.10833454 -0.10322703 -0.10505638 -0.10471228 -0.10756896 -0.10342020 -0.10132311 -0.10121801 -0.09937980 -0.09844125 -0.09519767 -0.09500919 -0.09191631 -0.09203166 -0.08868410 -0.08528315 -0.08545444 0.12243039 1.08953452 1.44561458 0.59664655 -0.86636055 -2.39147472 -2.84139204 -2.90456390 -3.01641774 -3.05150580 -3.00914669 -2.98943520 -2.97683644 -3.02455711 -3.09568238 -3.05482078 -3.00833368 -3.02759385 -3.08208919 -3.15350294 -3.17810321 -3.20065498 -3.21479154 -3.23165631 -3.23110723 -3.22107387 -3.22662520 -3.23444724 -3.16563964 -2.93070412 -3.01705861 -3.80505490 -4.18892717 -2.97987056 -1.13917255 -0.05608020 -0.14568508 -0.14746931 -0.14483654 -0.14281450 -0.13518551
-0.10441928 -0.10405847 -0.10344664 -0.10603260 -0.10532892 -0.10420732 -0.10192812 -0.09844587 -0.09958540 -0.09970080 -0.09708129 -0.09436326 -0.09186985 -0.09301759 -0.08730871 -0.08513846 -0.07549616 0.41646472 1.32917571 1.14991629 0.01150705 -1.48917639 -2.73518372 -2.85110927 -2.92818642 -3.01190329 -3.05705643 -3.03349638 -3.01431298 -3.02458882 -3.04268456 -3.09634042 -3.07327867 -3.04728365 -3.06577373 -3.10857105 -3.16470051 -3.18568730 -3.21840954 -3.22733116 -3.23605371 -3.23402548 -3.22169375 -3.22413611 -3.21892476 -3.12097812 -2.86748600 -3.17871714 -4.02129984 -3.99496150 -2.39859271 -0.66158575 -0.08489873 -0.15789571 -0.14627415 -0.14283322 -0.14075403 -0.13318370
-0.09567042 -0.10190764 -0.10106158 -0.10495369 -0.10475801 -0.10246170 -0.10254315 -0.10220422 -0.10041007 -0.10015327 -0.09910616 -0.09635909 -0.09297241 -0.09123701 -0.08823800 -0.08819462 -0.04317487 0.74701214 1.39229870 0.82003587 -0.54296130 -2.01908469 -2.83327079 -2.86542177 -2.94910812 -3.00046349 -3.05257869 -3.06984234 -3.04385757 -3.05949855 -3.09170127 -3.09406066 -3.08696890 -3.07235289 -3.07475185 -3.12825060 -3.17464924 -3.19840598 -3.22912645 -3.23548222 -3.23321915 -3.23420262 -3.22078419 -3.21840453 -3.21180677 -3.08858180 -2.84322929 -3.37624550 -4.10565233 -3.65414572 -1.92318666 -0.34865832 -0.14337552 -0.15037508 -0.14568727 -0.14352368 -0.14054468 -0.13573861
-0.09171143 -0.09850055 -0.10463976 -0.10272534 -0.10491077 -0.10306259 -0.10384140 -0.10562444 -0.10306979 -0.10183204 -0.09932498 -0.09675540 -0.09141291 -0.08423387 -0.08842804 -0.09217332 0.15369563 1.09641778 1.33960080 0.44592145 -1.10068333 -2.45644045 -2.84233904 -2.89703298 -2.98239493 -3.02239418 -3.06895304 -3.11386132 -3.09685254 -3.09398317 -3.12058020 -3.07941580 -3.07621360 -3.08386755 -3.09472656 -3.15102243 -3.19209290 -3.21475983 -3.23134613 -3.23285055 -3.23617578 -3.23632550 -3.22256637 -3.21557593 -3.20757031 -3.08999515 -2.83159852 -3.45563817 -4.11721611 -3.36483622 -1.66557539 -0.25228226 -0.16900466 -0.14882344 -0.14456263 -0.14311139 -0.14041352 -0.13787839
-0.09755579 -0.09718374 -0.10269419 -0.10377578 -0.10457014 -0.10422651 -0.10322725 -0.10493898 -0.10279679 -0.09876140 -0.09547408 -0.09282359 -0.08735218 -0.08312277 -0.08793700 -0.04953687 0.53450668 1.39485168 1.10347903 -0.16437715 -1.69758677 -2.73951268 -2.85427547 -2.92637181 -3.01272893 -3.05250740 -3.08902550 -3.14618230 -3.14465451 -3.11876822 -3.12579632 -3.06655455 -3.06062746 -3.08769774 -3.11485434 -3.16722751 -3.19788694 -3.21798897 -3.22920966 -3.22805190 -3.23184156 -3.23721337 -3.22317529 -3.21234131 -3.20963502 -3.06889439 -2.82002902 -3.44172120 -4.03683376 -3.19081712 -1.52949476 -0.28430909 -0.17618576 -0.14633590 -0.14168583 -0.14115924 -0.13764228 -0.13800703
-0.10040015 -0.10214463 -0.10134844 -0.10282788 -0.10219277 -0.10411356 -0.10305126 -0.10046005 -0.09736840 -0.09465907 -0.09278593 -0.08732469 -0.07957195 -0.08073881 -0.08521448 0.26500005 1.13113534 1.49024677 0.58391285 -0.91233450 -2.23936319 -2.82633042 -2.86598134 -2.95320487 -3.03647923 -3.07683206 -3.10000658 -3.16561460 -3.17812490 -3.13300204 -3.11746192 -3.03417969 -3.03510094 -3.08581567 -3.12728381 -3.17521501 -3.20180893 -3.21849179 -3.22590303 -3.22516060 -3.22267604 -3.22857213 -3.21191359 -3.20195055 -3.20201540 -3.05390120 -2.77805352 -3.30375981 -3.82562351 -3.03005338 -1.58717370 -0.41561347 -0.17560476 -0.14356923 -0.14061114 -0.13781236 -0.13601361 -0.13597271
-0.10133082 -0.10324409 -0.10201104 -0.10098276 -0.10127018 -0.10139792 -0.09932172 -0.09724990 -0.09337935 -0.09091904 -0.08840472 -0.08385078 -0.07971550 -0.08457126 -0.01481977 0.67230803 1.53106368 1.28829992 0.05888667 -1.59170759 -2.69465566 -2.83753777 -2.88165665 -2.98479056 -3.05501008 -3.08638382 -3.10741186 -3.17539620 -3.20707059 -3.16408944 -3.11143708 -3.01081753 -3.00651813 -3.07852459 -3.13895345 -3.18346930 -3.20360136 -3.21705723 -3.21695018 -3.21327734 -3.21438742 -3.21688318 -3.20044684 -3.19044447 -3.19715762 -3.08153296 -2.76164150 -3.08951044 -3.55092144 -2.86870432 -1.77442205 -0.70336550 -0.18517101 -0.13770758 -0.13467850 -0.13593081 -0.13662229 -0.13189200
-0.09946977 -0.09875949 -0.10016359 -0.10073770 -0.10098605 -0.09830844 -0.09877959 -0.09685547 -0.09352858 -0.08855260 -0.08467571 -0.08139966 -0.08058017 -0.08537758 0.16387086 1.16078973 1.60701585 0.72418934 -0.71854913 -2.34337831 -2.86750650 -2.82588887 -2.91271996 -3.01649666 -3.06442213 -3.08545375 -3.10567808 -3.17820549 -3.22384787 -3.17136502 -3.07824779 -2.98287773 -2.98133683 -3.06100106 -3.13958478 -3.17518878 -3.19418764 -3.20606494 -3.20525122 -3.20055294 -3.20583081 -3.19866204 -3.18483019 -3.18099642 -3.18978357 -3.13892674 -2.74385619 -2.76701093 -3.33598733 -2.95030808 -2.01013803 -1.03740644 -0.22931315 -0.13909107 -0.13213232 -0.13221662 -0.13596746 -0.13354658
-0.09749679 -0.09795508 -0.10202023 -0.10247970 -0.10350907 -0.10097694 -0.09694318 -0.09454026 -0.09596815 -0.08850747 -0.08386791 -0.08245603 -0.08336765 -0.07669375 0.44772112 1.40962589 1.26301861 0.08023842 -1.49770367 -2.80600739 -2.83021879 -2.82741117 -2.93709183 -3.02659798 -3.06118560 -3.08112621 -3.10171103 -3.15784287 -3.20776320 -3.15140748 -3.04984498 -2.97529936 -2.97975516 -3.04298949 -3.12176633 -3.15385437 -3.18832731 -3.19759178 -3.19658661 -3.18845606 -3.19388366 -3.18112898 -3.16596103 -3.17010164 -3.18425775 -3.19697642 -2.79092860 -2.55589128 -3.25383520 -3.17637801 -2.21332502 -1.27844262 -0.28039065 -0.13789575 -0.13367666 -0.13178326 -0.13520226 -0.13499118
-0.09824855 -0.09995192 -0.10363659 -0.10385695 -0.10471850 -0.10212958 -0.09857791 -0.09541716 -0.09317309 -0.08580023 -0.08395368 -0.08503170 -0.08476993 -0.05233082 0.70336300 1.35701096 0.82459199 -0.55314851 -2.05849791 -2.85113168 -2.82293653 -2.87626719 -2.96060181 -3.03268647 -3.06679487 -3.09058881 -3.11447096 -3.15326309 -3.19091916 -3.14310002 -3.04306054 -2.98860097 -2.99458623 -3.05341887 -3.11714363 -3.15623879 -3.19506240 -3.20203590 -3.19707251 -3.18895102 -3.19423032 -3.18561697 -3.16746974 -3.17515349 -3.20452547 -3.22132087 -2.88546276 -2.58186793 -3.27160215 -3.39883876 -2.41309428 -1.40687943 -0.33620283 -0.14576358 -0.13528174 -0.13398920 -0.13443428 -0.13737591
-0.09859402 -0.10200360 -0.10720920 -0.10704998 -0.10406151 -0.10286061 -0.10051997 -0.09658970 -0.09033836 -0.08788246 -0.08721843 -0.08703085 -0.08976588 -0.02230909 0.81902575 1.16687357 0.49911678 -0.92750770 -2.36792445 -2.84593844 -2.85349751 -2.91275930 -2.97280908 -3.02626276 -3.08378577 -3.10908389 -3.12667060 -3.15564275 -3.18310213 -3.14151406 -3.05591345 -3.01454544 -3.01413751 -3.07055664 -3.11729693 -3.15952659 -3.20080018 -3.20701361 -3.20696425 -3.19735479 -3.20112205 -3.18930578 -3.17193270 -3.19689488 -3.23112845 -3.22615337 -2.99865007 -2.65784264 -3.23786092 -3.53110528 -2.58230352 -1.39615214 -0.31286013 -0.14329673 -0.13575394 -0.13583468 -0.13942063 -0.14176977
-0.10002940 -0.10346206 -0.10489818 -0.10643574 -0.10392361 -0.10192733 -0.09686983 -0.09398523 -0.08817758 -0.08670135 -0.08769186 -0.08933784 -0.09016906 0.01463107 0.81748801 0.97196233 0.16021541 -1.16690767 -2.48150897 -2.85661578 -2.87352085 -2.91718316 -2.96180677 -3.02195454 -3.08911490 -3.12644124 -3.14630890 -3.16742206 -3.18412995 -3.13977456 -3.07434821 -3.04185486 -3.03838134 -3.07725263 -3.12653947 -3.17347693 -3.20536804 -3.21046710 -3.20441461 -3.19922495 -3.19785190 -3.18078375 -3.17916703 -3.21051645 -3.25122404 -3.22699237 -3.01248503 -2.66756392 -3.21334052 -3.63117242 -2.69131470 -1.30260098 -0.28522480 -0.14898239 -0.13575220 -0.13534808 -0.14065784 -0.13921772
-0.09788014 -0.10092381 -0.10418099 -0.10258961 -0.09885104 -0.09944377 -0.09344210 -0.08929578 -0.08944499 -0.08859561 -0.08743962 -0.08746937 -0.09091850 0.03854739 0.81038666 0.88137472 -0.03620666 -1.29797006 -2.53021884 -2.86670589 -2.88042712 -2.91296315 -2.95372200 -3.02580190 -3.09343600 -3.13343287 -3.14774871 -3.16102386 -3.18622208 -3.15292382 -3.09149265 -3.06019187 -3.04386663 -3.07898879 -3.13382435 -3.17590141 -3.20277500 -3.20140958 -3.18868279 -3.19181705 -3.18016911 -3.16953874 -3.18043971 -3.22104168 -3.24559307 -3.21256232 -2.93850327 -2.64989233 -3.37282419 -3.78120995 -2.76199102 -1.14884043 -0.21140906 -0.14823398 -0.13530947 -0.13462110 -0.14131282 -0.14025380
-0.09656508 -0.09591466 -0.09976592 -0.10015250 -0.09725042 -0.09534226 -0.09153874 -0.08575663 -0.08628649 -0.08444442 -0.08652242 -0.08693564 -0.08836932 0.09764722 0.85521126 0.85404545 -0.13517728 -1.37406480 -2.59591269 -2.86558270 -2.87868190 -2.90954709 -2.95478678 -3.03324318 -3.09314609 -3.12623692 -3.13666463 -3.15150046 -3.17584825 -3.15736103 -3.10605264 -3.07412815 -3.04792476 -3.07529044 -3.12864494 -3.16263056 -3.18827629 -3.18410802 -3.17233324 -3.16676712 -3.16027069 -3.15477753 -3.18230510 -3.22782636 -3.23188329 -3.18108463 -2.77793598 -2.66445875 -3.56406617 -3.88142180 -2.66196942 -0.93539608 -0.17105004 -0.14946294 -0.13402033 -0.13301888 -0.13461360 -0.13689451
-0.09619479 -0.09744556 -0.09932282 -0.09963009 -0.09949445 -0.09540909 -0.09509910 -0.09054147 -0.09002613 -0.08918212 -0.08953254 -0.08668134 -0.09326860 0.17666882 0.95645624 0.84067690 -0.21742350 -1.45423210 -2.69596553 -2.88024092 -2.89326715 -2.93055201 -2.98492980 -3.04430008 -3.09356570 -3.11142325 -3.12754464 -3.14377189 -3.16516757 -3.15951824 -3.12941313 -3.09986639 -3.06053758 -3.07319570 -3.12230778 -3.15533447 -3.17146063 -3.16592145 -3.15472341 -3.14520979 -3.15169549 -3.15766335 -3.20408893 -3.25309372 -3.23320198 -3.16488576 -2.67283154 -2.69166136 -3.74109459 -3.80929136 -2.39412427 -0.75600445 -0.16232444 -0.14868750 -0.14200367 -0.13385367 -0.13685018 -0.13948934
-0.09878484 -0.09964634 -0.10091878 -0.10246918 -0.10052620 -0.09903752 -0.09851541 -0.09588094 -0.09701356 -0.09347497 -0.09228280 -0.09172070 -0.08429090 0.24359208 0.99203908 0.78234226 -0.29884732 -1.54392970 -2.75119615 -2.90156054 -2.93009710 -2.97534180 -3.01977396 -3.06285262 -3.09146547 -3.10587335 -3.11671042 -3.14025569 -3.15992403 -3.16471457 -3.15422392 -3.11836028 -3.07393599 -3.06127977 -3.09927821 -3.13715339 -3.15134549 -3.14772129 -3.13181043 -3.13403440 -3.14946938 -3.17700267 -3.23036194 -3.26327348 -3.21331501 -3.12907910 -2.59046364 -2.69904852 -3.77890229 -3.69647717 -2.25562692 -0.74648929 -0.19746426 -0.15141094 -0.14562297 -0.14090051 -0.14352652 -0.14623739
-0.09782378 -0.09780367 -0.09882741 -0.10042201 -0.09897093 -0.09985261 -0.10102376 -0.09776990 -0.09677304 -0.09387235 -0.09003820 -0.09053741 -0.07425125 0.24580580 0.93568236 0.68014699 -0.40174186 -1.60789311 -2.76328135 -2.93308234 -2.97180724 -3.01021671 -3.03619909 -3.06254745 -3.08330107 -3.10461950 -3.11910510 -3.14023018 -3.15103579 -3.15865278 -3.15103698 -3.10634995 -3.05417252 -3.03233361 -3.06646967 -3.10057592 -3.12602878 -3.13099432 -3.11799645 -3.12428951 -3.15148067 -3.18966031 -3.24825978 -3.25543952 -3.18589687 -3.08597875 -2.53273296 -2.66881537 -3.71716261 -3.61832118 -2.21398568 -0.73710239 -0.20555864 -0.14832541 -0.14378171 -0.14350162 -0.14230396 -0.14850380
-0.09290536 -0.09285683 -0.09363487 -0.09407942 -0.09175057 -0.09232317 -0.09344000 -0.09299815 -0.08897033 -0.08418576 -0.08196233 -0.08184797 -0.06095102 0.15540127 0.73562169 0.50781405 -0.47872871 -1.56763887 -2.68965602 -2.94638181 -2.98865223 -3.01472044 -3.03255725 -3.04163074 -3.06926084 -3.09757280 -3.12046862 -3.13403106 -3.13789463 -3.14015889 -3.12702417 -3.07745457 -3.01075292 -3.00320435 -3.03921294 -3.07960415 -3.10574436 -3.11561871 -3.10725546 -3.10984445 -3.14161015 -3.18957949 -3.23502088 -3.21766591 -3.14926910 -3.04811096 -2.50342655 -2.68340611 -3.67623782 -3.55017686 -2.13686395 -0.70051223 -0.19691721 -0.14307231 -0.13898019 -0.13787913 -0.13672030 -0.14000830
-0.08567527 -0.08689246 -0.08559154 -0.08558715 -0.08455519 -0.08634740 -0.08764005 -0.08540729 -0.08144229 -0.07647571 -0.07344642 -0.07014523 -0.05932448 0.06577054 0.43110883 0.34538651 -0.49277973 -1.40508723 -2.47358298 -2.94569373 -2.99313474 -3.00376081 -3.02473545 -3.04431605 -3.06539297 -3.09196305 -3.11128521 -3.11800838 -3.12168121 -3.11612439 -3.10442972 -3.05885744 -3.00318694 -3.00397587 -3.04154730 -3.07634664 -3.09530497 -3.10663533 -3.10391617 -3.11350226 -3.14238048 -3.18370056 -3.21347499 -3.17511606 -3.12456656 -3.01978946 -2.49446845 -2.83835721 -3.83123088 -3.55991864 -2.00276399 -0.53978151 -0.17880090 -0.13622099 -0.13175702 -0.12707256 -0.12947206 -0.13115856
-0.08208570 -0.08192761 -0.07995497 -0.07904866 -0.07978977 -0.08077309 -0.08361019 -0.08255741 -0.07763278 -0.07260416 -0.06821331 -0.06647821 -0.06090254 -0.00094496 0.13818616 0.27097824 -0.40908721 -1.21694314 -2.16201639 -2.87961864 -2.97059774 -2.98312378 -3.00842905 -3.03387260 -3.05163884 -3.07544065 -3.08255363 -3.08853340 -3.09309959 -3.09661126 -3.08206201 -3.03785634 -2.99540687 -3.00143766 -3.01656747 -3.05333161 -3.08029056 -3.08648872 -3.09072351 -3.10437179 -3.13732648 -3.16248822 -3.18653131 -3.13159633 -3.10094333 -2.97376370 -2.48114133 -2.95215321 -3.98377323 -3.58295965 -1.79278409 -0.34881505 -0.17095603 -0.13309798 -0.12799776 -0.12522888 -0.12662034 -0.12947926
-0.06441012 -0.06073906 -0.07336126 -0.09313045 -0.10695556 -0.09210586 -0.08499286 -0.08175958 -0.06863098 -0.03256347 0.00936019 -0.01251918 -0.04631104 -0.03692904 -0.16669263 0.08068378 -0.35071602 -1.01371360 -1.70176256 -2.65675521 -2.93650270 -2.96476746 -2.99625969 -3.02593327 -3.05334091 -3.05802655 -3.05830216 -3.05969787 -3.06300235 -3.06474853 -3.04895496 -3.02718377 -2.99054766 -2.99295855 -2.99889660 -3.02103114 -3.04945707 -3.06757426 -3.06476855 -3.07604218 -3.12049603 -3.13997555 -3.13951707 -3.09235787 -3.07441974 -2.86926126 -2.51744485 -3.29345441 -4.13561249 -3.41090322 -1.41020608 -0.11814907 -0.15598527 -0.13277961 -0.12886177 -0.12859370 -0.13065383 -0.13481759
0.33434373 0.12571533 -0.36599219 -0.52255249 -0.40527117 -0.18058158 0.08841983 0.22308902 0.33149794 0.33014554 0.27011156 0.13204412 -0.01494672 -0.07803484 -0.38568336 -0.45740855 -0.73402292 -1.19298625 -1.49354827 -2.33326530 -2.85722375 -2.96969914 -3.01139140 -3.04220366 -3.05890203 -3.05472898 -3.04495168 -3.04419160 -3.04949141 -3.04051495 -3.03622770 -3.04104304 -3.01331091 -2.99316216 -2.98282743 -2.99220777 -3.01690865 -3.04711413 -3.04673219 -3.05877161 -3.11029339 -3.13278770 -3.10949063 -3.06680036 -3.04743910 -2.72185516 -2.70469165 -3.76765633 -4.15483189 -2.89407444 -0.87963474 -0.05568846 -0.14661019 -0.13144964 -0.13359790 -0.13745181 -0.13734329 -0.14081518
0.95228899 0.33482683 -0.45261437 -0.75701499 -0.53975266 -0.02456753 0.37148839 0.51949340 0.50789243 0.39625809 0.27606916 0.14765257 0.03286365 -0.00737510 -0.32750252 -0.76543134 -1.05606008 -1.46256816 -1.82153952 -2.16546035 -2.84070396 -3.00581932 -3.04086137 -3.06369758 -3.06898952 -3.06974816 -3.05883980 -3.06026793 -3.05888963 -3.05020308 -3.05540490 -3.07366943 -3.04581332 -2.99766231 -2.97510219 -2.99223161 -3.01206446 -3.04650974 -3.05117655 -3.07245350 -3.12331152 -3.14278626 -3.10731912 -3.05637097 -3.00587678 -2.61950612 -2.97682333 -4.17355824 -4.05062771 -2.23586226 -0.41066113 -0.11184410 -0.13988662 -0.13637869 -0.13320622 -0.13521670 -0.13973473 -0.14319395
1.12685609 0.37570003 -0.56237292 -0.79512411 -0.56952763 -0.09868869 0.41696954 0.47837120 0.40737829 0.23892742 0.00622602 -0.24697940 -0.41097414 -0.46053398 -0.61555612 -1.14011788 -1.43449950 -1.75432801 -2.28541684 -2.35598397 -2.78257346 -3.04186487 -3.05114317 -3.06642413 -3.06550598 -3.06867862 -3.06189847 -3.07062244 -3.07015300 -3.06207991 -3.08251023 -3.09686923 -3.05071974 -2.98528004 -2.97058320 -2.98929262 -3.01577854 -3.05029368 -3.05340123 -3.08300447 -3.12220597 -3.14599609 -3.10105371 -3.05210400 -2.93934417 -2.64344525 -3.29241180 -4.23810911 -3.64624906 -1.67565477 -0.10803375 -0.15091066 -0.13679165 -0.13561763 -0.13252173 -0.13197520 -0.13610314 -0.13841346
0.83068830 -0.30089423 -1.26309752 -1.17120373 -0.75218278 -0.30655521 -0.01615471 -0.07567734 -0.41593277 -0.76063198 -1.04710281 -1.32401264 -1.36653030 -1.32277358 -1.39375889 -1.73273861 -1.99389052 -2.09817863 -2.50073695 -2.73460889 -2.81956649 -3.00622654 -3.03536081 -3.04139853 -3.03841853 -3.04634285 -3.05070305 -3.06484532 -3.05731559 -3.05041456 -3.07600570 -3.06325936 -3.01130915 -2.94957113 -2.94338703 -2.98187876 -3.00449324 -3.03846335 -3.04500151 -3.07537127 -3.11457634 -3.12314153 -3.05892587 -3.02379346 -2.88749409 -2.80990601 -3.64181924 -4.04791021 -2.96688247 -1.11095405 -0.03325592 -0.15184264 -0.13772617 -0.13585222 -0.13172159 -0.13117941 -0.13636653 -0.13822930
0.00727800 -1.35379374 -1.86165714 -1.61511564 -1.25866926 -1.04241097 -1.15168881 -1.43002713 -1.83357239 -2.08706188 -2.26422334 -2.34216285 -2.28358054 -2.19645023 -2.10867190 -2.17871451 -2.32993340 -2.40006256 -2.75481415 -2.91681027 -2.98217225 -3.00510263 -3.00832462 -3.01557207 -3.01127720 -3.01767468 -3.03411579 -3.06863904 -3.05611825 -3.02559161 -3.02570534 -3.00177360 -2.96090341 -2.92645860 -2.93255091 -2.98157573 -2.99493384 -3.02453518 -3.02928448 -3.04861498 -3.08126354 -3.08328247 -3.03101563 -3.01426840 -3.02671838 -3.15605450 -3.88234067 -3.70970440 -2.13787270 -0.61664182 -0.09553713 -0.14007518 -0.13455312 -0.13214009 -0.13396463 -0.13112217 -0.13005954 -0.13829911
-0.93943959 -2.17517781 -2.35537958 -2.10432744 -1.95822513 -2.08803153 -2.32595634 -2.60145545 -2.76634932 -2.79532743 -2.79376888 -2.76813412 -2.72433186 -2.71111107 -2.64627886 -2.58769250 -2.58059239 -2.64061093 -2.83926272 -2.97722316 -3.02424240 -2.98610830 -2.97992945 -2.98119330 -2.97961473 -2.98843694 -3.01606226 -3.05678344 -3.03888941 -2.99913907 -2.97439933 -2.94284010 -2.92834616 -2.91815615 -2.93515420 -2.97661066 -2.98637605 -3.02024770 -3.01957846 -3.04222441 -3.06635332 -3.06319952 -2.95174813 -2.88789678 -3.20614290 -3.73909259 -4.10227871 -3.26936865 -1.38636863 -0.19070570 -0.14422251 -0.13402586 -0.13334566 -0.13494121 -0.13519715 -0.13190037 -0.12947968 -0.13843353
-1.07484341 -1.93338907 -2.42649364 -2.59229589 -2.62063622 -2.65569687 -2.71321464 -2.75373149 -2.80673718 -2.91070795 -2.94215846 -2.83663464 -2.68886781 -2.61550593 -2.59235883 -2.61050797 -2.63567352 -2.67308950 -2.72448492 -2.80520487 -2.82014394 -2.83037758 -2.86466813 -2.88913655 -2.89864302 -2.88186193 -2.91793036 -2.96334958 -2.96126580 -2.93708301 -2.90681767 -2.88484192 -2.88844585 -2.91113281 -2.94189072 -2.97066689 -2.98327136 -3.00813937 -3.00820923 -3.01767778 -3.03312254 -3.03842020 -2.88608265 -2.81329060 -3.42947793 -4.06077528 -3.98664093 -2.50818515 -0.69144064 -0.02194123 -0.15390652 -0.13702585 -0.13528562 -0.13379949 -0.13075148 -0.12475722 -0.12677749 -0.13278417
-1.18729305 -1.57304919 -2.10549641 -2.38077617 -2.48820090 -2.61103630 -2.74126625 -2.83505034 -2.87704253 -2.93307781 -2.86153436 -2.66983056 -2.49353552 -2.44510794 -2.44216537 -2.44443536 -2.47843623 -2.52379894 -2.54729557 -2.56642294 -2.56705928 -2.57838655 -2.60949612 -2.64661050 -2.64814425 -2.62831831 -2.64732456 -2.67763925 -2.65570974 -2.64626908 -2.64979815 -2.58768940 -2.57825160 -2.70237994 -2.84987569 -2.94466424 -2.90220881 -2.83927894 -2.80741787 -2.78605223 -2.80555081 -2.85596371 -2.72217798 -2.69255924 -3.20624948 -3.60467243 -3.13137031 -1.75511348 -0.32967180 -0.02436387 -0.10327504 -0.09181315 -0.09347599 -0.09705863 -0.09523223 -0.09053848 -0.09893831 -0.10557333
-1.33867538 -1.52615297 -1.75849259 -2.10802245 -2.25283122 -2.36639357 -2.52275229 -2.73330927 -3.02782297 -3.11052370 -2.97089767 -2.73591352 -2.48399901 -2.38304782 -2.37276483 -2.39101100 -2.41575241 -2.43769550 -2.43907547 -2.46224976 -2.45291877 -2.45308661 -2.48846960 -2.53629851 -2.55257630 -2.51452065 -2.50064802 -2.52534509 -2.50721550 -2.46408176 -2.41747785 -2.39694786 -2.35641956 -2.46933413 -2.64501929 -2.73187041 -2.69987369 -2.64283228 -2.60806847 -2.58125544 -2.57816625 -2.57947683 -2.51182151 -2.35442996 -2.65706468 -2.91290021 -2.14227700 -1.13194799 -0.26975155 -0.01280731 -0.00410640 0.02750790 0.04850607 0.11311816 0.17450237 0.12704094 0.03166665 -0.03969209
