-0.56418002 -0.53943276 -0.49991509 -0.63219595 -0.55060029 -0.64116794 -0.73234838 -0.63162744 -0.77969211 -0.64185643 -0.60810095 -0.61161369 -0.59034532 -0.63342345 -0.63332564 -0.63308942 -0.64450097 -0.67992437 -0.60320640 -0.60775399 -0.61174542 -0.61749053 -0.62343967 -0.62418455 -0.62298483 -0.62359875 -0.62287968 -0.62316161 -0.62191534 -0.61829817 -0.61913097 -0.61904144 -0.61392248 -0.60712373 -0.60251319 -0.60256678 -0.60127741 -0.59754872 -0.59741879 -0.56304842 -0.65378159 -0.77322125 -0.95388985 -1.51142311 -2.41265249 -2.45311427 -2.08626747 -1.89304173 -1.77045333 -1.68890977 -1.62228584 -1.67465711 -1.84668934 -1.98132503 -2.07319355 -2.22974968 -2.02780175 -1.35378242
-0.56277877 -0.57060224 -0.42773446 -0.52798915 -0.36010781 -0.35735357 -0.58555245 -0.69178218 -0.70577818 -0.86015511 -0.69707417 -0.80833054 -0.72633666 -0.74426728 -0.89230716 -0.72633296 -0.79406005 -0.73270684 -0.59982914 -0.60494751 -0.61028171 -0.61421907 -0.61745811 -0.62169248 -0.62209934 -0.62425965 -0.62413406 -0.62144071 -0.62153089 -0.62183380 -0.61987227 -0.61799288 -0.61113733 -0.60806483 -0.60429943 -0.60203475 -0.60027367 -0.59530973 -0.58807176 -0.59005857 -0.72617102 -0.96664286 -0.81637037 -1.60830641 -2.25459719 -2.60724568 -2.42815351 -2.31770802 -2.18934393 -2.13868499 -2.18000984 -2.22612095 -2.23023200 -2.18779063 -2.19200039 -2.13313890 -1.88910687 -1.43358886
-0.54556298 -0.65578216 -0.51405942 -0.46691778 -0.27720347 -0.43885705 -0.52293885 -0.73305792 -0.72562921 -0.77065068 -0.65784866 -0.74890786 -0.81056130 -0.52909952 -0.75254297 -0.86890912 -0.75188833 -0.68990755 -0.68370759 -0.54084343 -0.61066473 -0.61295116 -0.61465651 -0.61591047 -0.61281806 -0.61572057 -0.61505038 -0.61672342 -0.61687016 -0.61789298 -0.61477780 -0.61067331 -0.60608190 -0.60223854 -0.59895027 -0.59489822 -0.59121370 -0.57920057 -0.64103711 -0.81589299 -1.00510657 -1.02434754 -1.25599921 -1.91528618 -2.09670615 -2.33244157 -2.63809276 -2.47894669 -2.26002741 -2.17614913 -2.17211580 -2.18208790 -2.10955477 -1.96058595 -1.93112242 -1.96320713 -1.82877076 -1.48655963
-0.50972354 -0.57713628 -0.57170320 -0.33439499 -0.50340408 -0.63015050 -0.44047508 -0.52088130 -0.39135888 -0.50041997 -0.39458409 -0.40204385 -0.32604831 -0.34098902 -0.46425536 -0.52533907 -0.58860588 -0.57742000 -0.53499603 -0.53822041 -0.60847723 -0.60931963 -0.60922182 -0.60805798 -0.60724354 -0.60593128 -0.60703439 -0.60752815 -0.60626799 -0.60445189 -0.60019594 -0.59899157 -0.59641612 -0.59188175 -0.58677280 -0.58509129 -0.58232814 -0.57649076 -0.69331795 -0.95012736 -1.27191746 -1.22496724 -1.79025877 -2.05521488 -2.08626461 -2.19372988 -2.42820787 -2.45373940 -2.22274590 -2.03949523 -1.91970003 -1.81593764 -1.88092434 -1.93480957 -2.03334761 -1.98872793 -1.78724694 -1.31830454
-0.57472712 -0.68928742 -0.56157875 -0.66573435 -0.36360419 -0.63052160 -0.15044078 -0.11196867 -0.13495380 -0.32601139 -0.15914813 -0.14141658 -0.09468182 -0.22320616 -0.28813091 -0.53485310 -0.42804334 -0.34794152 -0.45823416 -0.64875591 -0.60906130 -0.60839063 -0.60513198 -0.60251302 -0.60387772 -0.60121459 -0.60376519 -0.60029799 -0.59751713 -0.59424597 -0.59256989 -0.59030229 -0.58631712 -0.58098459 -0.57771236 -0.57613587 -0.56622756 -0.62985915 -0.89676094 -1.20833826 -1.35392761 -1.67087007 -2.21376967 -2.12092137 -2.07647991 -2.15658212 -2.26230073 -2.27362084 -2.24927425 -2.17779326 -2.12655878 -2.10639262 -2.11846995 -2.24639320 -2.31016326 -2.10208678 -1.64403403 -1.22188079
-0.65137464 -0.75937176 -0.62700576 -0.85432613 -0.75099796 -0.68385237 -0.35473454 -0.44380853 -0.36863124 -0.64076132 -0.41086242 -0.34647280 -0.42363939 -0.51783013 -0.47842881 -0.68754023 -0.64527881 -0.57119238 -0.73344839 -0.78586429 -0.61593974 -0.61618841 -0.61304951 -0.60627246 -0.60402548 -0.59832919 -0.60039330 -0.59890938 -0.59829950 -0.59527844 -0.59113550 -0.58510059 -0.58007586 -0.57642233 -0.57397830 -0.56708741 -0.62815922 -0.82699800 -1.09539032 -1.25728583 -1.49479520 -2.12845635 -2.30624890 -2.23190498 -2.16212583 -2.24593186 -2.29781461 -2.28449631 -2.29079342 -2.27474546 -2.22193313 -2.14477944 -2.13300085 -2.22562981 -2.38482428 -2.16421747 -1.63197112 -1.25463402
-0.65541005 -0.71847922 -0.73303652 -0.81590021 -0.85628051 -0.88071227 -0.77246547 -0.82448095 -0.73048174 -0.92673838 -0.70525128 -0.68697006 -0.74568951 -0.75754577 -0.72617555 -0.85379082 -0.86319667 -0.95392728 -0.88936734 -0.77347040 -0.62090272 -0.62125123 -0.61913538 -0.61551517 -0.60744184 -0.60721302 -0.60370910 -0.60330081 -0.60012329 -0.59642726 -0.59166265 -0.58604115 -0.58242238 -0.57311523 -0.57677776 -0.63055152 -0.83063668 -1.16117322 -1.28877783 -1.45969796 -1.88806403 -2.27068138 -2.29130101 -2.24538326 -2.20781159 -2.24513102 -2.25577426 -2.25970888 -2.26553488 -2.25053835 -2.19390464 -2.12053132 -2.09085608 -2.22119355 -2.48572755 -2.30048800 -1.75806010 -1.35672557
-0.66738260 -0.70670867 -0.72492123 -0.85113806 -0.85754144 -0.96929502 -1.04175031 -0.94335282 -0.84557551 -0.94293594 -0.74024427 -0.79963517 -0.84379435 -0.83533579 -0.90700746 -0.91517377 -0.84547132 -0.88928080 -0.84610838 -0.69937474 -0.62561554 -0.62524915 -0.62135994 -0.61917686 -0.61261374 -0.61222190 -0.60670340 -0.60460532 -0.60144043 -0.59584028 -0.59270859 -0.58759773 -0.57989442 -0.62574416 -0.76420683 -1.09885216 -1.32950652 -1.41229248 -1.61202514 -1.75132108 -2.11749721 -2.28291368 -2.26556301 -2.27856016 -2.27411675 -2.30808830 -2.21336532 -2.10118413 -2.06334758 -2.07053041 -2.11506510 -2.10299635 -2.11165881 -2.22319651 -2.52058601 -2.48680973 -1.87067235 -1.31595862
-0.59586412 -0.66264296 -0.73510432 -0.75674230 -0.79261684 -0.86599332 -0.89257276 -0.82054818 -0.80526996 -0.81389523 -0.69524139 -0.76651585 -0.72842073 -0.78112733 -0.84662855 -0.74256521 -0.73547757 -0.75630558 -0.67532456 -0.65025115 -0.62599164 -0.62825596 -0.62666267 -0.62307537 -0.61545348 -0.60851431 -0.60305989 -0.60108763 -0.59777516 -0.59100032 -0.58924574 -0.57911682 -0.65705347 -0.90611768 -1.36303663 -1.46959007 -1.66087115 -1.89418733 -1.87564230 -2.03341532 -2.24181890 -2.25944757 -2.27685261 -2.29817867 -2.31360316 -2.32221603 -2.03297472 -1.64928758 -1.65381527 -1.78230059 -1.81501913 -1.93379796 -2.00520658 -2.00579524 -2.21821046 -2.26683545 -1.93620908 -1.27555990
-0.57590246 -0.59775978 -0.61905015 -0.60859823 -0.61697131 -0.62953246 -0.62278062 -0.61597627 -0.61729628 -0.62060237 -0.61128831 -0.61587322 -0.62298292 -0.63581574 -0.64043224 -0.62721384 -0.63717592 -0.62391239 -0.62475318 -0.62169141 -0.62159652 -0.62396920 -0.62376636 -0.61869073 -0.61403251 -0.60732549 -0.60332501 -0.59709930 -0.59011054 -0.58408272 -0.57923585 -0.63702285 -0.87204838 -1.26532543 -1.46248090 -1.70595860 -2.00033951 -1.95313108 -1.92693436 -2.10630155 -2.22973442 -2.25881481 -2.27140403 -2.28155947 -2.34206700 -2.39921474 -2.12482643 -1.63512754 -1.37944818 -1.60168684 -1.82255602 -1.88358295 -1.92802274 -1.71314979 -1.85171735 -2.02760625 -1.74468899 -1.15633810
-0.57286483 -0.57699537 -0.58168817 -0.58553571 -0.58644009 -0.58956641 -0.59103149 -0.59224832 -0.59726918 -0.59838986 -0.60097206 -0.60171598 -0.60157269 -0.60741472 -0.60708410 -0.60670668 -0.60713553 -0.61065304 -0.61313236 -0.61627078 -0.61635423 -0.61678374 -0.61525947 -0.61220551 -0.60856581 -0.60485530 -0.59879041 -0.59412777 -0.58700913 -0.58372658 -0.58867627 -0.72236443 -1.04151881 -1.33676028 -1.51862025 -1.86395705 -1.89980257 -1.83965302 -2.00686049 -2.16632414 -2.19351363 -2.19928432 -2.23179054 -2.23799801 -2.33491206 -2.59344983 -2.51575279 -1.98159277 -1.67025912 -1.94831455 -2.10836220 -2.21060681 -2.21614242 -1.88199937 -1.81312716 -1.92272937 -1.81789160 -1.28657174
-0.57323688 -0.57859379 -0.58076125 -0.58306140 -0.58728087 -0.58876473 -0.58973497 -0.59214920 -0.59709084 -0.60238606 -0.60169208 -0.60322607 -0.60353452 -0.60475749 -0.60403997 -0.60061961 -0.60220879 -0.60458899 -0.60421634 -0.60805970 -0.60710812 -0.60502058 -0.60440278 -0.60139781 -0.60063058 -0.59593946 -0.59228355 -0.58724630 -0.57954168 -0.57430583 -0.62003195 -0.87681741 -1.15488732 -1.23157620 -1.53801537 -1.94677627 -2.02309418 -2.07608104 -2.18852878 -2.20807338 -2.18987536 -2.21591949 -2.23843575 -2.24412799 -2.29976368 -2.63346148 -2.76687050 -2.47385693 -2.15149236 -2.17126417 -2.24509263 -2.43583870 -2.49390006 -2.18469501 -1.96885145 -2.11619592 -2.08007360 -1.44312203
-0.57873458 -0.57863647 -0.58227324 -0.58445078 -0.58988941 -0.58930731 -0.59059638 -0.59272283 -0.59871584 -0.60224187 -0.60509384 -0.60472769 -0.60506916 -0.60282856 -0.60183924 -0.59973955 -0.59988195 -0.59958118 -0.60305655 -0.59931982 -0.60025209 -0.59878033 -0.59762746 -0.59500051 -0.59102041 -0.58631915 -0.58362782 -0.57729030 -0.57409197 -0.57025218 -0.67430079 -0.90692449 -1.16078591 -1.27560234 -1.89344227 -2.13700700 -2.19473863 -2.23323226 -2.22788000 -2.24302721 -2.25861263 -2.27412438 -2.29688215 -2.29170799 -2.35119748 -2.52240014 -2.75213575 -2.71623278 -2.37267542 -2.07963347 -2.08732200 -2.32960129 -2.49334407 -2.35854006 -2.29738784 -2.12444544 -1.81952000 -1.37806833
-0.58200526 -0.58308780 -0.58625627 -0.59205568 -0.59161276 -0.59108865 -0.59301853 -0.59707063 -0.59986401 -0.60643905 -0.60538602 -0.60620385 -0.60498559 -0.60434246 -0.60298157 -0.59847975 -0.59906095 -0.60030514 -0.59951699 -0.59997678 -0.59732980 -0.59634256 -0.59397244 -0.59187943 -0.58630466 -0.57940280 -0.57320750 -0.56382793 -0.55925494 -0.59625155 -0.80929589 -1.07187223 -1.15605009 -1.59124196 -2.16934633 -2.20264959 -2.21233201 -2.22962332 -2.25550032 -2.27999687 -2.29241610 -2.30599117 -2.31883764 -2.31987929 -2.35614634 -2.33980417 -2.36734056 -2.48330045 -2.33369446 -2.03992057 -2.09521770 -2.27872491 -2.41642284 -2.34588075 -2.21789336 -1.80246997 -1.48563790 -1.17039227
-0.58623195 -0.58996016 -0.59245473 -0.59541339 -0.59456474 -0.59697688 -0.59650403 -0.60198396 -0.60514176 -0.60871190 -0.60912955 -0.60752547 -0.60824412 -0.60713446 -0.60409808 -0.60536295 -0.60234880 -0.60375786 -0.60249549 -0.60146827 -0.59956890 -0.59699488 -0.59269154 -0.58642244 -0.58107162 -0.57528001 -0.56641197 -0.56748968 -0.56797677 -0.66072536 -0.86700749 -1.16256559 -1.23809898 -1.99448645 -2.22508407 -2.18449163 -2.22154856 -2.25709224 -2.26772094 -2.28238964 -2.30247998 -2.30255961 -2.31261635 -2.31282020 -2.30776954 -2.27198482 -2.21030951 -2.26051593 -2.33036923 -2.22547889 -2.24534130 -2.22737551 -2.13584971 -2.20203495 -2.13438630 -1.72760987 -1.38966608 -1.08757877
-0.59177476 -0.59400761 -0.59625983 -0.59847987 -0.59995526 -0.60055202 -0.60359257 -0.60554427 -0.61213017 -0.61298579 -0.61260903 -0.61201763 -0.60992104 -0.60943943 -0.60454941 -0.60370964 -0.60339588 -0.60294729 -0.60595125 -0.60312557 -0.59848541 -0.59667909 -0.59162754 -0.58635366 -0.57827306 -0.57278627 -0.56922156 -0.57572705 -0.63021606 -0.91132498 -1.21054423 -1.18924713 -1.71353304 -2.24765873 -2.17942333 -2.20463204 -2.27249122 -2.29246354 -2.30720401 -2.31254172 -2.32327986 -2.32857370 -2.33296299 -2.33367610 -2.33241296 -2.31420493 -2.27467895 -2.24301219 -2.23725414 -2.23569226 -2.22326732 -2.20090628 -2.19093490 -2.19370317 -2.03655648 -1.78806663 -1.37599611 -0.94710517
-0.59219337 -0.59536368 -0.59909123 -0.60264450 -0.60392398 -0.60502893 -0.60496044 -0.60907614 -0.61469126 -0.61698055 -0.61769331 -0.61580175 -0.61508298 -0.61094850 -0.60574085 -0.60272044 -0.59956312 -0.60132110 -0.60153729 -0.60023403 -0.59825051 -0.59242630 -0.58768886 -0.58108759 -0.57403404 -0.57453722 -0.57599688 -0.68156761 -1.00882959 -1.21627831 -1.29939485 -1.53157628 -2.13665414 -2.24801469 -2.20156717 -2.25460005 -2.29768872 -2.31521058 -2.32664299 -2.33533120 -2.34542823 -2.34793925 -2.34701133 -2.35366344 -2.35168099 -2.33996725 -2.30350471 -2.27575827 -2.26506615 -2.25169897 -2.20879483 -2.13432097 -2.06640863 -2.03250623 -1.78429568 -1.60573113 -1.22312808 -0.78148746
-0.59271121 -0.59612501 -0.59851992 -0.60031152 -0.60313010 -0.60464901 -0.60719484 -0.60740983 -0.61398327 -0.61515141 -0.61815417 -0.61481881 -0.61262250 -0.60884160 -0.60339010 -0.59809244 -0.59878790 -0.59634554 -0.59465730 -0.59460741 -0.59307164 -0.58804584 -0.58128333 -0.57649755 -0.57390308 -0.57849389 -0.68208933 -1.05057764 -1.36812520 -1.38944685 -1.61135387 -2.00903082 -2.22085333 -2.19740415 -2.20812058 -2.25742555 -2.29039884 -2.31296134 -2.32075834 -2.33747244 -2.34436893 -2.34048724 -2.33908749 -2.34564662 -2.35401702 -2.34397507 -2.31559134 -2.27399397 -2.23926353 -2.15033197 -2.01637816 -1.80872917 -1.58734608 -1.47289717 -1.46567452 -1.18073606 -0.85685009 -0.66352850
-0.58941674 -0.59309161 -0.59573877 -0.59914446 -0.60031945 -0.60043693 -0.60110545 -0.60448951 -0.61044806 -0.61362660 -0.61040950 -0.61012942 -0.60891581 -0.60552609 -0.59893948 -0.59402680 -0.59455520 -0.59220749 -0.58926761 -0.58731478 -0.58503371 -0.58069229 -0.57649654 -0.57224315 -0.58391905 -0.68285918 -1.05089295 -1.36740744 -1.42633605 -1.73115230 -1.90211380 -2.05338216 -2.16384625 -2.17751884 -2.22521186 -2.26573920 -2.28734589 -2.30582166 -2.32262850 -2.33617973 -2.33991122 -2.33684587 -2.33863759 -2.33809876 -2.34028172 -2.34481192 -2.32553101 -2.28452563 -2.22378445 -2.02943873 -1.66049623 -1.29635000 -1.07942843 -0.92691708 -0.95591533 -0.73341781 -0.51184875 -0.71035105
-0.58719563 -0.58778030 -0.59240109 -0.59566164 -0.59664834 -0.59957600 -0.59789145 -0.60220164 -0.60440755 -0.60560662 -0.60543513 -0.60480094 -0.60195386 -0.60041022 -0.59502292 -0.59237367 -0.59156251 -0.58595443 -0.58304733 -0.57876050 -0.57565218 -0.56965631 -0.57196361 -0.61157870 -0.76213896 -1.14584160 -1.36713028 -1.45957935 -1.73724365 -1.92265284 -2.01909375 -2.15190196 -2.16761136 -2.17176008 -2.22362232 -2.26164722 -2.29038000 -2.30191302 -2.32231331 -2.34035254 -2.34479666 -2.34045768 -2.33918452 -2.33821774 -2.33569241 -2.33329463 -2.31936693 -2.31226730 -2.26660323 -1.95660722 -1.46485543 -1.07399607 -0.83542639 -0.61674935 -0.67747509 -0.72954327 -0.76965815 -0.91509831
-0.58286411 -0.58590788 -0.58993602 -0.59434593 -0.59559715 -0.59701276 -0.59727699 -0.60080427 -0.60237491 -0.60300773 -0.60212809 -0.60012162 -0.59758598 -0.59657681 -0.59464908 -0.59208727 -0.58590484 -0.58264017 -0.57832146 -0.57269347 -0.57078427 -0.58628976 -0.67439616 -0.93731487 -1.30783665 -1.42528343 -1.59332919 -1.80479443 -1.88907397 -2.01647329 -2.14433312 -2.18561625 -2.16432405 -2.16981959 -2.20534134 -2.24399281 -2.28236032 -2.29543805 -2.30845690 -2.33254266 -2.33828568 -2.33819079 -2.33131933 -2.32808232 -2.31729841 -2.30763483 -2.30045223 -2.32734156 -2.34650588 -2.02049971 -1.49458241 -1.16259873 -0.88919938 -0.78057611 -0.87034291 -0.96874988 -0.92447019 -0.91299880
-0.58114815 -0.58587873 -0.58889866 -0.59172976 -0.59461790 -0.59292448 -0.59393758 -0.59619069 -0.59655499 -0.59855741 -0.59769076 -0.59734249 -0.59729910 -0.59846401 -0.59366632 -0.58862871 -0.58188957 -0.57912034 -0.57259929 -0.56833589 -0.56909984 -0.67523766 -1.02982628 -1.35009146 -1.48445964 -1.74301612 -1.89300048 -1.84103847 -1.97977674 -2.14402699 -2.20711374 -2.17732430 -2.14603114 -2.17350411 -2.19418144 -2.22864413 -2.27300549 -2.29647589 -2.30900359 -2.32693219 -2.33327317 -2.33467650 -2.32246065 -2.31169581 -2.28722835 -2.26840472 -2.26544189 -2.29875875 -2.43775296 -2.19975495 -1.70062053 -1.28519249 -1.03761625 -0.94463789 -0.94515860 -0.90987182 -0.83382845 -0.78404379
-0.58366793 -0.58648032 -0.58869135 -0.59250647 -0.59227449 -0.59160352 -0.59257203 -0.59366816 -0.59590685 -0.59744585 -0.59757489 -0.59763497 -0.59679586 -0.59530962 -0.59094447 -0.58596599 -0.58090031 -0.57441032 -0.56978816 -0.55800581 -0.64469415 -0.95276058 -1.32198429 -1.45247281 -1.71843553 -1.91784084 -1.83141446 -1.94510305 -2.13620210 -2.20276332 -2.21791172 -2.17930555 -2.14877129 -2.17104793 -2.19576216 -2.23310685 -2.27768350 -2.28970289 -2.31186414 -2.32829046 -2.33108926 -2.32932687 -2.31443834 -2.29845119 -2.28240085 -2.26187134 -2.23723722 -2.27311349 -2.43481255 -2.30481172 -1.76199639 -1.26095557 -1.05604529 -0.93722677 -0.79399723 -0.78669262 -0.72393274 -0.70450824
-0.58764756 -0.59102434 -0.59194911 -0.59494454 -0.59465367 -0.59359431 -0.59452993 -0.59587562 -0.59950274 -0.59946406 -0.59753978 -0.59702069 -0.59583127 -0.59499323 -0.58871335 -0.58427072 -0.57699674 -0.57068366 -0.56499785 -0.60403746 -0.81585830 -1.11763418 -1.30240476 -1.48574805 -1.85883594 -1.86002350 -1.99172986 -2.14787269 -2.17732930 -2.18574739 -2.22246623 -2.19595432 -2.15386629 -2.15652823 -2.19539785 -2.23361588 -2.26752543 -2.29242682 -2.31706786 -2.32508016 -2.33094430 -2.32966900 -2.32005477 -2.30369568 -2.28588152 -2.26147771 -2.22501063 -2.27545118 -2.41640306 -2.24535227 -1.69741678 -1.17765892 -0.95038986 -0.83129472 -0.71679169 -0.69887674 -0.68208367 -0.69024771
-0.58835822 -0.59257793 -0.59384799 -0.59556085 -0.59504384 -0.59776503 -0.60139567 -0.59929544 -0.60118389 -0.59771180 -0.59334439 -0.59258246 -0.58973199 -0.58704770 -0.58704895 -0.58238214 -0.57452983 -0.56760371 -0.56110883 -0.64113820 -0.89728045 -1.14081025 -1.24840832 -1.67440987 -1.98016703 -2.05081987 -2.13468313 -2.16588664 -2.14446664 -2.18430400 -2.21521187 -2.19644380 -2.15257835 -2.14108562 -2.18010712 -2.22226286 -2.25093389 -2.28291726 -2.30666876 -2.31481457 -2.31690240 -2.31990027 -2.31406569 -2.30088019 -2.28107238 -2.25509906 -2.22015190 -2.24442720 -2.29990673 -2.07793045 -1.56072366 -1.02512240 -0.82009941 -0.76730669 -0.68812937 -0.69436103 -0.70242441 -0.70676661
-0.58625358 -0.58910298 -0.59131658 -0.59347028 -0.59568810 -0.59841788 -0.59869123 -0.60046875 -0.59896863 -0.59677333 -0.59129316 -0.58429670 -0.58123481 -0.57664329 -0.57815951 -0.57426548 -0.56804585 -0.55830860 -0.55877781 -0.69770414 -0.91027939 -1.15785432 -1.35422587 -1.95539153 -2.09132051 -2.11137819 -2.11033416 -2.13138366 -2.15810084 -2.19186997 -2.20565057 -2.19856095 -2.16636205 -2.15097046 -2.18022966 -2.22897434 -2.26287913 -2.28790975 -2.31166673 -2.31212091 -2.31302047 -2.31311679 -2.31832862 -2.31046844 -2.27349997 -2.23384571 -2.21886635 -2.22358942 -2.12187243 -1.83812737 -1.41333866 -0.88643253 -0.73564231 -0.84252602 -0.69397217 -0.69670868 -0.70652217 -0.71286267
-0.57914644 -0.57985830 -0.58527368 -0.58442879 -0.59145314 -0.59396279 -0.59170783 -0.59651244 -0.59244263 -0.58880317 -0.58435130 -0.57480484 -0.57271928 -0.56918186 -0.56858772 -0.56482625 -0.55634308 -0.54432613 -0.56694162 -0.73938251 -1.03571594 -1.14102364 -1.71075821 -2.15967822 -2.12753201 -2.11072898 -2.11622620 -2.13977909 -2.16829348 -2.19523311 -2.21048450 -2.22865152 -2.19819450 -2.17632794 -2.20639706 -2.25769377 -2.28927565 -2.30881238 -2.31785893 -2.31907392 -2.32254362 -2.31939602 -2.32144928 -2.30616951 -2.27163291 -2.23990488 -2.24041176 -2.23699212 -2.06151056 -1.66007364 -1.27277958 -0.83223486 -0.74774832 -0.85135025 -0.68663895 -0.69483829 -0.70553845 -0.71132714
-0.57209873 -0.57204205 -0.57555765 -0.57758433 -0.58253902 -0.58311677 -0.58645719 -0.58636200 -0.58373934 -0.58310074 -0.57745200 -0.57091784 -0.56479418 -0.56020617 -0.55593598 -0.55279648 -0.54945523 -0.52659905 -0.59488595 -0.79134780 -1.04736435 -1.26319730 -2.01766038 -2.16267800 -2.14761877 -2.14749813 -2.11947417 -2.12992144 -2.17419314 -2.20115590 -2.21691918 -2.23326755 -2.21951509 -2.20518160 -2.21878695 -2.26776171 -2.29749703 -2.30590940 -2.32109427 -2.32634687 -2.32949018 -2.32040882 -2.31270528 -2.30685496 -2.27946186 -2.24780965 -2.26276946 -2.24121881 -2.03226781 -1.55216348 -1.13382030 -0.83037251 -0.86646610 -0.77596158 -0.67669255 -0.69119936 -0.70356888 -0.70682406
-0.56339818 -0.56933093 -0.56774694 -0.57142287 -0.57548761 -0.57455754 -0.57782894 -0.57520390 -0.57469308 -0.57498085 -0.57223421 -0.56655943 -0.55562437 -0.55316007 -0.54477590 -0.53839266 -0.53422797 -0.50645322 -0.59971970 -0.87517619 -1.01822388 -1.57381308 -2.17157054 -2.13968253 -2.17130828 -2.18316674 -2.15100288 -2.12761045 -2.17759013 -2.21357369 -2.21751142 -2.22981620 -2.22697282 -2.21322823 -2.21788454 -2.27676630 -2.29785562 -2.30990577 -2.31906295 -2.32698989 -2.32464027 -2.32340932 -2.31141305 -2.30177402 -2.28442478 -2.26731038 -2.32882452 -2.23906398 -1.96576583 -1.42637348 -1.05457127 -0.83757246 -0.91066861 -0.69845158 -0.66963679 -0.67952722 -0.69379795 -0.70007396
-0.55710590 -0.56315178 -0.56427044 -0.56492394 -0.56694478 -0.56908655 -0.56743622 -0.56801850 -0.56753522 -0.56629848 -0.56148040 -0.55833054 -0.55116951 -0.54590023 -0.53883392 -0.53084368 -0.51918054 -0.50755525 -0.64110297 -0.95387137 -1.10600650 -1.83879268 -2.16449571 -2.15219903 -2.20666480 -2.23619843 -2.20700169 -2.15904617 -2.18255329 -2.22555780 -2.24148154 -2.22629237 -2.23706317 -2.23377848 -2.23868465 -2.29614949 -2.31158566 -2.31518459 -2.32676697 -2.33263159 -2.33201981 -2.32646823 -2.31535435 -2.31301975 -2.29768658 -2.29184842 -2.39950991 -2.28458595 -1.91034591 -1.35549963 -1.01692712 -0.84831530 -0.81429166 -0.65533894 -0.66336614 -0.67739695 -0.68933731 -0.69848555
-0.56093669 -0.55669457 -0.55758017 -0.55768049 -0.56058598 -0.56239760 -0.56200862 -0.56126302 -0.56025755 -0.55734181 -0.55480260 -0.55167431 -0.54739207 -0.53819042 -0.53275800 -0.52652884 -0.50096285 -0.53963447 -0.73186475 -0.92239177 -1.31938875 -2.05630183 -2.13476491 -2.16233706 -2.22011232 -2.25327682 -2.25206184 -2.19027066 -2.18745542 -2.23771048 -2.23675561 -2.23305082 -2.24350953 -2.24397540 -2.26104593 -2.30496979 -2.31064725 -2.32216001 -2.32453394 -2.33087802 -2.33180189 -2.32227683 -2.31736732 -2.30933452 -2.29482317 -2.30514383 -2.45672035 -2.30051255 -1.74665129 -1.27945876 -0.99221253 -0.83597815 -0.70744330 -0.64819574 -0.66308260 -0.67455733 -0.68486243 -0.69181192
-0.55638844 -0.55202675 -0.55076373 -0.55276191 -0.55594385 -0.55671430 -0.55702460 -0.55499989 -0.55426323 -0.55364859 -0.54903287 -0.54727286 -0.54364514 -0.53741801 -0.52840114 -0.52051646 -0.51770949 -0.58632857 -0.89201307 -0.97682095 -1.62130070 -2.15400529 -2.11373830 -2.16487408 -2.21138883 -2.24865389 -2.26439476 -2.23052382 -2.18621993 -2.21729064 -2.24144650 -2.23640347 -2.24828744 -2.24523354 -2.27342820 -2.29841948 -2.31040072 -2.32110763 -2.32228756 -2.32100034 -2.32247114 -2.31854701 -2.30853009 -2.30397725 -2.29021263 -2.32377553 -2.50817275 -2.33315301 -1.70136499 -1.22445583 -0.96173179 -0.79865593 -0.65341836 -0.64574337 -0.66071171 -0.67093593 -0.67853570 -0.69040471
-0.54899275 -0.54578972 -0.54687834 -0.54992265 -0.55025095 -0.55036497 -0.55367541 -0.55387491 -0.55113500 -0.55157453 -0.54800296 -0.54244256 -0.53658599 -0.52829254 -0.52581108 -0.52756107 -0.57514000 -0.77140081 -1.05119681 -1.15305853 -1.94196236 -2.14595652 -2.10603094 -2.16772890 -2.21655583 -2.24983001 -2.26613259 -2.25564575 -2.20719504 -2.21194816 -2.23106766 -2.23513150 -2.23960185 -2.24586082 -2.27710152 -2.29396653 -2.30572367 -2.31879497 -2.31672025 -2.31199694 -2.31200027 -2.31121135 -2.30542374 -2.29920053 -2.28972006 -2.34086108 -2.55414200 -2.39260554 -1.75600767 -1.23803091 -1.03513527 -0.82023311 -0.65258461 -0.64985198 -0.65627229 -0.66734254 -0.67654836 -0.68526828
-0.54232413 -0.54143947 -0.54335183 -0.54546702 -0.54623556 -0.54777074 -0.54838663 -0.55012888 -0.54619598 -0.54614633 -0.54354089 -0.53552854 -0.52823210 -0.52022552 -0.50840396 -0.57683140 -0.80735064 -1.04276955 -1.05498433 -1.56718969 -2.15891051 -2.11983180 -2.11303043 -2.17293882 -2.21251273 -2.24073195 -2.26120448 -2.24811101 -2.20222402 -2.18434358 -2.19856167 -2.21233892 -2.22171760 -2.23585677 -2.27528143 -2.28440237 -2.29197598 -2.30166006 -2.29884052 -2.29767680 -2.29697490 -2.29495454 -2.29149508 -2.28513288 -2.27745342 -2.34693599 -2.60542631 -2.49443507 -1.92066061 -1.31956673 -1.13857412 -0.92048371 -0.65742129 -0.64767635 -0.65720671 -0.66759992 -0.67925262 -0.68213189
-0.53680980 -0.53819150 -0.53821087 -0.54091614 -0.54058605 -0.53983569 -0.54190689 -0.54356337 -0.54321945 -0.53829575 -0.53317094 -0.52555221 -0.51794201 -0.51271105 -0.51225656 -0.66042036 -0.88274139 -1.14235651 -1.17278755 -1.92383540 -2.13202119 -2.08880854 -2.13376236 -2.18565297 -2.21426630 -2.23888111 -2.25239444 -2.24775100 -2.20194817 -2.16344285 -2.17037535 -2.20130277 -2.20123124 -2.23273206 -2.27388740 -2.27722430 -2.28504276 -2.29220510 -2.29298544 -2.29271221 -2.29068613 -2.28745341 -2.28468108 -2.28360343 -2.27050352 -2.33251572 -2.61531138 -2.60157752 -2.07363105 -1.38584387 -1.19337201 -0.97908235 -0.65229756 -0.64757419 -0.65587825 -0.66512352 -0.67280543 -0.67916375
-0.53045297 -0.53275341 -0.53435439 -0.53388548 -0.53545249 -0.53548241 -0.53572607 -0.53313458 -0.53482318 -0.52927417 -0.52448839 -0.52005446 -0.51110744 -0.50399947 -0.49542031 -0.69448745 -0.97861385 -1.12525880 -1.49175310 -2.06687284 -2.08826351 -2.10602903 -2.16278052 -2.21395993 -2.23234677 -2.25183582 -2.26934910 -2.26695108 -2.21783829 -2.16186213 -2.16755962 -2.19819164 -2.20747805 -2.25409317 -2.29288721 -2.29289126 -2.30114055 -2.30470419 -2.30046296 -2.30027080 -2.29500532 -2.29459858 -2.29573941 -2.29137254 -2.28040385 -2.31371188 -2.55093813 -2.67580104 -2.23970389 -1.48108792 -1.19047821 -0.97940075 -0.62615263 -0.64512175 -0.65237659 -0.65879983 -0.67015171 -0.67706239
-0.52606863 -0.52647108 -0.52865404 -0.52847826 -0.53013241 -0.52868432 -0.52800238 -0.52577573 -0.52598375 -0.52000517 -0.51625431 -0.51046491 -0.50185585 -0.48892203 -0.48896083 -0.63489407 -1.00614488 -1.12666225 -1.77004063 -2.12869859 -2.11308813 -2.12389207 -2.18034959 -2.22014523 -2.23742032 -2.25615048 -2.27451968 -2.28239059 -2.24277282 -2.18153453 -2.16281700 -2.19614792 -2.21643090 -2.26997328 -2.29449153 -2.29939985 -2.31072259 -2.30754542 -2.29975939 -2.30256104 -2.29723501 -2.29902792 -2.30057693 -2.29582119 -2.28469443 -2.29081535 -2.42553782 -2.61245608 -2.33177757 -1.53149080 -1.17772448 -0.92456341 -0.61007804 -0.63625675 -0.64720911 -0.65593863 -0.66363293 -0.67196226
-0.52058697 -0.52124345 -0.52294999 -0.52507514 -0.52583373 -0.52303451 -0.52238524 -0.52214146 -0.51699907 -0.51251280 -0.50795424 -0.50112897 -0.49471894 -0.46984485 -0.47356060 -0.67275810 -0.90157163 -1.34805191 -2.00383306 -2.07761168 -2.08844852 -2.14161587 -2.18146801 -2.21690655 -2.23808575 -2.25391889 -2.27405763 -2.28671241 -2.25286388 -2.18870854 -2.15484786 -2.17865181 -2.21754742 -2.27474642 -2.28259659 -2.29338741 -2.30526829 -2.30620933 -2.30232048 -2.29579282 -2.29716945 -2.28563833 -2.29370332 -2.29026008 -2.27128434 -2.24295902 -2.33082294 -2.48844409 -2.32477903 -1.60910833 -1.14826155 -0.86188036 -0.63307303 -0.63468188 -0.63757384 -0.64706612 -0.65788889 -0.66745096
-0.51743585 -0.51764435 -0.52062184 -0.52335650 -0.52353609 -0.52568102 -0.52000070 -0.51719540 -0.51030314 -0.50429916 -0.50005549 -0.49566612 -0.49044707 -0.43321636 -0.39671960 -0.66564071 -0.88677084 -1.53038383 -2.02956748 -2.04751039 -2.08673978 -2.14132786 -2.18776298 -2.21749163 -2.23716903 -2.25482178 -2.27301931 -2.28446364 -2.26040673 -2.20374990 -2.16524220 -2.16647100 -2.21196461 -2.25753427 -2.27593040 -2.29894495 -2.30377078 -2.29740334 -2.29713798 -2.29224372 -2.28676438 -2.28578687 -2.28779721 -2.27693892 -2.26120830 -2.22441673 -2.29093552 -2.35651040 -2.24795508 -1.63818669 -1.05294693 -0.78986478 -0.66777366 -0.62382913 -0.63606787 -0.64403826 -0.65632164 -0.66519499
-0.51830655 -0.51808673 -0.51915461 -0.52462238 -0.52499616 -0.52431697 -0.52038622 -0.51494414 -0.50976628 -0.50514805 -0.49784741 -0.49235681 -0.48845944 -0.40483657 -0.37832570 -0.63938707 -0.96704853 -1.62682343 -2.01156902 -2.03623557 -2.08005381 -2.14482546 -2.18327212 -2.21899104 -2.24323368 -2.25734878 -2.26821971 -2.26921964 -2.26067328 -2.21572399 -2.17381406 -2.16698813 -2.20739794 -2.24984860 -2.27379870 -2.29610109 -2.29424024 -2.29033685 -2.29238796 -2.29106212 -2.28465462 -2.29001522 -2.28379822 -2.27430415 -2.25361395 -2.21847963 -2.25935888 -2.27846885 -2.10937881 -1.56420898 -0.99046516 -0.73311293 -0.68345046 -0.62458593 -0.63481557 -0.64589304 -0.65841162 -0.66670489
-0.51601857 -0.51496738 -0.51867527 -0.52160585 -0.52391994 -0.52178717 -0.51561332 -0.51269180 -0.50543445 -0.49904969 -0.49538413 -0.48930672 -0.48321840 -0.38339743 -0.36718956 -0.61798674 -1.09271002 -1.68692160 -2.03440523 -2.05294490 -2.09357429 -2.13809204 -2.18595648 -2.22325921 -2.24481440 -2.26344585 -2.26935887 -2.27176285 -2.25935578 -2.23208547 -2.18525648 -2.18776822 -2.21642017 -2.23920441 -2.26624608 -2.28458643 -2.28793931 -2.29056334 -2.28120589 -2.28873491 -2.28573012 -2.29705739 -2.29057527 -2.28223085 -2.26244736 -2.22006369 -2.27316833 -2.27345777 -2.00843215 -1.48553312 -0.93204415 -0.75126356 -0.73813546 -0.61939669 -0.62725502 -0.63843310 -0.65136015 -0.66427886
-0.50790459 -0.50843227 -0.51233315 -0.51519090 -0.51544040 -0.51464939 -0.50995195 -0.50390488 -0.49756476 -0.48852167 -0.48753902 -0.48157933 -0.48118690 -0.37054846 -0.39789185 -0.62477255 -1.17570627 -1.76557374 -2.08743119 -2.07517195 -2.09909344 -2.14188242 -2.19055867 -2.22099543 -2.24727559 -2.26723433 -2.27161551 -2.27828598 -2.26733947 -2.23868537 -2.19635653 -2.18850040 -2.20491385 -2.22926545 -2.25301981 -2.26218557 -2.27478528 -2.27408147 -2.27109337 -2.27967572 -2.29102421 -2.29070735 -2.29030156 -2.27888083 -2.24795961 -2.20910668 -2.32157540 -2.35734034 -1.96467721 -1.43457413 -0.99017382 -0.84594876 -0.74535531 -0.61424160 -0.62226480 -0.63215148 -0.64473248 -0.65689242
-0.50101095 -0.50342655 -0.50630754 -0.50868326 -0.51072210 -0.50754958 -0.50381500 -0.49548176 -0.49084523 -0.48465607 -0.48042551 -0.47686300 -0.47430685 -0.36517268 -0.42302522 -0.66936833 -1.23853946 -1.82614481 -2.09611845 -2.08801484 -2.10452485 -2.13853383 -2.18063545 -2.21331501 -2.23527336 -2.25548196 -2.26305723 -2.26965952 -2.26721215 -2.23332787 -2.18944526 -2.17338848 -2.18859553 -2.20889020 -2.22333765 -2.23646259 -2.24992800 -2.25603914 -2.25635195 -2.27436233 -2.28384614 -2.28294206 -2.27867651 -2.25554657 -2.22408772 -2.17704487 -2.36619091 -2.44012070 -1.98096693 -1.44205594 -1.07375801 -0.89585984 -0.67879450 -0.61058044 -0.61928701 -0.62597030 -0.64042288 -0.64977962
-0.49982724 -0.49990562 -0.50150520 -0.50636488 -0.50732154 -0.50801778 -0.50454688 -0.49880061 -0.49446115 -0.48619160 -0.48076352 -0.47709826 -0.46895346 -0.32956824 -0.39481321 -0.66680205 -1.28417432 -1.85630095 -2.09091663 -2.10802341 -2.11213517 -2.14011812 -2.16639137 -2.19680929 -2.21930170 -2.23663163 -2.24916387 -2.25530052 -2.25320506 -2.22984743 -2.18808389 -2.16833115 -2.17716479 -2.20215225 -2.21582174 -2.23316741 -2.24479508 -2.24800587 -2.25332165 -2.27133918 -2.27748966 -2.28040767 -2.27273989 -2.24638772 -2.21179843 -2.16914201 -2.42651725 -2.48067999 -2.00622511 -1.45485866 -1.12627161 -0.88220310 -0.64192003 -0.61405498 -0.62004483 -0.62773097 -0.63989496 -0.65166676
-0.49875602 -0.49998292 -0.50116259 -0.50471616 -0.50531155 -0.50677752 -0.50832933 -0.50345635 -0.49884138 -0.49168816 -0.48366943 -0.47995254 -0.46063480 -0.27929485 -0.32587016 -0.62822038 -1.30377483 -1.86673045 -2.07604504 -2.12327194 -2.12798142 -2.14368582 -2.16580057 -2.18535781 -2.20206952 -2.21533108 -2.22368240 -2.24005222 -2.23921251 -2.22439623 -2.18311691 -2.16029596 -2.17923474 -2.19819880 -2.21645284 -2.23761153 -2.24034667 -2.24885321 -2.25809741 -2.26555037 -2.27723813 -2.28466010 -2.26548958 -2.23653746 -2.20452690 -2.16305971 -2.43976808 -2.51055384 -2.02653432 -1.43061006 -1.11366117 -0.86586267 -0.62141979 -0.62127078 -0.62888676 -0.63629282 -0.64445245 -0.65984797
-0.49719545 -0.49808416 -0.49813995 -0.49971357 -0.50299549 -0.50556237 -0.50626397 -0.50639403 -0.49862441 -0.49209651 -0.48371133 -0.47507969 -0.45647219 -0.25298983 -0.21740404 -0.52412945 -1.28832078 -1.82488906 -2.02278686 -2.12193155 -2.12155318 -2.12602329 -2.15177965 -2.16220737 -2.17035460 -2.18165970 -2.19275999 -2.20074320 -2.20096111 -2.18991280 -2.15410495 -2.13280153 -2.14212322 -2.16153479 -2.19230199 -2.20542312 -2.20816350 -2.21625781 -2.23036528 -2.24143434 -2.25387001 -2.25878501 -2.23540115 -2.21249986 -2.17187572 -2.12166500 -2.41299176 -2.42748952 -2.00189519 -1.40678406 -1.07990134 -0.82020313 -0.61329770 -0.62661105 -0.63524276 -0.64224774 -0.64942318 -0.66370064
-0.49045923 -0.48976305 -0.49153760 -0.49363157 -0.49493459 -0.49825457 -0.49854824 -0.49831840 -0.49503914 -0.48667321 -0.47891077 -0.47035906 -0.45002893 -0.26189181 -0.08772991 -0.36270714 -1.20537639 -1.77676284 -1.92788661 -2.11661267 -2.12395859 -2.12930846 -2.14440274 -2.15299964 -2.16066718 -2.17590857 -2.18043566 -2.18065190 -2.18158865 -2.16975975 -2.14765286 -2.11667752 -2.11606932 -2.12968421 -2.15989590 -2.18539381 -2.18378925 -2.19017172 -2.20871568 -2.22253680 -2.23381519 -2.23571992 -2.22428489 -2.19337130 -2.14832926 -2.11441851 -2.38305020 -2.32707691 -1.86579144 -1.27268565 -0.97683311 -0.75135213 -0.61003685 -0.62435329 -0.63484502 -0.64113516 -0.64892662 -0.65922242
-0.47781840 -0.47939482 -0.47951618 -0.48146173 -0.48264560 -0.48223010 -0.48703602 -0.48797670 -0.48348442 -0.47693554 -0.46765676 -0.46017203 -0.44270924 -0.30357358 -0.04633989 -0.20585302 -1.13509703 -1.63497996 -1.83432138 -2.10078168 -2.15460062 -2.16102433 -2.17163706 -2.18503094 -2.19267726 -2.19020557 -2.19734073 -2.19228053 -2.18844008 -2.17886567 -2.16520500 -2.14051318 -2.12060308 -2.14553881 -2.17677498 -2.18823600 -2.19603181 -2.20344067 -2.20764446 -2.22219467 -2.24113989 -2.24022579 -2.22745538 -2.20178819 -2.15487504 -2.12770200 -2.33220577 -2.22138071 -1.75078523 -1.16798258 -0.87833613 -0.72714674 -0.61806709 -0.61673456 -0.62419909 -0.63277805 -0.63736272 -0.64557558
-0.44906113 -0.46041122 -0.49001792 -0.50373834 -0.49285689 -0.48565015 -0.47087190 -0.47151819 -0.46517047 -0.46030757 -0.46839073 -0.48446891 -0.49804804 -0.42417297 -0.16267189 -0.05226425 -0.94663131 -1.52300680 -1.82307160 -2.02963138 -2.17761469 -2.18866587 -2.19732332 -2.20679331 -2.20813227 -2.20923400 -2.20866013 -2.20589948 -2.19861341 -2.19220138 -2.18382788 -2.15365720 -2.14011240 -2.16101193 -2.18232489 -2.19076419 -2.20202041 -2.21849012 -2.22063255 -2.23515511 -2.24695945 -2.25006175 -2.23745394 -2.21524024 -2.16625404 -2.18268800 -2.28881931 -2.08329940 -1.58825052 -1.06314421 -0.87749034 -0.81469750 -0.61169755 -0.61148745 -0.61859065 -0.62864894 -0.63420397 -0.64153314
-0.78058696 -0.82699168 -0.76591748 -0.69474471 -0.59979862 -0.55710036 -0.55528522 -0.63370776 -0.76715493 -0.93800354 -1.05267608 -1.05543768 -1.10237157 -1.08324850 -0.77967143 -0.32290813 -0.86197990 -1.47924221 -1.79248559 -1.87269759 -2.12507153 -2.18211913 -2.18403602 -2.19216418 -2.19240069 -2.19490099 -2.19773149 -2.20133710 -2.19652510 -2.18875909 -2.17342854 -2.14061928 -2.11382866 -2.13572407 -2.15401030 -2.16152978 -2.18290806 -2.20163798 -2.20421171 -2.22295785 -2.22501469 -2.21875095 -2.21696615 -2.19838881 -2.16476870 -2.25762153 -2.29765344 -1.91170156 -1.38206470 -1.00339150 -0.86794823 -0.80080402 -0.60453922 -0.61191553 -0.62164265 -0.62644303 -0.63476950 -0.64344871
-1.30954826 -1.40386152 -1.46719730 -1.36247790 -1.26892948 -1.13965881 -1.12802136 -1.27237821 -1.47070038 -1.69218874 -1.80430329 -1.87781572 -1.90511429 -1.87306452 -1.71292090 -1.16153157 -1.11916625 -1.73601270 -1.99157608 -1.95761311 -2.03936815 -2.15619731 -2.17221951 -2.17964292 -2.17999506 -2.18424559 -2.18108392 -2.18414235 -2.18879938 -2.18018079 -2.16252565 -2.12853312 -2.10784554 -2.11942863 -2.13003683 -2.14397526 -2.16121697 -2.17717648 -2.18959785 -2.20459485 -2.20175004 -2.19207573 -2.18568897 -2.17966747 -2.16580129 -2.31479025 -2.31318879 -1.80871236 -1.30028808 -0.99341798 -0.83332837 -0.70578223 -0.60457748 -0.61217064 -0.61968547 -0.62749791 -0.63885695 -0.64914995
-1.56130135 -1.91338217 -2.10426378 -1.92053902 -1.81726444 -1.79906082 -1.85632372 -1.89316285 -2.00733685 -2.03816628 -2.06475925 -2.08561158 -2.06239200 -2.06441236 -2.06479645 -1.81655478 -1.42967665 -1.80122113 -2.08280563 -2.18101501 -2.10811806 -2.14806342 -2.15976310 -2.16420054 -2.16764283 -2.16750956 -2.17082977 -2.17275167 -2.17487121 -2.17753792 -2.14977455 -2.12075496 -2.11114907 -2.10147095 -2.11075377 -2.14039350 -2.16084528 -2.16539216 -2.17610979 -2.19213223 -2.19137335 -2.17681193 -2.16191840 -2.16246486 -2.17544627 -2.32948136 -2.20636511 -1.64968741 -1.23027575 -0.97601390 -0.84361875 -0.63173908 -0.60633391 -0.61233568 -0.61987484 -0.63039821 -0.64061058 -0.64938086
-1.60704327 -2.10415030 -2.05887485 -1.94155991 -1.90466607 -1.94498241 -1.99116480 -2.04790854 -2.03318262 -1.96778643 -1.89294612 -1.87211204 -1.91107976 -1.95857346 -2.00976372 -1.98931444 -1.55129135 -1.65371072 -2.01202893 -2.16069722 -2.18740129 -2.13256431 -2.13373351 -2.14372420 -2.14924431 -2.15250850 -2.15299368 -2.15369415 -2.15729761 -2.15748596 -2.13851953 -2.12366033 -2.11215138 -2.09550548 -2.11190963 -2.14261246 -2.16092014 -2.16115928 -2.17134333 -2.18136525 -2.18104339 -2.16417599 -2.14973950 -2.12640071 -2.11038160 -2.18248987 -1.92947114 -1.37371218 -1.06224859 -0.87671608 -0.81409544 -0.59849620 -0.60614598 -0.61117202 -0.61956209 -0.62714219 -0.63396770 -0.64264578
-1.37751126 -1.96460617 -2.16770720 -2.13279080 -1.92008364 -1.82868576 -1.70650876 -1.63072228 -1.67889631 -1.75069964 -1.83243906 -1.87248552 -1.90201294 -1.94694626 -2.01247644 -2.15703797 -2.03993154 -1.72046423 -1.89316547 -2.07495975 -2.10411453 -2.09880042 -2.11197948 -2.11421323 -2.11817765 -2.12659788 -2.12655640 -2.11614704 -2.11569619 -2.12265062 -2.11460447 -2.10507941 -2.10633111 -2.08787942 -2.10514379 -2.12311864 -2.13855791 -2.14467502 -2.15132356 -2.16148639 -2.17012501 -2.14778733 -2.11916280 -2.02692127 -1.90085113 -1.85141075 -1.57846129 -1.15910339 -0.75427878 -0.73848975 -0.76415068 -0.59604865 -0.60343111 -0.61366892 -0.62274265 -0.62790406 -0.63396454 -0.64712554
-1.49234533 -1.83960307 -1.97776425 -2.01480055 -1.80935180 -1.73066854 -1.76300991 -1.83797204 -1.89509618 -1.95784056 -2.00833797 -2.00328565 -1.98063648 -1.96594870 -1.98553646 -2.08228707 -2.14588571 -1.98831379 -1.91871560 -2.02764130 -2.05391145 -2.05073452 -2.06105566 -2.06925678 -2.07554054 -2.08436060 -2.08597541 -2.05774593 -2.06345463 -2.07916451 -2.08016396 -2.06764698 -2.06125665 -2.06378388 -2.08833337 -2.09478688 -2.10377836 -2.11339283 -2.11989975 -2.12042236 -2.11597395 -2.10442305 -2.11590385 -2.03840566 -1.84806085 -1.67385435 -1.36933351 -0.97045600 -0.68184918 -0.80963159 -0.68452668 -0.59594625 -0.60719830 -0.61458075 -0.62182570 -0.62459946 -0.63385785 -0.64859748
-1.42611504 -1.64301777 -1.78934062 -1.91970026 -1.96651590 -1.94729245 -1.99103844 -1.97620881 -1.85203636 -1.68201184 -1.56188071 -1.50273442 -1.49968362 -1.52013218 -1.53920817 -1.57397008 -1.69526482 -1.78763688 -1.76198411 -1.83185518 -1.86593199 -1.88151920 -1.90845716 -1.91854584 -1.93865716 -1.97110569 -1.99210441 -1.99250090 -1.99635494 -2.02227116 -2.03655815 -2.04182816 -2.04253912 -2.05491018 -2.07595348 -2.07879877 -2.08781934 -2.09146643 -2.09937763 -2.09104466 -2.08471870 -2.08060575 -2.14783597 -2.20814085 -2.05109715 -1.66676342 -1.30203629 -1.18883860 -0.94456053 -0.84807742 -0.63451707 -0.59728593 -0.60189164 -0.61250812 -0.62310839 -0.62760282 -0.63218898 -0.64500844
-1.06170416 -1.28777933 -1.47204769 -1.70913851 -1.81200898 -1.80315876 -1.66982687 -1.47190642 -1.24807024 -1.01551044 -0.87740189 -0.80895966 -0.67828345 -0.65986532 -0.68402010 -0.72242445 -0.78276938 -0.83973181 -0.89880478 -0.97813034 -1.02763188 -1.06518602 -1.07886994 -1.11330426 -1.14083827 -1.18311119 -1.21944368 -1.25807416 -1.29251564 -1.34696710 -1.42400932 -1.55672777 -1.63521492 -1.69501257 -1.69538176 -1.66875148 -1.68162882 -1.69271970 -1.74783742 -1.80436182 -1.85209203 -1.85138333 -1.95474064 -2.18281126 -2.08224535 -1.74719000 -1.39326370 -1.19056606 -1.05255878 -0.79830098 -0.68742174 -0.67137539 -0.67317218 -0.68045926 -0.68448317 -0.68475926 -0.68651742 -0.69183940
-0.55006033 -0.76843578 -0.91038728 -0.95799863 -1.06775331 -1.08683407 -0.98973930 -0.85840487 -0.78185344 -0.51391906 -0.31212118 -0.31084374 -0.31202832 -0.31736466 -0.34024000 -0.35441610 -0.36137402 -0.37747994 -0.40190789 -0.42205456 -0.42139921 -0.44117287 -0.45845005 -0.43295208 -0.42626789 -0.42329815 -0.45630065 -0.46916011 -0.44936857 -0.45991161 -0.54134274 -0.66507441 -0.76151711 -0.79028517 -0.81463134 -0.86205888 -0.84743130 -0.80774701 -0.84697586 -0.92015779 -0.98597670 -1.04001498 -1.14428782 -1.45936012 -1.58648682 -1.20187271 -0.86041117 -0.76375246 -0.73163038 -0.62684762 -0.61174560 -0.63899261 -0.65432751 -0.71513677 -0.77669990 -0.82552171 -0.81258303 -0.80968493
