0.39210361 0.25632730 0.25848302 0.35970992 0.43634197 0.24647786 0.36003050 0.24660774 0.23799303 0.34849069 0.34167811 0.32776442 0.31262133 0.38392788 0.28581944 0.26962784 0.43875772 0.37893867 0.43282437 0.42190346 0.44675368 0.44659501 0.44968221 0.45080021 0.45068878 0.45181257 0.45020670 0.45133781 0.45118266 0.44867948 0.44805092 0.44803542 0.44535467 0.44170576 0.44036913 0.43803182 0.43558684 0.43234795 0.43335074 0.34000835 -0.33728400 -1.80925786 -2.97091222 -3.89208460 -4.46046019 -4.62269020 -3.70291281 -2.55920005 -1.63202119 -1.33328831 -1.28488564 -1.43910336 -1.78825438 -2.41331387 -2.98101211 -3.00529981 -2.20210934 -1.24986553
0.31981289 0.30910674 0.47913828 0.43794724 0.53259587 0.26670042 0.34157676 0.26049033 0.26063511 0.19913824 0.04759162 0.22849101 0.24284095 0.13352181 0.15639962 0.27548474 0.33475932 0.34244978 0.40062121 0.38688564 0.44556966 0.44626915 0.44813782 0.44733110 0.44664291 0.44743630 0.44917631 0.44640836 0.44733569 0.44674817 0.44451827 0.44307956 0.43954247 0.43819517 0.43657228 0.43264621 0.43164662 0.43158191 0.41018352 0.10732131 -0.90155721 -2.44369435 -3.72904849 -5.03244257 -5.87578535 -6.18521261 -5.45236349 -4.43741655 -3.40582466 -2.79710984 -2.77550507 -2.93982553 -3.39336491 -3.76302481 -3.96871424 -3.75540638 -2.81754899 -1.91478837
0.36250594 0.49283314 0.50531447 0.47572395 0.57496983 0.04588048 0.20509629 0.09790364 0.23644301 0.18902482 0.24034105 0.22633432 0.25925845 0.04908107 0.11518034 0.27482814 0.35717043 0.49281049 0.48720577 0.41187373 0.44679654 0.44752657 0.44499984 0.44539404 0.44542700 0.44621292 0.44605070 0.44457623 0.44607633 0.44360307 0.44166645 0.43898636 0.43803784 0.43519041 0.43325186 0.43138239 0.42864224 0.41663831 0.26583719 -0.38653612 -1.80981827 -3.10968089 -4.55116510 -5.72244167 -6.71833420 -7.04707575 -6.66163445 -6.01135731 -5.22873449 -4.43996572 -4.08313084 -4.14509106 -4.35203218 -4.57451248 -4.96319056 -4.76415396 -3.74560738 -2.69682765
0.41385883 0.59403461 0.71622723 0.27170435 0.64975375 0.17520718 0.47135833 -0.05508425 0.35495648 0.35137895 0.33369088 0.21987072 0.38234213 0.15386251 0.21900718 0.43672505 0.50165552 0.63375843 0.56472063 0.50029516 0.44522581 0.44649658 0.44613767 0.44549677 0.44288850 0.44057313 0.43992463 0.44273043 0.43957520 0.43966839 0.43653882 0.43641287 0.43307632 0.43041113 0.42702258 0.42609313 0.42708057 0.38961816 -0.00219549 -1.15361941 -2.76250267 -3.76504493 -5.30755568 -6.18666697 -7.17313147 -7.46218824 -7.41969013 -7.11497259 -6.55977058 -5.95869064 -5.58790874 -5.55446005 -5.80218935 -6.18764973 -6.45647240 -5.77356529 -4.35269213 -2.98351765
0.45268181 0.45972013 0.49299842 0.39359564 0.76216179 0.53746599 0.83555955 0.03802469 0.51115710 0.40592244 0.48941728 0.30061015 0.65068513 0.15921436 0.64540190 0.69004834 0.61127734 0.73249733 0.65372932 0.51916730 0.44699055 0.44910291 0.44650519 0.44542992 0.44447914 0.44405520 0.44236672 0.43950891 0.43744361 0.43730241 0.43472981 0.43200019 0.42861360 0.42668766 0.42448479 0.42556939 0.40334162 0.16962400 -0.70143658 -2.24510503 -3.60675073 -4.62586498 -5.91076612 -6.72047091 -7.42497778 -7.76067257 -7.95952606 -8.06628609 -7.89109373 -7.67607117 -7.50767231 -7.45167494 -7.50568247 -7.57614470 -7.21963739 -6.04900742 -4.25839996 -2.76524186
0.45094949 0.49551922 0.58927840 0.68636811 0.62757951 0.52935374 0.90934569 0.14696361 0.46724483 0.24320005 0.49090749 0.18193009 0.51209080 0.16134976 0.49035174 0.65422219 0.40456706 0.59824997 0.57845515 0.45447046 0.45024762 0.44976425 0.44940382 0.44720975 0.44500366 0.44448447 0.44295523 0.44335192 0.44088864 0.43684313 0.43353060 0.43085304 0.42924890 0.42633143 0.42526761 0.41409281 0.26784408 -0.34790027 -1.72215080 -3.31798387 -4.48562193 -5.82963181 -6.74621296 -7.45151997 -7.72932577 -7.91753149 -8.02929306 -8.22769833 -8.22720814 -8.15299320 -8.02968502 -7.93675327 -7.87463331 -7.71021414 -7.19234943 -5.82142878 -4.04938745 -2.56802964
0.41292602 0.50002277 0.65206671 0.65864801 0.69311434 0.50757807 0.83085042 0.45459431 0.60019052 0.30758622 0.57622421 0.42206168 0.56065542 0.39462852 0.44032213 0.57254124 0.39739099 0.40268755 0.41487077 0.39070234 0.45366493 0.45463511 0.45368850 0.45120174 0.44621399 0.44528717 0.44004717 0.44031495 0.43861851 0.43595096 0.43411130 0.43049604 0.42506838 0.41879186 0.39231679 0.24572551 -0.25469917 -1.36228192 -2.91431308 -4.14685822 -5.49952078 -6.58954573 -7.43317366 -7.95570850 -8.02444744 -8.10714531 -8.14336395 -8.24580765 -8.22795391 -8.15531540 -8.03762913 -7.93193579 -7.84570646 -7.71913099 -7.14371777 -5.83956671 -4.13516951 -2.36794829
0.35565087 0.43283504 0.54488754 0.45862928 0.44749299 0.42984280 0.48278195 0.44091523 0.47654232 0.35214427 0.51856101 0.43592957 0.47575435 0.42268264 0.43232983 0.42891270 0.50905180 0.42867100 0.40795627 0.40534887 0.45081863 0.45168373 0.45103645 0.45068544 0.44703212 0.44336042 0.44157314 0.43912756 0.43568292 0.43344957 0.43149468 0.42741984 0.41475433 0.33907208 0.01357353 -0.59199995 -1.50056326 -2.78669071 -4.02430010 -5.05329561 -6.34235764 -7.30696964 -8.03082561 -8.28698444 -8.31609535 -8.40847492 -8.29876995 -8.17001629 -8.03722572 -8.02162266 -7.95627928 -7.90530920 -7.90918064 -7.81915855 -7.23686361 -5.87760019 -4.29559946 -2.19106245
0.40680605 0.38777906 0.41003433 0.46047512 0.50846851 0.52366304 0.43449569 0.46894696 0.44759983 0.39479232 0.50677305 0.44830185 0.44418025 0.46138528 0.41950837 0.51187098 0.55598140 0.45131329 0.44609949 0.43105784 0.44927275 0.45213166 0.44847757 0.44854125 0.44751760 0.44158670 0.44237563 0.43551931 0.43452010 0.43039891 0.43120468 0.41363257 0.25001007 -0.21531658 -0.99120730 -1.93411851 -2.97778630 -4.07530737 -4.89667320 -6.02527761 -7.07703066 -7.87936211 -8.32300568 -8.41785240 -8.46859455 -8.35973454 -7.92876816 -7.42664719 -7.34156036 -7.46533775 -7.59080696 -7.71836138 -7.81129885 -7.58982897 -6.97914648 -5.64295912 -4.30191231 -2.22926116
0.41650617 0.41107967 0.41858682 0.44451660 0.46013674 0.42690769 0.41278437 0.43234891 0.42842975 0.43204385 0.44776502 0.43845680 0.43922770 0.44117033 0.44527107 0.47050822 0.44597360 0.44490334 0.44282016 0.44792908 0.44699422 0.44609919 0.44867530 0.44360676 0.44416770 0.43982762 0.43675047 0.43350410 0.42866844 0.42830610 0.41804984 0.28423318 -0.24419998 -1.17206836 -2.36600018 -3.32922077 -4.07995892 -4.77710676 -5.76614332 -6.80065918 -7.58679724 -8.15530205 -8.32854939 -8.38420200 -8.40127754 -8.04544926 -7.36316347 -6.91201639 -6.81550360 -7.05872869 -7.39847898 -7.58826113 -7.48468351 -7.07080364 -6.50426674 -5.31041145 -4.16997671 -2.42926931
0.42623985 0.42567375 0.42804694 0.42937747 0.42981803 0.43328306 0.43406570 0.43382567 0.43820453 0.44020501 0.44033974 0.44261923 0.43915763 0.44318703 0.44152659 0.44097140 0.44306925 0.44162568 0.44325647 0.44193339 0.44473749 0.44112104 0.44156340 0.44007751 0.43764037 0.43843156 0.43373302 0.43237174 0.42756742 0.42751452 0.38921282 0.02260577 -0.98153973 -2.32804370 -3.34288311 -4.15778112 -5.01799393 -5.85130119 -6.81769419 -7.46592140 -7.93906069 -8.18655300 -8.27765274 -8.32274246 -8.23425674 -7.80365610 -7.29216242 -7.08177519 -6.87974262 -7.02536964 -7.37379265 -7.35304308 -7.09860277 -6.83228254 -6.49461079 -5.26751852 -4.19994450 -2.60299277
0.42443630 0.42813259 0.42771631 0.43059641 0.43304849 0.43348789 0.43365484 0.43654552 0.43720806 0.44190186 0.43940267 0.44285303 0.44230816 0.44145837 0.43970013 0.44066149 0.44053781 0.43972310 0.44087121 0.44081521 0.43955007 0.44031873 0.43892637 0.43856189 0.43680674 0.43458924 0.42958692 0.42586079 0.42426854 0.41092756 0.21560001 -0.56975955 -2.00117326 -3.30342555 -4.21994448 -5.42127323 -6.51671219 -7.16384554 -7.73446131 -7.95648432 -8.15866470 -8.25306988 -8.32105350 -8.34905052 -8.32412434 -7.94831610 -7.63309574 -7.36288929 -6.91936541 -6.90931988 -6.99882603 -6.98824596 -7.11038685 -7.04106045 -6.64869595 -5.31327534 -4.04257441 -2.40144849
0.42819011 0.42982116 0.43105391 0.43365180 0.43440875 0.43397257 0.43586051 0.43709835 0.43985891 0.44226491 0.44470063 0.44431090 0.44354251 0.44199347 0.44196033 0.44112766 0.44016552 0.44132182 0.44070882 0.43977651 0.43862912 0.43901336 0.43511167 0.43520981 0.42965630 0.42738244 0.42437318 0.42012152 0.42227969 0.38083544 -0.06030236 -1.34388053 -2.93651032 -4.08217764 -5.51681376 -6.68796778 -7.47296715 -7.89588308 -8.06985855 -8.17465496 -8.26459694 -8.33199215 -8.37799549 -8.38874054 -8.42347717 -8.19756889 -7.78141356 -7.46992970 -6.98237610 -6.75573778 -6.77259302 -6.92040968 -7.27721739 -7.20146465 -6.51082182 -5.05190516 -3.43320417 -1.99255717
0.42935178 0.42922950 0.43306431 0.43415302 0.43503812 0.43706971 0.43874556 0.44016647 0.44217286 0.44332623 0.44437322 0.44240484 0.44628477 0.44232944 0.44204152 0.44003421 0.43929446 0.44000310 0.43902656 0.43966755 0.43771988 0.43584466 0.43558896 0.43108672 0.42878741 0.42399621 0.41928580 0.41941035 0.40592250 0.20734344 -0.66576248 -2.33182549 -3.63756013 -5.01739788 -6.32894468 -7.28560209 -7.83956194 -8.04489803 -8.13948917 -8.22735786 -8.29627323 -8.34465981 -8.38281441 -8.37717342 -8.42144108 -8.34053516 -8.00300217 -7.73603582 -7.51707077 -7.29797697 -7.39380980 -7.36105776 -7.41921568 -7.08389378 -6.18493080 -4.68706179 -2.97682142 -1.68285108
0.43150657 0.43451646 0.43470955 0.43767595 0.43773681 0.43855727 0.43927395 0.44130877 0.44370228 0.44422740 0.44684532 0.44512236 0.44622314 0.44454840 0.44326806 0.44295889 0.43966126 0.43985248 0.44145969 0.43898454 0.43956187 0.43474805 0.43518195 0.42921206 0.42787084 0.42303899 0.41840449 0.42143103 0.37132499 -0.09398939 -1.43574882 -3.11658478 -4.32779551 -5.86342478 -6.93789530 -7.73520279 -8.02715302 -8.14797115 -8.22789669 -8.28599167 -8.33369255 -8.36636162 -8.40162849 -8.39216805 -8.37307835 -8.39586926 -8.29471779 -8.20975304 -8.12794399 -8.01489544 -7.99906206 -7.87869644 -7.71048403 -7.28728485 -6.38709879 -4.70373058 -2.95015764 -1.73811388
0.43325019 0.43549949 0.43592072 0.43664590 0.43861181 0.44004819 0.44131711 0.44234851 0.44631973 0.44682989 0.44685376 0.44874021 0.44623360 0.44450366 0.44133678 0.43990809 0.44109792 0.43907088 0.44013995 0.43683934 0.43507862 0.43281129 0.43068275 0.42782161 0.42318234 0.42268518 0.41941780 0.38481435 0.08571313 -0.87743378 -2.58787847 -3.85485005 -5.29725695 -6.52466059 -7.49011135 -8.07215500 -8.23311901 -8.34874821 -8.41931820 -8.45777512 -8.49872017 -8.51885605 -8.53405857 -8.52527142 -8.49137878 -8.43779945 -8.36131001 -8.29548550 -8.25081158 -8.21032715 -8.14773178 -8.08496857 -7.87185335 -7.42321444 -6.23124361 -4.34424782 -2.77917719 -1.58879161
0.43009147 0.43209770 0.43581125 0.43678313 0.43953121 0.43986806 0.44000721 0.44277370 0.44408339 0.44620827 0.44701886 0.44682792 0.44432446 0.44259945 0.43846783 0.43901756 0.43662593 0.43574825 0.43544790 0.43428755 0.43324861 0.43104193 0.42639068 0.42479455 0.41862366 0.41846779 0.37787834 0.09397526 -0.67110354 -2.07713628 -3.57109451 -4.70375061 -6.13930464 -7.07914925 -7.91829920 -8.22011089 -8.35143948 -8.46038532 -8.52162647 -8.55818176 -8.58956146 -8.60419750 -8.60562897 -8.60278988 -8.57427788 -8.52714443 -8.45449829 -8.37463760 -8.31593227 -8.26837444 -8.17999268 -8.01881790 -7.63814974 -6.96354914 -5.47818375 -3.66216803 -2.28073621 -1.05145323
0.43089375 0.43258110 0.43463263 0.43602261 0.43758541 0.43980724 0.43971673 0.43965062 0.44225129 0.44358748 0.44523686 0.44419652 0.44283932 0.44314730 0.43942446 0.43668166 0.43547413 0.43490231 0.43153971 0.43277287 0.42884415 0.42733973 0.42384455 0.42074755 0.41929668 0.37614733 0.09664035 -0.65187824 -1.93144608 -3.35544205 -4.35097980 -5.69636488 -6.65272379 -7.53461552 -8.11579418 -8.25878334 -8.39086056 -8.49230480 -8.54374218 -8.57443714 -8.59185028 -8.60519886 -8.60546780 -8.60532951 -8.58007145 -8.53887463 -8.46967888 -8.36543274 -8.29293442 -8.13301086 -7.83267927 -7.40043020 -6.80302238 -5.77484560 -4.24961424 -2.74403977 -1.71221292 -0.48816726
0.42939469 0.43152368 0.43336365 0.43539587 0.43672848 0.43644217 0.43874472 0.44040468 0.44289997 0.44204763 0.44171348 0.44172370 0.44072464 0.43932995 0.43684950 0.43653578 0.43381369 0.43216032 0.42882130 0.42575586 0.42414045 0.42134488 0.41938937 0.41347498 0.36281806 0.06430075 -0.66703963 -1.92290485 -3.16050172 -4.19449425 -5.22090292 -6.35385370 -7.17782831 -7.91105175 -8.21064472 -8.32752228 -8.44714260 -8.52603531 -8.56814003 -8.59677315 -8.62012768 -8.62705231 -8.62744904 -8.62702942 -8.60776806 -8.57452202 -8.49797630 -8.39874554 -8.21193314 -7.80982256 -7.13097477 -6.28298140 -5.32043362 -4.14449501 -2.95368266 -2.13980246 -1.21464992 -0.18057309
0.42932200 0.43083048 0.43284115 0.43659231 0.43530896 0.43621281 0.43786886 0.43875581 0.43756637 0.44012630 0.43998018 0.43967837 0.43838671 0.43911251 0.43727228 0.43562371 0.43318748 0.42786372 0.42683786 0.42140192 0.41940969 0.41301474 0.39708927 0.30016309 -0.05843961 -0.80614561 -1.98578882 -3.20338011 -4.15376520 -5.17096615 -6.22582579 -7.13829184 -7.75990486 -8.09455204 -8.24558449 -8.35721302 -8.47755051 -8.54102993 -8.58195591 -8.61530209 -8.64230633 -8.64491367 -8.64298630 -8.64091110 -8.62329578 -8.59392548 -8.52212334 -8.39858055 -8.06457233 -7.30380058 -6.12899971 -4.92813587 -3.92917109 -3.06524825 -2.16146970 -1.44074631 -0.59169394 -0.09433993
0.42894542 0.43038502 0.43194270 0.43387371 0.43394813 0.43448809 0.43480861 0.43564889 0.43732420 0.43733662 0.43828985 0.43721056 0.43737996 0.43681675 0.43539944 0.43189880 0.42839852 0.42629531 0.42315358 0.42037189 0.41947469 0.37322623 0.13451988 -0.37809765 -1.13132489 -2.22550488 -3.32867718 -4.16221619 -5.12881041 -6.22891569 -7.11256123 -7.73750544 -8.00770664 -8.11455154 -8.23005390 -8.32761478 -8.44608116 -8.51888275 -8.56569576 -8.60381413 -8.62758541 -8.63072681 -8.62137032 -8.61289501 -8.59063148 -8.55953884 -8.49347973 -8.33251953 -7.83055210 -6.75340366 -5.23100615 -3.87781048 -2.95730972 -1.97420025 -1.11566579 -0.56773907 -0.01671037 0.14452003
0.42984247 0.43165401 0.43225506 0.43365040 0.43547437 0.43393359 0.43630314 0.43740609 0.43755338 0.43847403 0.43864378 0.43851322 0.43813184 0.43572891 0.43297371 0.42939761 0.42718935 0.42434704 0.42128369 0.42147660 0.38177240 0.10620981 -0.55718529 -1.46983838 -2.54294157 -3.56053543 -4.28112745 -5.09473133 -6.18380976 -7.09040594 -7.71815157 -7.96641016 -8.03867817 -8.10062313 -8.21588993 -8.30512810 -8.42232132 -8.51763630 -8.55919647 -8.59333515 -8.61020947 -8.61106777 -8.59813309 -8.57975769 -8.53774834 -8.48523617 -8.41455650 -8.25751019 -7.61238909 -6.20067120 -4.62289906 -3.02925420 -1.83085322 -0.68718487 -0.07244465 0.16818510 0.30711603 0.38123542
0.42908359 0.43032494 0.43181494 0.43359649 0.43325081 0.43528283 0.43568927 0.43594077 0.43695876 0.43865922 0.43632206 0.43531132 0.43341503 0.43318444 0.43108070 0.42955121 0.42646092 0.42086536 0.42085674 0.39484668 0.15997459 -0.52190000 -1.70946467 -2.81197810 -3.67012691 -4.42077780 -5.26857996 -6.25852728 -7.08935452 -7.69220448 -7.95854092 -8.02750397 -8.06248665 -8.09344196 -8.20401764 -8.28904438 -8.40990448 -8.49816895 -8.54614830 -8.58154678 -8.59769249 -8.59510422 -8.58549595 -8.54789066 -8.49144745 -8.42975903 -8.35330582 -8.21291065 -7.47171164 -5.81610870 -4.23368502 -2.43428063 -0.93328983 0.09060539 0.39366212 0.44740522 0.47058553 0.46876723
0.42749465 0.43035540 0.43097904 0.43343589 0.43257689 0.43445116 0.43380430 0.43757516 0.43758699 0.43574306 0.43378249 0.43262783 0.43164006 0.43027562 0.42770952 0.42443728 0.42276540 0.41800830 0.40873349 0.27457473 -0.28022608 -1.51871872 -2.80231118 -3.70459676 -4.68468714 -5.60281181 -6.58785772 -7.20980644 -7.71494293 -7.94077635 -8.04678535 -8.05462933 -8.07225609 -8.07670689 -8.17045593 -8.25650215 -8.38929272 -8.48571301 -8.53260422 -8.57410145 -8.59090805 -8.58824062 -8.57290173 -8.52092648 -8.45182323 -8.40036964 -8.31642151 -8.14438725 -7.34183645 -5.52141476 -3.86139441 -2.00184011 -0.65526849 0.33253810 0.47442266 0.46957180 0.49301529 0.49807963
0.42960587 0.43000463 0.43177456 0.43123344 0.43260363 0.43513447 0.43778214 0.43400159 0.43542975 0.43284154 0.43136629 0.43006513 0.42753488 0.42581305 0.42490605 0.42159021 0.41710645 0.41426969 0.38497871 0.04837088 -0.98315150 -2.49977660 -3.61618638 -4.75625372 -5.91864634 -6.80555582 -7.44328547 -7.73646545 -7.94746113 -8.04225063 -8.09775925 -8.06574535 -8.05980110 -8.05416870 -8.13579178 -8.23298073 -8.36374187 -8.47187424 -8.50964260 -8.55574417 -8.56785583 -8.56081772 -8.54026031 -8.48890305 -8.41696453 -8.35496712 -8.23923206 -7.98538589 -7.04354191 -5.07991648 -3.47931361 -1.76290429 -0.56990880 0.41495869 0.48607126 0.49055099 0.49628693 0.50145483
0.42296949 0.42394838 0.42716560 0.42681545 0.43257740 0.42942131 0.43267497 0.43210840 0.43075624 0.43092579 0.42711523 0.42361823 0.42167488 0.41832858 0.41953915 0.41675183 0.41365522 0.40705234 0.28510851 -0.37350768 -1.81835806 -3.23559213 -4.44025517 -5.84189224 -6.84120464 -7.49966669 -7.78220320 -7.91659451 -8.02542591 -8.10173035 -8.14426613 -8.11050510 -8.08518696 -8.09119225 -8.16753101 -8.26063347 -8.37887955 -8.48129654 -8.51788044 -8.55805969 -8.56607342 -8.55549526 -8.52771664 -8.48259258 -8.39514923 -8.28714943 -8.14944458 -7.76549196 -6.59644890 -4.56699276 -3.08298469 -1.52710521 -0.40492618 0.41621464 0.48151547 0.49194741 0.49958435 0.50183809
0.42188296 0.42268112 0.42421365 0.42413768 0.42649782 0.42699477 0.42624456 0.42905861 0.42737752 0.42714754 0.42443377 0.42172158 0.41791919 0.41664439 0.41062647 0.41011292 0.40643835 0.38666719 0.07882975 -0.96732295 -2.64926457 -3.94457293 -5.40698576 -6.62845755 -7.44163847 -7.78736734 -7.89249802 -7.95862818 -8.06200314 -8.13564491 -8.17886066 -8.15348339 -8.13439655 -8.14648724 -8.21034622 -8.28804302 -8.39762783 -8.49493504 -8.52806473 -8.56376839 -8.57208443 -8.56150341 -8.53360462 -8.48770428 -8.39793682 -8.28390694 -8.09615612 -7.49138594 -6.02534628 -4.13280821 -2.72082782 -1.26778638 -0.22602570 0.39685065 0.47656831 0.48646706 0.49393460 0.50013065
0.41707093 0.41765961 0.41846704 0.42107037 0.41982427 0.42423663 0.42353520 0.42461261 0.42338639 0.42111686 0.42073122 0.41893977 0.41416034 0.41063088 0.40515348 0.40378979 0.40146333 0.34996119 -0.18643418 -1.65054524 -3.21441197 -4.65216017 -6.05719852 -7.14434481 -7.76297092 -7.88182974 -7.92100430 -7.96003532 -8.06583691 -8.13342381 -8.17652607 -8.16827774 -8.15828514 -8.16556931 -8.22095108 -8.28896904 -8.39989376 -8.49898434 -8.53268814 -8.55870628 -8.56492138 -8.55554390 -8.52699089 -8.48225880 -8.39267159 -8.28603268 -8.02080441 -7.12548304 -5.43987560 -3.72057724 -2.28292847 -0.85768902 -0.06393068 0.39464873 0.47484237 0.48408109 0.49384746 0.49744126
0.41333890 0.41788676 0.41278717 0.41567731 0.41857994 0.41754153 0.41851640 0.41702795 0.41674101 0.41797292 0.41618767 0.41308516 0.40951392 0.40675634 0.40246141 0.39717618 0.39425436 0.24633351 -0.60513139 -2.33531904 -3.71416879 -5.25089312 -6.56681871 -7.53852415 -7.90367413 -7.94795465 -7.96935415 -7.98871183 -8.06942940 -8.13638020 -8.18134689 -8.17830276 -8.18508339 -8.19131088 -8.25357246 -8.32250881 -8.43114567 -8.50606060 -8.53995323 -8.55774307 -8.55430317 -8.54732990 -8.51738358 -8.47589684 -8.39134502 -8.26908302 -7.88548565 -6.71770477 -4.90539217 -3.34636283 -1.85780382 -0.54894108 0.12306060 0.43075109 0.47418013 0.48080915 0.49035209 0.49418175
0.40966892 0.41141620 0.41334772 0.41170296 0.41523817 0.41461220 0.41414797 0.41565767 0.41390130 0.41382930 0.41060948 0.41064429 0.40851790 0.40289915 0.40116009 0.39382398 0.37384284 0.03783854 -1.18880546 -2.89506865 -4.32135391 -5.78812647 -7.03678370 -7.83503294 -8.03086567 -8.06559944 -8.07458687 -8.06541061 -8.08616638 -8.15185928 -8.21328926 -8.22102928 -8.25113678 -8.26931953 -8.32568264 -8.39982319 -8.48944092 -8.53842926 -8.56887150 -8.58219719 -8.58021355 -8.57250595 -8.53836060 -8.49499798 -8.41064930 -8.25963593 -7.74445009 -6.34247494 -4.53740358 -2.97512817 -1.40592372 -0.32908523 0.29522938 0.45406345 0.47068265 0.48087916 0.48565876 0.49208578
0.41001514 0.40563706 0.41077602 0.40840876 0.41048419 0.41290316 0.41128322 0.41251558 0.41011548 0.40958387 0.40882289 0.40544489 0.40405139 0.39901850 0.39553165 0.39476997 0.34596950 -0.20900574 -1.79731095 -3.30218458 -4.94585466 -6.25513506 -7.42873287 -7.96922731 -8.10199642 -8.14947605 -8.14568806 -8.12912178 -8.11740875 -8.15933514 -8.20416737 -8.24075794 -8.28630924 -8.31365395 -8.35947418 -8.42889404 -8.51673031 -8.54596233 -8.57500458 -8.58343220 -8.58253765 -8.56811810 -8.53702259 -8.49161434 -8.40829182 -8.24851608 -7.60004759 -6.00262499 -4.22119999 -2.59084511 -1.02961731 -0.10013964 0.39189833 0.46222788 0.46956384 0.47909185 0.48534596 0.48950773
0.41114646 0.40431219 0.40480423 0.40789777 0.40680858 0.40766823 0.40982750 0.40770400 0.40890092 0.40680605 0.40557501 0.40306714 0.40002465 0.39598849 0.39067754 0.38469186 0.22719744 -0.65952146 -2.43939948 -3.79126549 -5.41607523 -6.59258986 -7.67662096 -8.00951004 -8.14684296 -8.21851540 -8.20395184 -8.19730091 -8.16810608 -8.18361855 -8.19920158 -8.24682903 -8.29862309 -8.33242989 -8.38169289 -8.44875908 -8.52607155 -8.54890919 -8.57423973 -8.57967854 -8.57058239 -8.55426121 -8.53120708 -8.49343491 -8.41304970 -8.24627781 -7.48728704 -5.73472500 -4.04359818 -2.31840348 -0.87645316 0.11962847 0.43620178 0.46260425 0.47157469 0.47773772 0.48249429 0.48854077
0.40189812 0.40616965 0.40270627 0.40442657 0.40487671 0.40354618 0.40664873 0.40625030 0.40537396 0.40440321 0.40248370 0.39829072 0.39292869 0.39041698 0.39255852 0.35382277 -0.05779595 -1.34812534 -3.03998756 -4.42272329 -5.89358044 -6.99839306 -7.83324671 -8.05213547 -8.18852425 -8.27610397 -8.27822304 -8.27230740 -8.23912907 -8.20814514 -8.20787525 -8.23883533 -8.29295349 -8.34555149 -8.39242840 -8.46299934 -8.52385521 -8.54009533 -8.56377792 -8.56897545 -8.55523396 -8.54677486 -8.52465916 -8.49128342 -8.41850567 -8.22785664 -7.42169666 -5.64482212 -4.03451586 -2.19060421 -0.87135756 0.19584189 0.44269305 0.45995167 0.46658713 0.47275823 0.48072615 0.48545486
0.39908987 0.40114632 0.40100628 0.39987200 0.40133834 0.40172708 0.40062562 0.40235803 0.40172312 0.39984372 0.39840284 0.39398816 0.38949469 0.38604778 0.36832061 0.14692247 -0.63980031 -2.32172060 -3.64397740 -5.10077000 -6.29478693 -7.33152819 -7.91102457 -8.07170391 -8.19583797 -8.28315353 -8.29941750 -8.28524494 -8.24081230 -8.17895889 -8.17909908 -8.20975876 -8.27276134 -8.34458351 -8.38983154 -8.45685482 -8.49613285 -8.51547527 -8.53566265 -8.53856754 -8.52317047 -8.51669312 -8.49519920 -8.46410656 -8.39660740 -8.19222641 -7.43479919 -5.79708385 -4.25278950 -2.20597172 -0.95804083 0.19681913 0.42703223 0.46015039 0.46865132 0.47288361 0.48061463 0.48179391
0.39715272 0.39661980 0.39752111 0.39869961 0.39774883 0.39894152 0.39880800 0.39861974 0.39784974 0.39467171 0.39223716 0.38844734 0.38387281 0.38298643 0.32484996 -0.15063779 -1.45788419 -3.07009292 -4.13526392 -5.69814062 -6.67880774 -7.58718586 -7.94361973 -8.08485985 -8.19690704 -8.28289032 -8.30694962 -8.28515816 -8.22953320 -8.15045166 -8.14329433 -8.18509960 -8.24786568 -8.33386517 -8.38651085 -8.45781612 -8.48498344 -8.50324345 -8.50856590 -8.51091576 -8.49988842 -8.48965168 -8.47380161 -8.44750786 -8.38117886 -8.21139240 -7.55569410 -6.04411697 -4.55819607 -2.36273170 -1.05281889 0.17370959 0.41634262 0.45865878 0.46507916 0.47007689 0.47668731 0.48345730
0.39069676 0.39383498 0.39403006 0.39382467 0.39559853 0.39582267 0.39429662 0.39393175 0.39421120 0.39000958 0.38731638 0.38538423 0.38044497 0.37560338 0.18674092 -0.66399711 -2.27035308 -3.57052803 -4.84785414 -6.25104809 -7.15722942 -7.80700779 -7.99527597 -8.13272476 -8.23277950 -8.30992603 -8.33036804 -8.29798698 -8.23352909 -8.14318848 -8.12708950 -8.17817783 -8.25230122 -8.34803295 -8.41234875 -8.47545338 -8.49374485 -8.50539970 -8.50005627 -8.50306034 -8.49377441 -8.48249435 -8.47471905 -8.45013142 -8.38835239 -8.27725220 -7.74042559 -6.33560276 -4.91322422 -2.74566436 -1.18349588 0.05704176 0.40729064 0.44988754 0.46155247 0.46856597 0.47464460 0.47862297
0.39185280 0.38999662 0.39203617 0.39293376 0.39444250 0.39283162 0.39226741 0.39163643 0.38747889 0.38818544 0.38388258 0.38073415 0.37715575 0.35492596 -0.01040618 -1.24178469 -2.88312221 -4.20005751 -5.60080767 -6.83864117 -7.57243872 -7.89553738 -8.02984142 -8.15658855 -8.25010872 -8.31793880 -8.33512497 -8.30392265 -8.22553730 -8.13293266 -8.11125755 -8.14921570 -8.22801495 -8.33948994 -8.41424847 -8.46573353 -8.48067665 -8.49148941 -8.48715115 -8.48655415 -8.47570992 -8.46989632 -8.46150684 -8.44021988 -8.37986279 -8.28427410 -7.86354065 -6.60729027 -5.18158102 -3.13370585 -1.34867883 -0.13480011 0.42721957 0.44736618 0.45829073 0.46402603 0.47074723 0.47757861
0.38882437 0.38929886 0.39020765 0.39059138 0.39102760 0.39105296 0.38899970 0.38911611 0.38505593 0.38405514 0.37926310 0.37543920 0.37447533 0.33973369 -0.24360327 -1.81437695 -3.28269291 -4.92199373 -6.13844538 -7.29767275 -7.75609112 -7.92733812 -8.05580807 -8.17774868 -8.26719093 -8.31914425 -8.33678532 -8.30737591 -8.21973896 -8.12996101 -8.09846020 -8.11833858 -8.19934177 -8.32332039 -8.40836716 -8.45584774 -8.47606182 -8.48709488 -8.48138523 -8.46699333 -8.45750523 -8.45065117 -8.43872356 -8.41886044 -8.34681129 -8.23515034 -7.96582651 -6.87193680 -5.31720686 -3.47902679 -1.61120021 -0.37210244 0.46731323 0.44395235 0.45613328 0.46197948 0.47179025 0.47635755
0.38724563 0.38693005 0.38818777 0.39011163 0.39131308 0.39315724 0.38759899 0.38672537 0.38276026 0.37806022 0.37759393 0.37451965 0.36973792 0.32268462 -0.43361458 -2.13070655 -3.62942505 -5.29244709 -6.46279764 -7.58392286 -7.81369925 -7.96667576 -8.09699440 -8.22110081 -8.30273819 -8.34895134 -8.36811829 -8.33833790 -8.25673866 -8.16548347 -8.11697960 -8.12141991 -8.20332432 -8.32250977 -8.42691326 -8.47651768 -8.49712086 -8.50133801 -8.48939133 -8.47671700 -8.46905041 -8.45893860 -8.44800663 -8.42201900 -8.34338570 -8.21256828 -8.02663326 -7.03166008 -5.25984192 -3.61293221 -1.72110033 -0.50398958 0.48107842 0.44583541 0.45418122 0.46051317 0.46676907 0.47424775
0.38289428 0.38457263 0.38677824 0.38844851 0.38718319 0.38704151 0.38765579 0.38117799 0.38235936 0.37589511 0.37285060 0.36914510 0.36957812 0.30101770 -0.62915850 -2.31528568 -4.00253439 -5.49221516 -6.77088594 -7.69032907 -7.83252144 -7.98121738 -8.11155987 -8.23962784 -8.31616974 -8.36370468 -8.38069630 -8.35571671 -8.28291321 -8.19429874 -8.14429951 -8.15307236 -8.22179127 -8.32962990 -8.42905331 -8.47983360 -8.50498104 -8.50261688 -8.48900127 -8.48593807 -8.46562290 -8.46851730 -8.45474720 -8.42611313 -8.33445358 -8.20211887 -7.99537039 -6.97485828 -5.07085085 -3.55486774 -1.72290206 -0.57544374 0.45765081 0.44928023 0.45264035 0.45990121 0.46746731 0.47304645
0.38291448 0.38325822 0.38464883 0.38449612 0.38779876 0.38418987 0.38489619 0.38210928 0.37912911 0.37474841 0.37403864 0.37030402 0.36761340 0.29058033 -0.79337597 -2.45213819 -4.30632162 -5.60633039 -7.00538731 -7.72309303 -7.85120916 -7.98728228 -8.11507893 -8.23697853 -8.31462193 -8.36138725 -8.37988281 -8.36624336 -8.29819775 -8.23462105 -8.17671776 -8.18575764 -8.22638321 -8.31907368 -8.40350723 -8.45367336 -8.48369503 -8.48626518 -8.47258568 -8.47630787 -8.46280003 -8.47130394 -8.45309258 -8.41221714 -8.30428314 -8.17185974 -7.84426165 -6.76052094 -4.81858778 -3.38731027 -1.61225295 -0.54233575 0.39540014 0.44751114 0.44958761 0.45862535 0.46559283 0.47200301
0.37732437 0.37983859 0.38032761 0.38231105 0.38317010 0.38275447 0.38083553 0.37821376 0.37584755 0.37134671 0.36846420 0.36560750 0.36542118 0.25393566 -0.94683778 -2.63738704 -4.50968456 -5.66893530 -7.17360878 -7.75984192 -7.86889553 -7.99536562 -8.11746788 -8.23110580 -8.31674290 -8.36679649 -8.38655663 -8.37701893 -8.31963825 -8.25820446 -8.19584370 -8.18425274 -8.20220852 -8.28254795 -8.35653210 -8.40839386 -8.44016647 -8.44792366 -8.45061398 -8.45940685 -8.46415043 -8.46230984 -8.44605827 -8.38112354 -8.26860332 -8.12547016 -7.69903278 -6.48953867 -4.73863173 -3.25720382 -1.50849295 -0.48335347 0.36144850 0.44003856 0.44854665 0.45454726 0.46152633 0.47045404
0.37676671 0.37804002 0.37786698 0.38027483 0.37869012 0.38195726 0.37999204 0.37682605 0.37425271 0.37113598 0.36700925 0.36841059 0.35927036 0.18347012 -1.12579608 -2.80388546 -4.65165281 -5.75650740 -7.28613853 -7.78404951 -7.87499189 -7.98640680 -8.09305000 -8.20238113 -8.29125214 -8.34544754 -8.37180328 -8.36584377 -8.31940079 -8.23810101 -8.17641068 -8.15209770 -8.16823006 -8.23268890 -8.30258942 -8.35770321 -8.39301682 -8.41066170 -8.41482830 -8.43147659 -8.44605541 -8.44010353 -8.41759491 -8.33617592 -8.22431755 -8.07212734 -7.62069273 -6.29331350 -4.67773485 -3.08043957 -1.31827021 -0.39351141 0.37526980 0.44147331 0.44961125 0.45646819 0.46276608 0.46941185
0.37449244 0.37512520 0.37521103 0.37805739 0.37916148 0.38112640 0.37884480 0.37877029 0.37436378 0.37246749 0.36683148 0.36186132 0.35412988 0.11374372 -1.29145074 -2.88869882 -4.78914547 -5.86797857 -7.41209269 -7.82574034 -7.90075159 -8.00085258 -8.09016705 -8.19209862 -8.27200127 -8.32554626 -8.35658741 -8.35191345 -8.31459522 -8.24443817 -8.17888737 -8.14844418 -8.16159344 -8.21799183 -8.28415966 -8.32712841 -8.36626244 -8.38407326 -8.39207077 -8.42259502 -8.44531727 -8.44235802 -8.40889931 -8.32088184 -8.19949245 -8.05355644 -7.61074924 -6.17168856 -4.66474295 -2.94568229 -1.25373721 -0.27009904 0.40681162 0.44464380 0.45406321 0.45831504 0.46534684 0.47068930
0.37074539 0.37204689 0.37291551 0.37415510 0.37397382 0.37549686 0.37803748 0.37618369 0.37464213 0.36905330 0.36627769 0.36258864 0.34833947 0.08626585 -1.38041937 -2.93597007 -4.92760563 -5.97959089 -7.54124451 -7.86889362 -7.93756628 -8.01112938 -8.08207035 -8.16336060 -8.23807240 -8.29350376 -8.32034969 -8.32460690 -8.29563999 -8.24205112 -8.17236614 -8.14156532 -8.14329529 -8.18699741 -8.24686146 -8.29071522 -8.32542610 -8.34623718 -8.37185574 -8.40851402 -8.43419456 -8.43157768 -8.38290119 -8.29047871 -8.16618443 -8.03079796 -7.59772062 -6.09937954 -4.58758593 -2.82568049 -1.23825240 -0.18772587 0.42162660 0.44509500 0.45497558 0.45876247 0.46418634 0.47262582
0.36594895 0.36778605 0.36894414 0.36667782 0.37143335 0.37001675 0.37242514 0.37130228 0.36948210 0.36718491 0.36384702 0.35661155 0.34772885 0.10857123 -1.33587301 -2.89210200 -4.90816879 -6.01815605 -7.57492924 -7.87655544 -7.93351460 -7.98381758 -8.04192638 -8.10410500 -8.16673088 -8.21532345 -8.24368668 -8.25607777 -8.23231316 -8.17785740 -8.10752010 -8.06418419 -8.05384445 -8.09046268 -8.15284157 -8.20790386 -8.24449348 -8.27360535 -8.30826187 -8.35212326 -8.37497997 -8.36438656 -8.30515194 -8.21323109 -8.08436489 -7.96620083 -7.54975224 -5.96530628 -4.48197222 -2.70844483 -1.16845846 -0.10813846 0.43712687 0.44722864 0.45298511 0.45883998 0.46259803 0.46904933
0.36232522 0.36078367 0.36506012 0.36279455 0.36291215 0.36381060 0.36491063 0.36594555 0.36630309 0.36065972 0.35698336 0.35291499 0.34170869 0.16865170 -1.16988909 -2.66916084 -4.68658781 -5.94900560 -7.46675539 -7.88174820 -7.94330263 -7.98365211 -8.02672291 -8.08099461 -8.12490273 -8.16372776 -8.18135929 -8.19820118 -8.17808819 -8.12806320 -8.06392765 -8.01641750 -8.01709747 -8.04958248 -8.10033417 -8.16357899 -8.20202923 -8.22918797 -8.26019382 -8.31277657 -8.33124638 -8.31913471 -8.25571251 -8.15573120 -8.03552246 -7.91001654 -7.44310093 -5.72826862 -4.23685551 -2.50271320 -1.02076352 0.02317996 0.44556007 0.44590655 0.45123637 0.45760572 0.46096316 0.46571508
0.35468051 0.35456264 0.35499555 0.35694316 0.35632822 0.35805237 0.35939330 0.36016244 0.35791686 0.35655800 0.35222363 0.34674206 0.33684623 0.23572087 -0.90433842 -2.32780957 -4.36825943 -5.78474522 -7.30149794 -7.89560699 -7.99883127 -8.03831577 -8.06448936 -8.09590626 -8.12757015 -8.14830494 -8.16122532 -8.16990948 -8.15108490 -8.10448837 -8.05418015 -8.02287674 -8.01826000 -8.05397701 -8.10020733 -8.15513802 -8.19406986 -8.22647381 -8.25269318 -8.29732704 -8.32401085 -8.30260563 -8.24595642 -8.16061592 -8.02925301 -7.88735580 -7.23047066 -5.36302280 -3.93221736 -2.34031463 -0.98911238 0.09461246 0.44620723 0.44368806 0.44865316 0.45412549 0.46088359 0.46375611
0.31118274 0.29641634 0.30889970 0.32862315 0.33575770 0.33904350 0.35054228 0.34533516 0.33041459 0.29925671 0.24503541 0.20037961 0.18136261 0.12529989 -0.65776145 -1.90949297 -3.86851215 -5.37495232 -6.98887634 -7.77003241 -8.01869869 -8.06237793 -8.08306313 -8.10190105 -8.12239552 -8.13364697 -8.14038944 -8.13998985 -8.12554646 -8.08358002 -8.04324722 -8.00894356 -7.99224901 -8.01635265 -8.06401253 -8.11981964 -8.16415977 -8.20682049 -8.23976517 -8.27367973 -8.29157162 -8.27310276 -8.22205162 -8.13925743 -8.00337791 -7.78212261 -6.87111235 -4.95730019 -3.58585858 -2.01694012 -0.83533442 0.11650205 0.43523416 0.44216159 0.44773510 0.45371720 0.45864338 0.46410212
-0.11089561 -0.25270641 -0.31357718 -0.17561521 0.07583420 0.21793492 0.22299996 0.07090744 -0.16194287 -0.43016097 -0.68993467 -0.81248957 -0.84806126 -0.85912961 -1.21940541 -2.22233438 -3.70992756 -5.10794306 -6.59976959 -7.52140331 -7.93204355 -8.03585815 -8.06237411 -8.08901787 -8.10033035 -8.11111355 -8.11024570 -8.10623932 -8.08779049 -8.04964066 -7.99487066 -7.94980431 -7.92665243 -7.94038439 -7.98760176 -8.04280567 -8.09301281 -8.13887405 -8.17792416 -8.20633125 -8.22644138 -8.19915771 -8.15811729 -8.07551575 -7.95789814 -7.56496668 -6.33952522 -4.57457542 -3.19571233 -1.55430877 -0.57623374 0.20531988 0.43430620 0.44595355 0.44912192 0.45337835 0.46039242 0.46530998
-1.15556657 -1.38544476 -1.35177982 -1.00652981 -0.67245245 -0.69512880 -0.84687763 -1.15591371 -1.52593887 -1.88748074 -2.14388990 -2.28072262 -2.29036427 -2.24135232 -2.31895924 -2.97741723 -3.90271831 -5.16824245 -6.43107796 -7.49200296 -7.89685011 -8.06029129 -8.09742546 -8.12344265 -8.13013840 -8.13496780 -8.13410187 -8.13455963 -8.11627197 -8.08447933 -8.02988815 -7.96852636 -7.93191671 -7.94082785 -7.98075819 -8.02375793 -8.08680058 -8.12766933 -8.16609001 -8.19183540 -8.20380211 -8.16957664 -8.13684654 -8.07724094 -7.96231508 -7.39763832 -5.86128616 -4.22242880 -2.82749343 -1.14580595 -0.31438461 0.32655546 0.43565413 0.44299230 0.44928101 0.45425346 0.45966363 0.46512818
-2.44583011 -2.73042536 -2.61862254 -2.14269018 -1.96197259 -2.08986521 -2.33773685 -2.69088960 -3.08811879 -3.31138778 -3.38827157 -3.51348853 -3.56607747 -3.52664208 -3.50622177 -3.76315618 -4.32193184 -5.26206923 -6.29166079 -7.50132132 -7.93409729 -8.07439423 -8.10052872 -8.11480427 -8.12622929 -8.13225555 -8.13495350 -8.13197994 -8.11787128 -8.09580326 -8.04141712 -7.96869802 -7.94395828 -7.94038582 -7.97493315 -8.01986980 -8.08679199 -8.12491417 -8.15834999 -8.17652321 -8.18191051 -8.14955330 -8.10856819 -8.06403446 -7.92210627 -7.16834545 -5.41380453 -3.85717511 -2.36550641 -0.95041436 -0.10293753 0.39928174 0.44045830 0.44196686 0.44756064 0.45358172 0.45855024 0.46403319
-3.16782999 -3.66707325 -3.79431844 -3.59102798 -3.44668651 -3.39240026 -3.56180167 -3.72898197 -3.95701933 -4.14703941 -4.35967541 -4.53649092 -4.72515678 -4.73990202 -4.69113207 -4.70632696 -5.04846334 -5.55991840 -6.25420332 -7.07074070 -7.83497667 -8.01372623 -8.03691673 -8.06259441 -8.07867622 -8.08839321 -8.08309174 -8.08687878 -8.07427025 -8.05298233 -8.00457764 -7.93978262 -7.92142916 -7.92063665 -7.94024420 -7.98622417 -8.05197525 -8.09325886 -8.12388992 -8.13549805 -8.13432121 -8.09826756 -8.04896545 -7.99558258 -7.65624571 -6.63093519 -4.76269913 -3.35795426 -1.77129948 -0.67610586 0.10120659 0.42473784 0.43847558 0.44237012 0.44911310 0.45363912 0.45827177 0.46391594
-4.17808199 -5.12637663 -5.52492237 -5.37936735 -4.93245029 -4.61274767 -4.48220730 -4.77140474 -5.26836967 -5.77525711 -6.22986364 -6.45500851 -6.65565586 -6.66964245 -6.56883717 -6.35295248 -6.36723375 -6.42245436 -6.67229939 -6.99708509 -7.61071110 -7.90728045 -7.94610071 -7.97628212 -7.99638462 -8.01016903 -8.00455666 -8.00450420 -7.99007559 -7.97042227 -7.92953730 -7.88605118 -7.87733650 -7.87014341 -7.87775612 -7.92690420 -7.97731400 -8.02880478 -8.05520916 -8.07145691 -8.06160545 -8.02177429 -7.95857191 -7.73623180 -7.02758312 -5.60378838 -3.93763590 -2.75092697 -1.18096220 -0.38048545 0.29733783 0.42897311 0.43722057 0.44747797 0.44916874 0.45333594 0.45601895 0.46260694
-5.07220030 -6.22520065 -6.84961796 -6.66757727 -6.40567112 -6.21297598 -6.20940828 -6.46567631 -6.80258131 -7.10040903 -7.28683043 -7.35099840 -7.45154142 -7.50093937 -7.51377678 -7.39996624 -7.31711006 -7.25141573 -7.28092051 -7.40387201 -7.53836393 -7.79695272 -7.82902718 -7.86186314 -7.88060331 -7.89543676 -7.89911652 -7.88485241 -7.87405300 -7.86069298 -7.84062719 -7.81706715 -7.80521393 -7.81802464 -7.82465410 -7.87100315 -7.91146231 -7.96064806 -7.97810411 -7.98398209 -7.95117855 -7.90201998 -7.76105452 -7.29277802 -6.36713362 -4.88584089 -3.42951989 -2.28369021 -0.81282252 -0.22367015 0.37561175 0.43407887 0.43848330 0.44451299 0.44839987 0.45243940 0.45751235 0.46457890
-5.01370573 -6.32714558 -7.10199022 -7.24330235 -7.24922085 -7.21396589 -7.27221012 -7.19822073 -7.10405254 -6.95262003 -6.79445744 -6.66974545 -6.61155081 -6.64315844 -6.77200556 -6.84131718 -6.97455740 -7.07296658 -7.15062189 -7.27838516 -7.33503389 -7.46824646 -7.52904892 -7.56945896 -7.60686684 -7.65364122 -7.68747473 -7.70164919 -7.71305895 -7.73643541 -7.75481701 -7.75685120 -7.75561857 -7.78570700 -7.80633640 -7.85528708 -7.88781404 -7.91317797 -7.92057276 -7.92144156 -7.88400888 -7.83468819 -7.60279417 -7.07037258 -6.03610468 -4.54161215 -3.14280653 -1.90274096 -0.60571021 -0.05817460 0.39173681 0.43196684 0.43784881 0.44465664 0.44994998 0.45175982 0.45468509 0.45926297
-4.27168274 -5.75950623 -6.49130344 -6.84641218 -6.99974585 -7.00957155 -6.87341928 -6.50455379 -6.05187941 -5.66174412 -5.39350843 -5.27216578 -5.21476698 -5.24033689 -5.31304646 -5.41196346 -5.54667187 -5.68504572 -5.80160284 -5.92781401 -6.03510475 -6.11942816 -6.15937233 -6.21989870 -6.29281712 -6.36804724 -6.40650702 -6.47486877 -6.53749561 -6.62641954 -6.72032595 -6.88965464 -7.04011726 -7.15711975 -7.18591642 -7.20568514 -7.19482613 -7.20208693 -7.25173092 -7.33193064 -7.38249445 -7.38621283 -7.23808479 -6.72504139 -5.68988466 -4.17000437 -2.54750037 -1.24197459 -0.31392950 0.07788773 0.28063601 0.30799422 0.32017028 0.33064872 0.34133735 0.35268760 0.36216116 0.37831017
-3.23352671 -4.61825609 -5.42677450 -5.67245531 -5.76687098 -5.66730881 -5.29150772 -4.78575087 -4.43259096 -4.12485313 -3.85331511 -3.75045681 -3.75305438 -3.79693723 -3.85441113 -3.96030021 -4.08324718 -4.16307068 -4.25321627 -4.36231375 -4.41212273 -4.45329571 -4.46927357 -4.48714876 -4.54664230 -4.60568380 -4.65888166 -4.71025991 -4.79625082 -4.90540028 -5.09887075 -5.36047268 -5.54590321 -5.65254259 -5.64430952 -5.65319204 -5.68619490 -5.71499395 -5.80023718 -5.92349100 -5.99639225 -6.02673340 -5.95531368 -5.35989046 -4.35656071 -3.14829493 -1.58788395 -0.55306518 0.18967476 0.33693326 0.33434761 0.31222510 0.29012227 0.27054036 0.22041559 0.15786637 0.10904079 0.11732879
