-0.82963282 -0.76053548 -0.77807999 -0.76504964 -0.60613877 -0.52731103 -0.63801664 -0.57903981 -0.79081446 -0.80295616 -0.78046262 -0.81239522 -0.84623593 -0.77630436 -0.74019283 -0.80318916 -0.85057503 -0.89079803 -0.93390721 -0.94191474 -0.95993763 -0.96248668 -0.97003180 -0.97710854 -0.98173732 -0.98091871 -0.97823721 -0.97691411 -0.97765309 -0.97871727 -0.97922307 -0.97690278 -0.97279161 -0.96712703 -0.95951253 -0.95399493 -0.94927627 -0.94755131 -0.93582124 -0.98376769 -1.49852133 -2.19437122 -2.97896266 -3.10289097 -2.97158861 -2.48041344 -2.14744663 -1.83055353 -1.50629854 -1.40367675 -1.46561027 -1.59308362 -1.90057254 -2.33726072 -2.66890049 -2.70699096 -1.95764327 -1.21901464
-0.84824264 -0.75356287 -0.70100391 -0.55439425 -0.46253896 -0.51682013 -0.52469361 -0.55605984 -0.66927034 -0.61940163 -0.66433227 -0.81372917 -0.63767177 -0.58471799 -0.74612933 -0.70369858 -0.75797838 -0.84560794 -0.84603077 -0.90723783 -0.95790619 -0.96335572 -0.96925455 -0.97420830 -0.97442812 -0.97191018 -0.97251385 -0.97506803 -0.97457188 -0.97329980 -0.97297114 -0.97027785 -0.96411663 -0.96063787 -0.95444733 -0.94813854 -0.94428831 -0.93888324 -0.93268293 -1.15257859 -1.80988812 -2.68892384 -3.36628580 -3.60171509 -3.30163741 -2.82292962 -2.52305722 -2.57182741 -2.40074396 -2.32695913 -2.31884098 -2.43081832 -2.71754289 -3.04431486 -3.20769477 -3.10750961 -2.09729767 -1.02006793
-0.86347133 -0.74388635 -0.61513883 -0.43710488 -0.54247469 -0.51981753 -0.61367667 -0.42628574 -0.53341782 -0.55924892 -0.53566033 -0.51613176 -0.43408102 -0.39368337 -0.54454154 -0.47580624 -0.51525235 -0.60619968 -0.73269010 -0.80523515 -0.95860046 -0.96116382 -0.96690089 -0.96937877 -0.97026616 -0.97098094 -0.96660691 -0.96805876 -0.96735972 -0.96494812 -0.96316546 -0.96227044 -0.95885521 -0.95266622 -0.94375342 -0.93903786 -0.93148261 -0.91557735 -1.03677559 -1.50727201 -2.36897278 -3.33192682 -3.62785172 -3.77405477 -3.69059300 -3.32048941 -2.96719313 -2.87430763 -2.95813513 -2.97949171 -2.96885109 -3.00476980 -3.20944691 -3.51599336 -3.74100423 -3.34403801 -1.95998907 -0.78153294
-0.85839516 -0.84445482 -0.52417529 -0.42576581 -0.74233258 -0.44453245 -0.44589794 -0.21997637 -0.55206245 -0.56936204 -0.42192501 -0.27606907 -0.32188210 -0.45555109 -0.30511266 -0.31344980 -0.23302865 -0.50816077 -0.73592001 -0.76456881 -0.96151179 -0.96396452 -0.96663326 -0.96779448 -0.96598858 -0.96430975 -0.96348757 -0.96212941 -0.96216565 -0.95914727 -0.95464772 -0.95352882 -0.94759327 -0.94082850 -0.93519312 -0.92800230 -0.91985065 -0.90535825 -1.29722261 -1.98156667 -3.01627707 -3.74170089 -3.76299834 -3.94629216 -3.91473460 -3.77710199 -3.49485254 -3.27869391 -3.21481085 -3.30120826 -3.31921911 -3.42932248 -3.62903285 -3.88302541 -3.82283735 -3.06816268 -1.78294373 -0.56783098
-0.83277828 -1.02054644 -0.85968393 -0.85496777 -0.81996447 -0.58614665 -0.46278435 -0.27704906 -0.58275747 -0.37857360 -0.30290642 -0.30484822 -0.49637181 -0.25067359 -0.30410510 -0.43341124 -0.30641463 -0.56079155 -0.84826988 -0.83184093 -0.96557587 -0.96877187 -0.96999460 -0.97126287 -0.96658868 -0.96241075 -0.96104676 -0.95921832 -0.95719451 -0.95504743 -0.95183569 -0.94633454 -0.93921465 -0.93368942 -0.92644030 -0.91826445 -0.91154867 -1.11012363 -1.69516397 -2.63170409 -3.54529524 -3.97724271 -3.99669957 -4.02812386 -4.10485744 -4.12386036 -4.01138926 -3.90173650 -3.79542446 -3.74592376 -3.73244834 -3.80121279 -3.94859576 -3.96563697 -3.69549513 -2.85681796 -1.55276418 -0.43184566
-0.91775411 -1.16343760 -0.94850534 -1.01855469 -0.75513345 -0.83934897 -0.86219054 -0.62300402 -0.76854938 -0.53077954 -0.70492536 -0.55961072 -0.63015985 -0.54308105 -0.54312134 -0.73361427 -0.62744081 -0.91921777 -0.89609891 -0.88797063 -0.96654302 -0.97235972 -0.97489864 -0.97240704 -0.97078294 -0.96623021 -0.95999581 -0.95510727 -0.95268220 -0.95000428 -0.94588727 -0.94067425 -0.93425852 -0.92676467 -0.90974408 -0.90237409 -0.99609309 -1.45578432 -2.33287978 -3.33403015 -4.07383776 -4.10718441 -4.05345249 -4.07355261 -4.20700836 -4.22175598 -4.21609688 -4.21920443 -4.17739296 -4.09549618 -4.02013445 -3.99179339 -3.99994874 -3.96188378 -3.71596551 -2.68086982 -1.38281751 -0.43549919
-0.93639141 -0.98867375 -0.99662131 -0.82885873 -0.73050308 -1.16434479 -0.96664697 -0.80780166 -0.94366735 -0.94678372 -0.83104640 -0.88007182 -0.86518639 -0.76489300 -1.00333905 -0.93189651 -0.87873214 -1.05329823 -0.86496073 -0.91144711 -0.97325414 -0.97704083 -0.97880059 -0.97797340 -0.97719890 -0.96917278 -0.96287805 -0.95838124 -0.95347124 -0.95239645 -0.94449228 -0.93578964 -0.92193443 -0.91258496 -0.88151020 -0.94980985 -1.32067585 -2.04218912 -2.93540931 -3.86964822 -4.26663256 -4.31004190 -4.14377832 -4.15060759 -4.25244856 -4.26974869 -4.25764656 -4.23803616 -4.18693733 -4.11267900 -4.03433752 -3.98093724 -3.99132085 -3.97879195 -3.71712017 -2.61553335 -1.31733179 -0.61881590
-0.99426419 -1.02063942 -1.02245593 -1.27269912 -1.19268560 -1.28771973 -1.22562075 -1.15371895 -1.12001705 -1.18467164 -1.03788853 -1.07779193 -1.09115839 -1.02768373 -1.27722859 -1.22876883 -1.09109044 -1.05692434 -0.95217866 -0.95582658 -0.97639138 -0.98176306 -0.98336071 -0.98261136 -0.97853881 -0.97105950 -0.96536416 -0.96169466 -0.95531470 -0.94981438 -0.93990964 -0.92614633 -0.91323227 -0.88112730 -1.06768322 -1.45957804 -2.04803061 -2.72044969 -3.53104162 -4.21978235 -4.40797091 -4.29276371 -4.21223927 -4.25617504 -4.29650784 -4.30887842 -4.21786594 -4.09787226 -4.00368452 -3.93539071 -3.96691728 -4.00307369 -4.02458620 -4.03488493 -3.76835918 -2.64108777 -1.27764344 -0.85873073
-0.90376419 -1.01610875 -1.11743426 -1.19787359 -1.18122959 -1.21015358 -1.14236856 -1.10751295 -1.13109040 -1.14683199 -1.05426145 -1.14191937 -1.08042097 -1.12420654 -1.24503183 -1.11568594 -1.10262752 -1.04382801 -0.94905216 -0.96471137 -0.97720343 -0.97966653 -0.98386270 -0.98135179 -0.97480816 -0.97257429 -0.96302253 -0.95553881 -0.95218605 -0.94637209 -0.93194801 -0.91772145 -1.02495265 -1.30430317 -1.81797647 -2.25022960 -2.85875058 -3.46904254 -4.06989336 -4.36929035 -4.33382177 -4.29248047 -4.27893162 -4.30979681 -4.31692028 -4.24537086 -3.87427545 -3.48506594 -3.45196128 -3.55737352 -3.77053332 -3.92513156 -3.91117406 -3.83501434 -3.57687640 -2.50802994 -1.13964200 -0.85332066
-0.90397137 -0.93051201 -0.95834857 -0.94071835 -0.95163113 -0.95128983 -0.93848616 -0.94694120 -0.96556991 -0.96980971 -0.96750170 -0.98014504 -0.97809368 -1.00194502 -0.99300474 -0.98772687 -0.98570186 -0.96133453 -0.96211272 -0.96579987 -0.97123212 -0.97339696 -0.97376674 -0.97255248 -0.96833044 -0.96380049 -0.95644909 -0.95204002 -0.94584233 -0.93385595 -0.91837269 -0.98936588 -1.38770270 -1.93596292 -2.56567621 -2.98036456 -3.38041902 -3.89032722 -4.27688026 -4.30333567 -4.29182529 -4.25121689 -4.27804041 -4.28908587 -4.29250669 -4.13001823 -3.54902744 -2.97222805 -3.07018423 -3.31654549 -3.66356397 -3.72001839 -3.62559152 -3.35538578 -3.17775750 -2.32137489 -1.05147624 -0.73149455
-0.89973301 -0.90507835 -0.91055840 -0.91665119 -0.92155856 -0.92623812 -0.93119448 -0.93196672 -0.93342143 -0.93836719 -0.94702715 -0.94975525 -0.95298260 -0.95720226 -0.95877749 -0.95912951 -0.95750636 -0.95627743 -0.95990795 -0.96360046 -0.96411496 -0.96690267 -0.96330911 -0.96353394 -0.96152526 -0.95474857 -0.95145601 -0.94398052 -0.93593961 -0.92080826 -0.90278429 -1.24697852 -1.85614300 -2.61355901 -3.08596182 -3.38921022 -3.86629128 -4.10451651 -4.23016787 -4.17039680 -4.18048239 -4.22681189 -4.24167013 -4.23999405 -4.22448254 -4.15432119 -3.63090849 -3.14551449 -3.36823750 -3.52881765 -3.55682015 -3.71496010 -3.48177075 -3.20162487 -3.12007380 -2.47534108 -1.19975567 -0.66367131
-0.90372664 -0.90940136 -0.91324824 -0.91823858 -0.92591804 -0.92948574 -0.93072361 -0.93357700 -0.93652600 -0.94037157 -0.94907194 -0.95359713 -0.95472366 -0.95732003 -0.95808941 -0.95704037 -0.95342547 -0.95284110 -0.95374662 -0.95666581 -0.95680290 -0.95782775 -0.95781237 -0.95542186 -0.95071810 -0.94588965 -0.94102079 -0.93302268 -0.92108971 -0.90906876 -1.09563589 -1.63374734 -2.44368625 -3.13544083 -3.61408925 -3.91384006 -4.06786919 -4.12685490 -4.10892582 -4.13450623 -4.20158386 -4.22446394 -4.23760700 -4.23318577 -4.24075079 -4.28964949 -3.86004615 -3.44182968 -3.71106243 -3.85719657 -3.85138869 -3.80618572 -3.64736795 -3.34342432 -3.34420991 -2.71366048 -1.19610167 -0.63546771
-0.91223043 -0.91525501 -0.92112654 -0.92502457 -0.92953044 -0.93271428 -0.93471819 -0.93692571 -0.94178516 -0.94513136 -0.95270818 -0.95555395 -0.95737225 -0.95671076 -0.95706910 -0.95836276 -0.95497328 -0.95217091 -0.95254678 -0.95297319 -0.95394641 -0.95066935 -0.95121020 -0.94929999 -0.94581825 -0.93948752 -0.93040127 -0.92510813 -0.91142231 -0.90559584 -1.31037092 -2.09661818 -3.05867934 -3.81439495 -4.05544901 -4.15427780 -4.14697742 -4.13919878 -4.19303131 -4.22103691 -4.26051044 -4.27498674 -4.28002501 -4.26953077 -4.35957718 -4.40886688 -3.94797015 -3.46594381 -3.73418546 -4.08917809 -4.12831879 -4.00000048 -3.90038753 -3.52286315 -3.46848202 -2.73501968 -1.30452394 -0.50635451
-0.91663474 -0.92032427 -0.92406338 -0.92994291 -0.93449038 -0.93636447 -0.94024378 -0.94038504 -0.94353169 -0.95064336 -0.95559818 -0.96048731 -0.95766383 -0.95971280 -0.96024376 -0.95585722 -0.95605940 -0.95023018 -0.94820195 -0.95124060 -0.95249420 -0.95020479 -0.94529408 -0.94236833 -0.93786353 -0.93157679 -0.92569250 -0.91022748 -0.90063983 -1.09148884 -1.69150615 -2.60306478 -3.62714744 -4.05626965 -4.20409918 -4.14959097 -4.12764883 -4.19475365 -4.23739004 -4.26106501 -4.28549623 -4.30414677 -4.30349350 -4.28444099 -4.32377768 -4.31757975 -3.98135448 -3.67322230 -3.78021193 -4.08621979 -4.09263802 -4.05903244 -3.83745337 -3.43162274 -3.30771995 -2.41203141 -1.21305394 -0.34572929
-0.92083102 -0.92515880 -0.93037552 -0.93274599 -0.93802458 -0.94188005 -0.94241983 -0.94505244 -0.94862467 -0.95753473 -0.96245652 -0.96417218 -0.96665770 -0.96479601 -0.96506542 -0.96128589 -0.95246953 -0.95057267 -0.95197397 -0.95071703 -0.95039386 -0.94872874 -0.94354194 -0.93756920 -0.93064862 -0.92271918 -0.90699059 -0.89511329 -0.89018387 -1.30351877 -2.12267876 -3.26592731 -4.02326727 -4.13324308 -4.18541336 -4.16124582 -4.20302153 -4.24079370 -4.27424335 -4.29658842 -4.30944633 -4.32686758 -4.32824898 -4.30835724 -4.26825285 -4.22763920 -4.16310120 -4.03360796 -4.04222584 -4.11801720 -4.08046293 -4.02748060 -3.85025883 -3.57804608 -3.17175627 -2.07366848 -0.93188375 -0.28460765
-0.92599112 -0.92734927 -0.93328482 -0.93855089 -0.94193321 -0.94639820 -0.94743615 -0.94915015 -0.95370597 -0.95952719 -0.96323413 -0.96798831 -0.96731013 -0.96795076 -0.96637756 -0.95907575 -0.95263058 -0.94970924 -0.95007855 -0.94999737 -0.94717461 -0.94621164 -0.93982750 -0.93365616 -0.92873102 -0.91103584 -0.89212817 -0.87779671 -1.11818814 -1.77270389 -2.77129269 -3.73791671 -4.16984320 -4.25521755 -4.20068932 -4.22751141 -4.27766132 -4.31132889 -4.33674765 -4.35063839 -4.35787106 -4.36551332 -4.36686754 -4.35479593 -4.31819963 -4.26293468 -4.22528172 -4.19904375 -4.17788315 -4.15642357 -4.11112165 -4.03403044 -3.94755006 -3.72351980 -2.93602109 -1.79302716 -0.63216376 -0.39832133
-0.92747694 -0.93053323 -0.93493992 -0.93874377 -0.94462019 -0.94678301 -0.94925946 -0.95256358 -0.95514005 -0.96009248 -0.96689194 -0.96828002 -0.96911365 -0.96720511 -0.96491307 -0.95905703 -0.95048457 -0.95034486 -0.94878203 -0.94553179 -0.94305009 -0.93960351 -0.93706411 -0.92813617 -0.91285485 -0.89636332 -0.87299711 -1.09387493 -1.59736300 -2.49494958 -3.41159797 -4.14000845 -4.22864580 -4.24072790 -4.23379135 -4.29324770 -4.32591534 -4.35478401 -4.38003063 -4.39029264 -4.39159775 -4.39615679 -4.39295053 -4.38496637 -4.35738230 -4.31796789 -4.26983356 -4.23672915 -4.21054363 -4.18062639 -4.10358620 -3.95854020 -3.76807261 -3.40931892 -2.41875362 -1.36810422 -0.37147796 -0.51596844
-0.92229766 -0.92910641 -0.93285602 -0.93737704 -0.94127864 -0.94512719 -0.94809562 -0.95118636 -0.95541555 -0.95929581 -0.96478540 -0.96675831 -0.96544963 -0.96247882 -0.95799178 -0.95182699 -0.94700867 -0.94407052 -0.94496328 -0.94030601 -0.93395549 -0.93061680 -0.92849165 -0.91226465 -0.89814991 -0.87806851 -1.08745217 -1.59772825 -2.35984707 -3.16092062 -3.96077704 -4.21674204 -4.25585651 -4.20574665 -4.24500561 -4.30805397 -4.33638811 -4.36548090 -4.38739538 -4.39583158 -4.39465094 -4.39966583 -4.39840508 -4.39087772 -4.36708164 -4.32948780 -4.28232002 -4.24447870 -4.18693495 -4.06106281 -3.84042263 -3.47542477 -3.10623455 -2.58694148 -1.71917176 -0.81325036 -0.26801693 -0.64561087
-0.91869968 -0.92417520 -0.92859894 -0.93193120 -0.94049388 -0.94525462 -0.94741327 -0.94651502 -0.95082182 -0.95768601 -0.95997685 -0.96134168 -0.95946711 -0.95332330 -0.95101446 -0.94787997 -0.94299191 -0.93912739 -0.93706244 -0.93431455 -0.92608458 -0.92143422 -0.90810496 -0.89325398 -0.86265439 -1.07616758 -1.57902741 -2.30791378 -3.00550652 -3.68646717 -4.15322208 -4.27600336 -4.18776274 -4.19130611 -4.26588869 -4.30767536 -4.33992386 -4.36806059 -4.39137125 -4.39728594 -4.39587593 -4.39914894 -4.40175533 -4.39500809 -4.37831736 -4.33887959 -4.28631067 -4.23757029 -4.12314510 -3.80367303 -3.27732182 -2.63527060 -2.09998465 -1.57926130 -1.03926182 -0.37606859 -0.42995620 -0.83377492
-0.91524071 -0.91979915 -0.92631382 -0.93189925 -0.93760389 -0.94230658 -0.94317681 -0.94501501 -0.94724375 -0.95018011 -0.95542699 -0.95436400 -0.95240301 -0.95212060 -0.94967729 -0.94582218 -0.94149059 -0.93493885 -0.92983550 -0.92618471 -0.91256362 -0.90025944 -0.88415998 -0.86751813 -1.10470343 -1.60073280 -2.26430058 -2.93094087 -3.58595467 -4.03527212 -4.27638292 -4.14818096 -4.11571884 -4.19524002 -4.25781012 -4.29730844 -4.33353853 -4.36887264 -4.39486694 -4.39993286 -4.39754629 -4.39911652 -4.40237761 -4.39910603 -4.38530302 -4.34965372 -4.29031324 -4.23022652 -4.03165293 -3.45502758 -2.62324452 -1.84483552 -1.32012558 -1.02472734 -0.83131325 -0.47074795 -0.71792817 -0.89316005
-0.91350847 -0.91776997 -0.92455786 -0.92873698 -0.93475312 -0.94005531 -0.94018048 -0.93915826 -0.94260627 -0.94688731 -0.94774777 -0.94780678 -0.94762462 -0.94677371 -0.94581848 -0.94349951 -0.93743008 -0.93068892 -0.92322093 -0.91563851 -0.90105253 -0.86938220 -1.00968194 -1.30876374 -1.80487990 -2.29412889 -2.92904043 -3.54975367 -4.00150585 -4.24106407 -4.15912962 -4.06619072 -4.10983181 -4.18233919 -4.23045015 -4.27845812 -4.32105589 -4.36180925 -4.38774443 -4.39461374 -4.39204264 -4.39142847 -4.39067173 -4.38381720 -4.36534786 -4.33437347 -4.27455950 -4.19134903 -3.94971776 -3.13097000 -2.12245274 -1.34332442 -0.90996176 -0.82479936 -0.91127104 -0.73008740 -0.91735107 -0.95354861
-0.91493744 -0.91905707 -0.92574340 -0.92956179 -0.93522984 -0.93696433 -0.93779975 -0.93813914 -0.93859488 -0.94407386 -0.94624287 -0.94460994 -0.94474727 -0.94412321 -0.94242352 -0.93857032 -0.93393761 -0.92674416 -0.91504735 -0.90733939 -0.88242370 -1.06620908 -1.49579000 -2.01240563 -2.55418324 -3.01371813 -3.52091670 -3.98025060 -4.19332218 -4.16508150 -4.08446789 -4.06397629 -4.10201693 -4.16399336 -4.21264315 -4.26939058 -4.31729269 -4.35583591 -4.38014650 -4.38596869 -4.38217449 -4.37911701 -4.37617779 -4.35371208 -4.31231451 -4.27340460 -4.22379827 -4.15700150 -3.88312221 -2.87108469 -1.63059664 -0.93231100 -0.78952312 -0.82521927 -0.97892529 -0.97532290 -1.01581287 -0.99622148
-0.91827959 -0.92142135 -0.92529315 -0.93222982 -0.93409544 -0.93651539 -0.93696600 -0.93627161 -0.93993253 -0.94478995 -0.94640416 -0.94524413 -0.94322950 -0.94273251 -0.93880337 -0.93360335 -0.92666239 -0.91953057 -0.90999633 -0.89720219 -1.07670999 -1.50797367 -2.17486525 -2.72673631 -3.13091707 -3.52013087 -3.99487805 -4.14927340 -4.17450237 -4.11250973 -4.11158562 -4.08001089 -4.09923697 -4.15348196 -4.20080853 -4.26668215 -4.31792450 -4.35023212 -4.37076664 -4.38271570 -4.38031530 -4.37414694 -4.35663795 -4.32417250 -4.27426672 -4.23095322 -4.18225241 -4.13152599 -3.83652949 -2.63077855 -1.33238935 -0.72446311 -0.69825220 -0.81206471 -0.98568422 -1.00813794 -1.02808833 -1.03584409
-0.91727537 -0.92306584 -0.92668372 -0.92980057 -0.93319422 -0.93509036 -0.93714815 -0.93969101 -0.94269425 -0.94683033 -0.94746524 -0.94332522 -0.94071883 -0.93589467 -0.93151897 -0.92787415 -0.92220610 -0.91421455 -0.89282125 -0.98332006 -1.41462445 -2.08930779 -2.85358071 -3.28183079 -3.62432027 -3.94367099 -4.09256792 -4.07662868 -4.10783195 -4.15037060 -4.13682604 -4.07545662 -4.08621120 -4.14669132 -4.18519068 -4.26231813 -4.31885910 -4.35028887 -4.36874962 -4.37810373 -4.37826204 -4.37116623 -4.34800911 -4.31076002 -4.25580645 -4.21063042 -4.15727949 -4.09459686 -3.76955390 -2.40816808 -0.97857493 -0.56918734 -0.66830748 -0.78900951 -0.98202199 -1.02490067 -1.04960799 -1.07063985
-0.91523772 -0.91855222 -0.92325538 -0.92680532 -0.92737001 -0.92994612 -0.93328637 -0.93725640 -0.94293970 -0.94222647 -0.93971592 -0.93938237 -0.93185717 -0.92531127 -0.92021757 -0.91718894 -0.91271967 -0.90440840 -0.88925630 -1.21633673 -1.85092378 -2.68174767 -3.39807510 -3.76385736 -4.02825880 -4.02734280 -4.01608896 -4.05405283 -4.13001728 -4.16036463 -4.13488102 -4.05839109 -4.05134201 -4.13200569 -4.17924786 -4.25375652 -4.31159687 -4.34225607 -4.35908031 -4.36587667 -4.36207485 -4.35443258 -4.32860661 -4.29148865 -4.23723602 -4.18124628 -4.11935759 -4.01019001 -3.57299781 -2.13119102 -0.72518885 -0.47172672 -0.67860568 -0.80998570 -0.99299985 -1.04667950 -1.06509399 -1.08397150
-0.91048247 -0.91471237 -0.91689199 -0.92222697 -0.92313164 -0.92749804 -0.93239528 -0.93483108 -0.93683046 -0.93651086 -0.93447000 -0.93081969 -0.92255169 -0.91595358 -0.91179544 -0.90794748 -0.90026122 -0.88609165 -0.95322245 -1.45345831 -2.26971149 -3.25092006 -3.86648488 -4.07703781 -4.04268789 -3.97527432 -4.01897097 -4.07722235 -4.12343311 -4.16473436 -4.14143038 -4.06540155 -4.05509949 -4.13392639 -4.19322109 -4.26247740 -4.31535339 -4.33999538 -4.35525894 -4.36122465 -4.35476351 -4.34742689 -4.32141685 -4.27566862 -4.21800566 -4.15795708 -4.08821201 -3.89671254 -3.24420762 -1.80850124 -0.52775866 -0.46832299 -0.71539724 -0.86464745 -1.01570320 -1.04874611 -1.07086301 -1.09013462
-0.90395933 -0.90760571 -0.91158456 -0.91379374 -0.91543680 -0.92036384 -0.92244107 -0.92631477 -0.92972082 -0.92673355 -0.92533857 -0.92054969 -0.91224879 -0.90485853 -0.89958841 -0.89280683 -0.88675016 -0.87639362 -1.13628602 -1.84736538 -2.85420299 -3.78750610 -4.03782511 -4.12041473 -4.02344084 -3.99087024 -4.03095722 -4.08448553 -4.12116957 -4.16933918 -4.15570164 -4.09860754 -4.08789492 -4.16293526 -4.22485209 -4.28075933 -4.32926321 -4.35196781 -4.36402941 -4.36903143 -4.36360931 -4.35188818 -4.32675648 -4.27427435 -4.21390200 -4.15802574 -4.05048418 -3.75658035 -2.85931897 -1.50541282 -0.40264452 -0.55264318 -0.75698656 -0.91887611 -1.01532555 -1.04600692 -1.06504512 -1.08529592
-0.89806348 -0.89763981 -0.90270776 -0.90394348 -0.90597767 -0.90879387 -0.91443044 -0.91614801 -0.91510373 -0.91611248 -0.91195220 -0.90580612 -0.90298778 -0.89390618 -0.88771874 -0.88009971 -0.86984307 -0.86913460 -1.32803559 -2.18004775 -3.38869119 -4.02727938 -4.08909988 -4.09477043 -4.03222275 -4.01757622 -4.03238106 -4.08046055 -4.11471319 -4.15928078 -4.16223001 -4.11082506 -4.11357975 -4.18592930 -4.25899553 -4.30277348 -4.34078121 -4.35633707 -4.36670351 -4.37180996 -4.36355209 -4.35156679 -4.32962561 -4.28146982 -4.22059679 -4.15592194 -4.01005363 -3.57749724 -2.48634982 -1.21276736 -0.41140026 -0.64281535 -0.78336608 -0.95176262 -1.01081204 -1.03830838 -1.05931616 -1.08059931
-0.89628047 -0.89771670 -0.89427000 -0.89345819 -0.89545280 -0.89767653 -0.90186828 -0.90536171 -0.90459102 -0.90249211 -0.90286726 -0.89739078 -0.89025396 -0.88315004 -0.87428850 -0.86849147 -0.85651940 -0.96019179 -1.58201194 -2.59957194 -3.72077227 -4.03857565 -4.13300371 -4.07769346 -4.07838392 -4.05989885 -4.05819273 -4.10112858 -4.13357019 -4.16473961 -4.16493940 -4.13044262 -4.13321686 -4.20869017 -4.28807592 -4.31891108 -4.34412718 -4.36503315 -4.37141132 -4.37124872 -4.36447048 -4.35133410 -4.33324146 -4.29036570 -4.22797871 -4.15308237 -3.98713994 -3.36159110 -2.13267350 -0.90308124 -0.52305764 -0.64926612 -0.83052784 -0.96347278 -1.00576854 -1.03077006 -1.05475163 -1.07094884
-0.89172536 -0.88865179 -0.88336092 -0.88326627 -0.88384408 -0.88990730 -0.89294189 -0.89179546 -0.89266986 -0.89064759 -0.89000112 -0.88711220 -0.88084668 -0.87442726 -0.86565894 -0.85729748 -0.84326208 -1.12224603 -1.93702626 -3.10354471 -3.95253539 -4.02955914 -4.11204958 -4.10578585 -4.12760830 -4.11152267 -4.09414530 -4.13389826 -4.16714144 -4.18511820 -4.17575932 -4.16234112 -4.17523241 -4.23852825 -4.30082321 -4.33894014 -4.35674334 -4.37121439 -4.38102198 -4.37951183 -4.36688137 -4.35618687 -4.33975172 -4.30000973 -4.23507261 -4.14444304 -3.96639657 -3.15127063 -1.79405951 -0.63405234 -0.62974578 -0.66754365 -0.88451344 -0.96839982 -1.00127840 -1.02829695 -1.04831409 -1.06566048
-0.88184530 -0.88177556 -0.87626988 -0.87537163 -0.87672108 -0.87982613 -0.88143653 -0.88171870 -0.88292414 -0.88197416 -0.88130206 -0.87918574 -0.87245291 -0.86818105 -0.85873586 -0.84527588 -0.84414268 -1.30847192 -2.27262425 -3.52929473 -4.05578899 -4.07756138 -4.09153128 -4.13277435 -4.16378784 -4.15162325 -4.12055922 -4.14787960 -4.19803476 -4.19462252 -4.18357038 -4.18076086 -4.20265818 -4.26242733 -4.30221224 -4.34638500 -4.36044931 -4.37509203 -4.37706661 -4.37551498 -4.36421537 -4.35289001 -4.33553028 -4.29703379 -4.23141956 -4.15015173 -3.94472337 -2.89689970 -1.43496156 -0.50904995 -0.62422448 -0.67658824 -0.90760726 -0.96981794 -0.99892277 -1.02206159 -1.04354262 -1.06221581
-0.87085265 -0.86942512 -0.86679071 -0.86586517 -0.87140638 -0.87292069 -0.87287897 -0.87411815 -0.87574154 -0.87553042 -0.87396652 -0.87248856 -0.86601299 -0.85820931 -0.84714383 -0.83216584 -0.93986589 -1.57225847 -2.67528009 -3.77876210 -3.99589562 -4.08709049 -4.09173727 -4.15646601 -4.19083166 -4.19521999 -4.16494989 -4.15439558 -4.20915651 -4.20548964 -4.17856884 -4.18977261 -4.22515583 -4.28069067 -4.31879473 -4.35254669 -4.36543751 -4.37284040 -4.37313080 -4.37060738 -4.35982656 -4.34693861 -4.33476114 -4.30019569 -4.23888731 -4.16536236 -3.92274356 -2.68650198 -1.17569780 -0.55048460 -0.59617591 -0.69533604 -0.91704911 -0.97170645 -1.00143719 -1.01912832 -1.03869486 -1.05683970
-0.86231035 -0.85685140 -0.85963053 -0.86193806 -0.86262661 -0.86509663 -0.86565918 -0.86633939 -0.86890048 -0.87024075 -0.86461765 -0.86225420 -0.85858732 -0.84816474 -0.83269954 -0.80327940 -1.12289715 -1.99245358 -3.21772265 -3.96727633 -4.00689507 -4.06493330 -4.10309935 -4.17129707 -4.21296215 -4.22830153 -4.20478678 -4.17212057 -4.19361734 -4.19891024 -4.16537333 -4.18614101 -4.23757601 -4.28579998 -4.32219744 -4.35138702 -4.35784864 -4.36449051 -4.36117697 -4.36027193 -4.35423231 -4.34031439 -4.32715702 -4.30224609 -4.24130774 -4.17063427 -3.89825511 -2.53980446 -1.06410861 -0.67836797 -0.66486228 -0.66854286 -0.92516130 -0.97129530 -0.99911124 -1.02303362 -1.03728080 -1.05294800
-0.85495907 -0.85163444 -0.85234159 -0.85500413 -0.85384065 -0.85585910 -0.85946804 -0.86058575 -0.86255580 -0.86100322 -0.85699886 -0.85292119 -0.84829158 -0.83684713 -0.81771320 -1.00823426 -1.53542590 -2.53591609 -3.62146592 -4.05499029 -4.06682253 -4.03908443 -4.09717321 -4.17121029 -4.20794630 -4.23127794 -4.21122980 -4.16090107 -4.14844370 -4.15558624 -4.13447475 -4.16335773 -4.23036194 -4.27410841 -4.30029011 -4.32939911 -4.33712959 -4.33811855 -4.33368826 -4.33284092 -4.32898951 -4.31636715 -4.30360794 -4.28206825 -4.22544289 -4.15521574 -3.91977715 -2.59400392 -1.16700315 -0.84801519 -0.72274089 -0.66720498 -0.92350131 -0.97081083 -0.99693590 -1.01352215 -1.02988243 -1.04614186
-0.84482872 -0.84452111 -0.84436303 -0.84784281 -0.84850103 -0.84924299 -0.85171980 -0.85296732 -0.84955627 -0.85140008 -0.84874588 -0.84152758 -0.83627570 -0.82192135 -0.82012343 -1.25545859 -1.99443388 -3.11228156 -3.90871406 -4.03996658 -4.05141830 -4.06203413 -4.12313461 -4.18311882 -4.21906185 -4.23725128 -4.22385931 -4.16802597 -4.12659693 -4.12103128 -4.10610008 -4.15422440 -4.22970009 -4.27410030 -4.30233622 -4.32145739 -4.32578802 -4.32527018 -4.32407475 -4.31840134 -4.31384325 -4.30569458 -4.29774189 -4.28201246 -4.22323084 -4.16337824 -3.97604585 -2.78900695 -1.35523963 -1.01467824 -0.74811602 -0.65717018 -0.87984949 -0.96600658 -0.98883420 -1.00979495 -1.02490664 -1.04146004
-0.83611304 -0.83815461 -0.83786434 -0.83850271 -0.83975261 -0.84160948 -0.84290129 -0.84377855 -0.84394485 -0.84163284 -0.83809179 -0.83045602 -0.82029462 -0.80633861 -0.96154886 -1.59132814 -2.46415806 -3.52780914 -3.98237491 -4.09189606 -4.01636362 -4.06820917 -4.14915371 -4.19918537 -4.23175097 -4.25117064 -4.24168873 -4.18400478 -4.11939621 -4.09904194 -4.10038710 -4.15188074 -4.23516798 -4.28227711 -4.31316328 -4.32534409 -4.32704830 -4.32365417 -4.32541466 -4.31978989 -4.30968046 -4.30565023 -4.30037260 -4.28670454 -4.22925997 -4.18078661 -4.03838062 -3.00202656 -1.49272299 -1.08584833 -0.79232085 -0.66625917 -0.80886120 -0.95906132 -0.98313147 -1.00207901 -1.01855826 -1.03164673
-0.83079374 -0.82929957 -0.82833445 -0.83026761 -0.83351171 -0.83724666 -0.83718365 -0.83688796 -0.83397436 -0.83057082 -0.82776541 -0.81717134 -0.80626267 -0.79841602 -1.11658263 -1.91732025 -2.99694037 -3.84909844 -3.97781157 -4.03169441 -4.00238037 -4.09909678 -4.16531944 -4.20565367 -4.23713064 -4.25704718 -4.25347090 -4.19734430 -4.11833858 -4.09601068 -4.10729599 -4.16154861 -4.23775101 -4.28771019 -4.32132292 -4.33218145 -4.33027744 -4.32768631 -4.32274103 -4.31944180 -4.30630112 -4.30830002 -4.29989195 -4.28652668 -4.22641993 -4.16826916 -4.04594517 -3.19280910 -1.67660618 -1.06010532 -0.77263910 -0.63617796 -0.72923940 -0.94349140 -0.97534198 -0.99545497 -1.01077509 -1.02901793
-0.82317567 -0.82494617 -0.82106376 -0.82366079 -0.82796836 -0.83036363 -0.83365637 -0.82968688 -0.82850021 -0.82379335 -0.81582475 -0.80722332 -0.79709709 -0.79444760 -1.28321433 -2.25418568 -3.46900272 -3.95995355 -3.97450900 -3.98135018 -4.02724981 -4.11028957 -4.16968679 -4.20848513 -4.23744488 -4.26449156 -4.26071262 -4.20763397 -4.12170506 -4.09752321 -4.11689377 -4.17310047 -4.23305893 -4.28813219 -4.31942320 -4.33107853 -4.33336067 -4.32897949 -4.32189703 -4.31504059 -4.30320454 -4.30092955 -4.29891682 -4.27878332 -4.21665859 -4.11773872 -4.04875231 -3.41122222 -1.87981033 -0.97169107 -0.70950311 -0.59845245 -0.70048201 -0.92889374 -0.96903688 -0.98840934 -1.00260425 -1.01822805
-0.81922340 -0.81778592 -0.81939745 -0.81946892 -0.82552952 -0.82950932 -0.82774645 -0.82641923 -0.82261676 -0.81680667 -0.80824327 -0.79889393 -0.79075104 -0.80467659 -1.41213083 -2.51730990 -3.69138241 -3.91681361 -3.94850945 -3.96501899 -4.04321527 -4.11133337 -4.17128897 -4.21277332 -4.24275017 -4.26948500 -4.26493979 -4.21563148 -4.13102198 -4.09008169 -4.12009954 -4.18173933 -4.22854662 -4.28633881 -4.31782579 -4.32884121 -4.32881594 -4.32459974 -4.31944466 -4.31011915 -4.29900646 -4.29600906 -4.29436016 -4.26403713 -4.19908571 -4.08469439 -4.03360939 -3.53373647 -2.00344491 -0.84931093 -0.59184563 -0.57663149 -0.70766467 -0.92157167 -0.96088058 -0.97997779 -0.99696034 -1.01251984
-0.81196195 -0.81153983 -0.81186557 -0.81651300 -0.82102150 -0.82139480 -0.82438952 -0.82305628 -0.81566083 -0.80952454 -0.79940343 -0.79078579 -0.78319865 -0.79187804 -1.54125714 -2.73922110 -3.78945112 -3.89835763 -3.89498878 -3.96033645 -4.04217052 -4.10702133 -4.17143059 -4.22056627 -4.25118113 -4.27063942 -4.26970148 -4.22276306 -4.14237547 -4.10093832 -4.12829113 -4.17917013 -4.23331976 -4.28409767 -4.31479168 -4.32633734 -4.31965876 -4.31759024 -4.31180811 -4.30422783 -4.30262280 -4.29980516 -4.29932404 -4.25894785 -4.18421316 -4.06464386 -3.98258758 -3.50329757 -2.00508928 -0.74655384 -0.54386318 -0.57540566 -0.75168985 -0.91370958 -0.95220822 -0.97447771 -0.99237102 -1.01041317
-0.80445266 -0.80674261 -0.80798000 -0.81029677 -0.81615657 -0.81967169 -0.81876004 -0.81702250 -0.80831063 -0.80119997 -0.79071063 -0.78358984 -0.77796650 -0.79660529 -1.63447499 -2.90495276 -3.82674432 -3.88892817 -3.89090466 -3.95449233 -4.04323101 -4.11270714 -4.17490578 -4.22727680 -4.25368023 -4.26939154 -4.26808167 -4.23462105 -4.16621399 -4.12439394 -4.14167881 -4.17912865 -4.23085403 -4.27717876 -4.29826498 -4.31261253 -4.30613947 -4.30564642 -4.30301428 -4.29961777 -4.30074692 -4.30916262 -4.29930925 -4.25229120 -4.16847324 -4.04933023 -3.91869903 -3.38442922 -1.91040540 -0.66503972 -0.57551622 -0.61496210 -0.78385180 -0.91615003 -0.95031482 -0.96761495 -0.98833984 -1.00581384
-0.79888672 -0.79854780 -0.80002183 -0.80532122 -0.80863810 -0.81225592 -0.81034982 -0.80957890 -0.80379766 -0.79348898 -0.78594571 -0.77794641 -0.77012002 -0.81335366 -1.73538184 -3.02510738 -3.86799693 -3.88322806 -3.93044591 -3.96846509 -4.04749441 -4.11912870 -4.18257809 -4.22689104 -4.25712013 -4.27126169 -4.27331018 -4.24882841 -4.18930340 -4.14154816 -4.14255619 -4.16141701 -4.20934248 -4.25229502 -4.27519321 -4.28332615 -4.28504324 -4.28553295 -4.29078960 -4.29466009 -4.30112696 -4.31014299 -4.28839970 -4.23567867 -4.14335489 -4.02732801 -3.89474750 -3.30727983 -1.80079150 -0.69799370 -0.64120066 -0.59010142 -0.81294525 -0.92265433 -0.94924837 -0.97141260 -0.98668426 -1.00218606
-0.79329979 -0.79542881 -0.79518825 -0.79803556 -0.80364251 -0.80390716 -0.80606306 -0.80447370 -0.79801840 -0.79233533 -0.78608447 -0.77632290 -0.77319098 -0.86326545 -1.82082438 -3.13415861 -3.91779685 -3.89167237 -3.95587277 -3.98324609 -4.05048990 -4.11565542 -4.17295456 -4.21160793 -4.23867655 -4.25795650 -4.26529551 -4.24914217 -4.19341564 -4.14019203 -4.12671757 -4.13863945 -4.17886209 -4.21496582 -4.24077415 -4.25459623 -4.25889635 -4.25917959 -4.26989794 -4.28293896 -4.29453087 -4.30059814 -4.26662207 -4.19644165 -4.09715557 -3.99657512 -3.90904021 -3.25229812 -1.73563504 -0.76035416 -0.71703058 -0.59744036 -0.84123939 -0.92502111 -0.95239538 -0.97042459 -0.98587352 -1.00132871
-0.78630030 -0.78742343 -0.78854924 -0.78895336 -0.79359752 -0.79774928 -0.79545403 -0.79668558 -0.79414076 -0.78755176 -0.78259748 -0.77187699 -0.76929969 -0.89622551 -1.91213012 -3.20388865 -3.92540336 -3.91646838 -3.97779346 -4.00625992 -4.06619406 -4.11696053 -4.15664911 -4.19208145 -4.21641016 -4.23952770 -4.24572611 -4.23525143 -4.19549704 -4.14300251 -4.11870861 -4.12589741 -4.15834236 -4.19461346 -4.21488333 -4.23296833 -4.24207830 -4.24818230 -4.26381969 -4.28651190 -4.30041981 -4.29550600 -4.25420761 -4.16592407 -4.06608915 -3.98029923 -3.95448661 -3.21022820 -1.62285185 -0.82840335 -0.73081905 -0.59324318 -0.84470695 -0.92785627 -0.95413893 -0.96956891 -0.98432893 -0.99506110
-0.78054041 -0.78103906 -0.78086352 -0.78422660 -0.78758323 -0.79095638 -0.79220098 -0.78961706 -0.79304779 -0.78628439 -0.77756137 -0.77320725 -0.77189726 -0.88965648 -1.97450423 -3.23030925 -3.90221524 -3.93640018 -4.00106144 -4.03048754 -4.07439566 -4.10938549 -4.14024067 -4.16720676 -4.19188404 -4.21471262 -4.22126961 -4.21457767 -4.18209839 -4.13607407 -4.10496187 -4.11445236 -4.14180756 -4.17940187 -4.19642591 -4.21628857 -4.22881174 -4.24416161 -4.26194763 -4.28956556 -4.30328703 -4.28817701 -4.22838879 -4.14242887 -4.05052805 -3.98038125 -3.96918464 -3.14545321 -1.49712706 -0.84197044 -0.74488932 -0.59691381 -0.86806744 -0.93697208 -0.96006995 -0.97806472 -0.99361676 -1.00772262
-0.77006036 -0.77149701 -0.77318901 -0.77689070 -0.78020591 -0.78244764 -0.78243101 -0.78505284 -0.78429824 -0.78303403 -0.77594328 -0.76601297 -0.75607938 -0.84336412 -1.92833686 -3.17001224 -3.80982947 -3.88701177 -3.98069119 -4.02412462 -4.05317259 -4.08059406 -4.10464001 -4.12811089 -4.15174198 -4.16755056 -4.17310905 -4.16613770 -4.13487434 -4.08172703 -4.04475546 -4.05366993 -4.08885431 -4.13043547 -4.15660906 -4.17999411 -4.19572401 -4.21262980 -4.23155594 -4.26055431 -4.26934671 -4.24261284 -4.17183638 -4.08330250 -4.00954628 -3.94928718 -3.96165347 -3.06657434 -1.41737962 -0.78426117 -0.73473173 -0.61557180 -0.86956912 -0.94112068 -0.96247727 -0.98012942 -0.99682075 -1.00514698
-0.75826991 -0.75998539 -0.76192015 -0.76374829 -0.76411009 -0.76746601 -0.76962519 -0.77206796 -0.77629870 -0.77331609 -0.76678300 -0.75623810 -0.74547678 -0.79467934 -1.74722958 -3.05057573 -3.59419560 -3.81801319 -3.95528340 -4.01839209 -4.04092169 -4.07105589 -4.08941460 -4.10873508 -4.12925434 -4.14089680 -4.13991785 -4.13136864 -4.10233450 -4.05008316 -4.01132631 -4.01892519 -4.06351805 -4.09622717 -4.12184191 -4.14328623 -4.16413260 -4.17559004 -4.20248938 -4.22983360 -4.23574734 -4.20321846 -4.13219929 -4.05303288 -3.97295308 -3.93338895 -3.90638852 -2.89978647 -1.26316977 -0.65366477 -0.69681758 -0.64960873 -0.87569469 -0.94191927 -0.96462077 -0.97784084 -0.99255806 -1.00561333
-0.74095100 -0.74337596 -0.74453646 -0.74851477 -0.74947274 -0.74805087 -0.75190437 -0.75416237 -0.75651169 -0.75834811 -0.75060570 -0.73999774 -0.72800183 -0.74599499 -1.49819660 -2.88437939 -3.43157005 -3.77927494 -3.94413543 -4.03271961 -4.06606865 -4.09275007 -4.11074018 -4.12142706 -4.13733053 -4.14169836 -4.14153481 -4.13090038 -4.10553408 -4.06168938 -4.02614021 -4.02284050 -4.06768942 -4.09585285 -4.11745405 -4.13686848 -4.15772867 -4.17057610 -4.20167303 -4.22544813 -4.22430086 -4.19101524 -4.12374210 -4.05755758 -3.98308969 -3.92355943 -3.78420305 -2.65299225 -1.08793902 -0.60592461 -0.68210828 -0.70140183 -0.89806265 -0.94096619 -0.96189553 -0.97631246 -0.98558420 -0.99848300
-0.69287837 -0.69192141 -0.69770849 -0.69110584 -0.69565541 -0.72513372 -0.72735429 -0.72666103 -0.71764398 -0.69197434 -0.67498761 -0.66037476 -0.61762339 -0.57354021 -1.08894563 -2.43290019 -3.14801812 -3.58566284 -3.83772016 -4.02534103 -4.08890343 -4.11241055 -4.13157272 -4.13669014 -4.14350033 -4.14213419 -4.13831520 -4.12909079 -4.11403036 -4.08022165 -4.04466915 -4.03445101 -4.06470013 -4.09047556 -4.11413765 -4.13286495 -4.15201759 -4.17152786 -4.20278358 -4.22232151 -4.21794367 -4.17924547 -4.11783981 -4.06330156 -4.00069094 -3.89763951 -3.60776353 -2.37355828 -0.90317661 -0.62237674 -0.69973791 -0.74559897 -0.90934485 -0.93980533 -0.95557350 -0.96811587 -0.98060590 -0.99502510
-0.88712972 -0.92256504 -0.84007996 -0.74400645 -0.62843889 -0.61613774 -0.66816485 -0.75922602 -0.92439777 -1.05730748 -1.13934684 -1.12211108 -1.09312367 -1.01055884 -1.15671849 -2.11244321 -2.97825503 -3.26042414 -3.70673561 -3.97717738 -4.07798052 -4.11490488 -4.13161993 -4.14071083 -4.13548470 -4.13414955 -4.13080168 -4.12079859 -4.10707331 -4.07875013 -4.04485130 -4.02016926 -4.04008913 -4.06260538 -4.08348036 -4.10829306 -4.13494062 -4.15096569 -4.18283892 -4.20708084 -4.19159460 -4.15385056 -4.10158443 -4.05125570 -3.99237514 -3.82907438 -3.35925031 -1.98122311 -0.73508346 -0.66203481 -0.66196340 -0.82064319 -0.91672641 -0.93430990 -0.95102590 -0.96730715 -0.97971982 -0.99075049
-1.67574048 -1.56720018 -1.31122470 -1.05778861 -0.88189644 -0.99364895 -1.20043087 -1.40832973 -1.64856863 -1.85957122 -2.02600956 -2.08832335 -2.05610180 -1.96809912 -1.89461112 -2.35292649 -3.10586429 -3.33088636 -3.64464235 -3.90394855 -4.03758287 -4.10394096 -4.11701107 -4.12297249 -4.12299204 -4.12245893 -4.12124538 -4.11516285 -4.10253620 -4.07610846 -4.03937721 -4.00027084 -4.00803614 -4.03301477 -4.05424786 -4.08186579 -4.11350441 -4.13470078 -4.16121101 -4.17665005 -4.15153217 -4.12308073 -4.09012127 -4.04259062 -3.98464847 -3.79674530 -3.06943941 -1.60862970 -0.58929145 -0.69589144 -0.65223891 -0.86831802 -0.92057461 -0.93979508 -0.95312268 -0.96562952 -0.97987145 -0.98992008
-2.38497639 -2.37797618 -2.17266059 -1.82662106 -1.69234180 -1.79020047 -2.00946736 -2.25483203 -2.48782563 -2.62791133 -2.67774248 -2.66466117 -2.66646862 -2.62222004 -2.52835464 -2.81070614 -3.47955966 -3.73263431 -3.71226358 -3.92529321 -4.05592537 -4.08713150 -4.09669399 -4.10343933 -4.10598516 -4.11017895 -4.11443996 -4.11127996 -4.10077143 -4.07774687 -4.03937864 -3.99443316 -3.98766398 -4.02164316 -4.04769230 -4.07030630 -4.10249186 -4.12257195 -4.14775181 -4.15646029 -4.12213135 -4.09303761 -4.06938887 -4.03882122 -3.96006846 -3.73249173 -2.73652196 -1.24106956 -0.57402599 -0.66971421 -0.68586576 -0.89081377 -0.92269522 -0.94226772 -0.95817333 -0.96877044 -0.98042971 -0.99551433
-2.80329704 -2.78366470 -2.62168074 -2.50253344 -2.49644136 -2.54072022 -2.68693638 -2.76093245 -2.88120961 -3.03836989 -3.09171462 -3.08179879 -3.05681562 -3.02272987 -2.92870188 -2.99734807 -3.55528855 -4.11318588 -3.90927958 -3.97479463 -4.01613426 -4.04988909 -4.05821466 -4.06654358 -4.07199955 -4.07771492 -4.07953691 -4.07935286 -4.07357550 -4.05244398 -4.00908470 -3.97231269 -3.96856952 -4.01171112 -4.03781271 -4.06284332 -4.08529043 -4.10272694 -4.12528229 -4.12269592 -4.09118128 -4.05190229 -4.03749228 -3.98443866 -3.80642486 -3.41577935 -2.19057751 -0.79431093 -0.56502879 -0.66925651 -0.73661512 -0.89493769 -0.92365664 -0.93970555 -0.95670134 -0.97117442 -0.98165864 -0.99267906
-3.20591974 -3.14282060 -2.88071179 -2.63328004 -2.75601530 -2.98886561 -3.17772412 -3.27288342 -3.36161923 -3.47680998 -3.48681402 -3.43841481 -3.41112089 -3.38988066 -3.25661397 -3.17042708 -3.34281254 -3.89080071 -4.04482698 -3.97579026 -3.98989177 -4.01076508 -4.01528549 -4.02278852 -4.03355551 -4.03824568 -4.03711510 -4.03001547 -4.02102757 -4.00006151 -3.96640277 -3.94361329 -3.94917083 -3.99583316 -4.02241039 -4.04125690 -4.06288338 -4.06982803 -4.09338665 -4.08957148 -4.05773449 -4.00785303 -3.96856761 -3.82046223 -3.38959956 -2.72652149 -1.41732001 -0.42775220 -0.59099662 -0.67572623 -0.82086277 -0.90358156 -0.92720288 -0.93908042 -0.95438689 -0.96934074 -0.98049718 -0.98984367
-3.52823710 -3.50987482 -3.22731256 -3.04460764 -3.06353450 -3.33287644 -3.47433877 -3.57427883 -3.63020897 -3.67911792 -3.70351100 -3.72116899 -3.73837209 -3.75063109 -3.69364429 -3.58215690 -3.53271675 -3.76791573 -3.95802522 -3.93461585 -3.92071366 -3.93455482 -3.94944930 -3.95616889 -3.97580886 -3.98246408 -3.96428132 -3.94262719 -3.94192910 -3.92929626 -3.90651345 -3.89787078 -3.92578244 -3.95913577 -3.98818326 -4.00149441 -4.01707315 -4.02134562 -4.03527832 -4.02661657 -3.99081588 -3.92675042 -3.88775516 -3.60646152 -2.97475553 -2.19597173 -0.96681112 -0.27404115 -0.60105103 -0.69901019 -0.85499209 -0.90624660 -0.92541403 -0.93861479 -0.95660466 -0.97234279 -0.98135525 -0.98782998
-3.31108570 -3.48930860 -3.52589273 -3.50703216 -3.52943850 -3.64230299 -3.68120098 -3.63677406 -3.53494596 -3.39947605 -3.27036071 -3.17535591 -3.17920160 -3.21480680 -3.27388358 -3.36153960 -3.38092279 -3.48181844 -3.60095215 -3.66040707 -3.67788315 -3.72274446 -3.74780750 -3.77111554 -3.79256463 -3.82977438 -3.83650112 -3.82674336 -3.84417009 -3.85583758 -3.85754180 -3.86279798 -3.90697551 -3.93675828 -3.96338820 -3.97214723 -3.98485303 -3.98113370 -3.98737931 -3.97283530 -3.93306994 -3.87324834 -3.81313324 -3.57702184 -2.80293250 -1.92013669 -0.86118442 -0.42101657 -0.56479955 -0.76254624 -0.86987048 -0.90950805 -0.92892581 -0.94313556 -0.95777589 -0.96831685 -0.98126882 -0.98912746
-2.85103846 -3.09153295 -3.32122421 -3.46172023 -3.53195953 -3.48510194 -3.35825324 -3.11254454 -2.72567177 -2.43251467 -2.28736329 -2.23415470 -2.22591543 -2.27289748 -2.33509803 -2.40744042 -2.49535561 -2.56398797 -2.62743044 -2.69262028 -2.74197173 -2.77656031 -2.80722594 -2.83634138 -2.87403893 -2.92329359 -2.94600725 -2.96938872 -3.03183961 -3.10966754 -3.19824505 -3.32779694 -3.45438147 -3.52148819 -3.54865766 -3.49689555 -3.49026871 -3.50198102 -3.56576705 -3.62535048 -3.64710760 -3.62071276 -3.60350060 -3.42408395 -2.55505610 -1.55484176 -0.61493796 -0.46030265 -0.49070853 -0.66659951 -0.75350463 -0.78191739 -0.79945940 -0.81742400 -0.83385265 -0.85578090 -0.87031192 -0.87934965
-2.08342171 -2.40158415 -2.58655620 -2.69237924 -2.72052240 -2.58275533 -2.28513479 -1.95424533 -1.66546345 -1.55573845 -1.47171402 -1.48139644 -1.49897957 -1.52533340 -1.55947375 -1.60211325 -1.66088104 -1.72480822 -1.74967909 -1.78931022 -1.82528949 -1.84909534 -1.83607507 -1.85480189 -1.87701297 -1.92865443 -1.93851995 -1.93976259 -2.01244426 -2.13194919 -2.26519585 -2.41959763 -2.54784179 -2.53958797 -2.52250504 -2.47564077 -2.47203827 -2.51933193 -2.59590030 -2.67813373 -2.71529174 -2.68459415 -2.71229672 -2.51628304 -1.68501735 -0.77605009 -0.46858519 -0.49578172 -0.49615061 -0.59639901 -0.66917318 -0.68762666 -0.68344396 -0.68808311 -0.70860279 -0.75529176 -0.76180875 -0.73087460
