-1.19603121 -1.24515176 -1.18507540 -1.10797489 -1.03103280 -1.14892066 -1.06606698 -1.08940792 -1.13036716 -1.18075705 -1.22576952 -1.22531712 -1.24465716 -1.17233825 -1.17505598 -1.25696361 -1.20599484 -1.24030030 -1.24755740 -1.28578067 -1.29724860 -1.30611742 -1.31333017 -1.31538999 -1.31400478 -1.31523514 -1.31253493 -1.31446993 -1.31055641 -1.31281722 -1.31041694 -1.30621517 -1.29792845 -1.28747785 -1.28042519 -1.27813411 -1.27247143 -1.26369035 -1.26174796 -1.19647551 -0.96722311 -0.42707679 0.35212427 -0.05475237 -1.03424144 -1.88141847 -2.23924351 -2.05866742 -1.38035858 -0.89656740 -0.71657461 -0.60613865 -0.49063733 -0.30517209 -0.37867257 -0.85096282 -1.26430154 -1.71537292
-1.22376060 -1.31716514 -1.30124259 -1.05307961 -1.12066257 -0.94156080 -1.03629971 -0.94257015 -1.06700110 -1.11084080 -1.09077334 -1.01653159 -0.93891793 -1.03146923 -1.08860362 -1.04766822 -1.19585228 -1.15294385 -1.19885612 -1.25844526 -1.29468203 -1.30160272 -1.30705070 -1.30777121 -1.30747807 -1.30722678 -1.30581450 -1.30489492 -1.30473542 -1.30502391 -1.30068946 -1.29420328 -1.28701925 -1.27928925 -1.27184796 -1.26732922 -1.26216996 -1.25462711 -1.25317144 -1.03726399 -0.69802099 0.12240536 0.50740820 -0.56293339 -1.60152745 -2.26918030 -2.53075457 -2.17609310 -1.56436157 -1.01083028 -0.81164724 -0.75530034 -0.75254381 -0.77445656 -0.69180888 -0.84492487 -1.44327176 -2.40103340
-1.17885482 -1.26535797 -1.29116881 -1.17116833 -0.97193998 -0.94503456 -1.06802952 -0.79472739 -1.02221131 -0.97534806 -0.99779183 -0.95594722 -0.88393641 -0.92910463 -0.96480018 -0.99979264 -1.08965659 -1.14266133 -1.16586804 -1.25360394 -1.29373515 -1.29925966 -1.30220211 -1.30274272 -1.29993463 -1.30001771 -1.29847026 -1.29916084 -1.29597664 -1.29399228 -1.28965843 -1.28430510 -1.27617431 -1.26962483 -1.26192939 -1.25356758 -1.24665272 -1.25088310 -1.14799631 -0.78847748 -0.23115331 0.39981008 0.00773381 -1.18598402 -2.05353451 -2.50681067 -2.73958564 -2.53307080 -1.92132771 -1.40939331 -1.13054061 -1.04843771 -0.89577037 -0.59428507 -0.71264672 -1.47936678 -2.44506478 -3.19511104
-1.23464513 -1.25016904 -0.95897752 -1.12913430 -0.82821709 -0.97389227 -0.98100263 -0.91714758 -1.04579484 -0.84702224 -1.01614404 -1.01924586 -0.96601099 -0.77221018 -1.01919448 -1.05727017 -1.17019701 -1.35684264 -1.25930297 -1.22232878 -1.29695582 -1.29978979 -1.30068147 -1.29874086 -1.29452586 -1.29402828 -1.29256296 -1.29068518 -1.28789496 -1.28142953 -1.27755296 -1.27171028 -1.26303256 -1.25584376 -1.24759698 -1.24016142 -1.23661649 -1.21829402 -1.01332974 -0.53219360 0.15898706 0.35032180 -0.53660369 -1.45099843 -2.14447737 -2.36584330 -2.63394690 -2.60590792 -2.24398756 -1.69091678 -1.28314614 -1.03221357 -0.87954491 -1.10171854 -1.76742733 -2.70795488 -3.44738221 -3.74780536
-1.17062736 -1.21029329 -1.08344734 -1.57539332 -1.19789231 -0.90129954 -1.08378422 -0.85118908 -1.02535141 -1.06394601 -0.93689042 -0.93872350 -0.82399940 -0.79517132 -0.96213335 -1.04478145 -1.22714949 -1.50145018 -1.28387022 -1.21454120 -1.30491900 -1.30372667 -1.30375957 -1.29905558 -1.29518354 -1.29305863 -1.29015255 -1.28795695 -1.28275609 -1.27783895 -1.27022433 -1.26418221 -1.25488007 -1.24513900 -1.23768306 -1.23448229 -1.23350751 -1.09023523 -0.76832426 -0.15298340 0.47171012 -0.08945889 -1.08952367 -1.80931211 -2.19018960 -2.31145120 -2.52497363 -2.57400703 -2.43221807 -2.24313140 -2.05467844 -1.94818342 -2.06129026 -2.35452342 -2.91391706 -3.52623868 -4.02385998 -3.87882853
-1.21376383 -1.29226506 -1.23891103 -1.53577447 -1.17030370 -1.08074033 -1.00238883 -1.05525780 -0.97768432 -0.96786588 -0.83060658 -1.03091311 -1.08545709 -0.79830027 -0.97133166 -1.11544287 -1.30133235 -1.40907931 -1.44554639 -1.22640228 -1.30719018 -1.30910075 -1.30607271 -1.30207276 -1.29725909 -1.29057372 -1.28673947 -1.28172171 -1.27727723 -1.27232528 -1.26398087 -1.25573111 -1.24622500 -1.23575830 -1.23012471 -1.23688149 -1.14665341 -0.85671657 -0.38983941 0.35915789 0.25985432 -0.75930852 -1.65144813 -2.28781390 -2.43665838 -2.49930763 -2.69068360 -2.86172962 -2.90296817 -2.92937684 -2.90814710 -2.84924746 -2.78734922 -2.83863878 -3.16046619 -3.55943322 -4.03655529 -3.76427341
-1.22496736 -1.16317999 -1.27815747 -1.28524411 -1.05322850 -1.05407488 -1.17735803 -1.32777822 -1.01871288 -1.01755738 -1.08935201 -1.35252416 -1.10628533 -0.85034746 -1.08025289 -1.09525931 -1.37422729 -1.39351118 -1.30237389 -1.15386510 -1.31376815 -1.31614840 -1.31397986 -1.30990267 -1.30151093 -1.29407513 -1.28785694 -1.28127849 -1.27676165 -1.26839316 -1.25857019 -1.24962461 -1.24294293 -1.23323357 -1.22984099 -1.16082418 -0.90563458 -0.46078822 0.15559630 0.37069502 -0.37927151 -1.37567806 -2.31283045 -2.71764588 -2.72456002 -2.72919822 -2.81270862 -2.90859008 -2.94288468 -2.95092154 -2.92092943 -2.88139558 -2.81683445 -2.88141727 -3.17369175 -3.57543778 -4.02606964 -3.71406960
-1.24635530 -1.25962269 -1.30082047 -1.22176158 -1.14504361 -1.40165055 -1.33370054 -1.25014484 -1.16046715 -1.17070007 -1.18523467 -1.28568494 -1.21909928 -1.08727419 -1.33192301 -1.24191928 -1.40547168 -1.39473593 -1.10794210 -1.19783080 -1.31700611 -1.31902897 -1.31547558 -1.31020522 -1.30145633 -1.29485571 -1.28767478 -1.28290570 -1.27378619 -1.26442349 -1.25309658 -1.24821770 -1.23678994 -1.22372425 -1.07075953 -0.78105420 -0.30598930 0.03354905 0.30279925 -0.11996420 -1.00936759 -1.94351017 -2.68285656 -2.86460543 -2.89382529 -2.96011257 -3.08220625 -3.12843275 -3.06438375 -2.99706030 -2.94236326 -2.90469337 -2.86485338 -2.93259430 -3.20727229 -3.64758635 -4.01072216 -3.53687501
-1.22325087 -1.27308226 -1.32189703 -1.41148877 -1.40692341 -1.34592557 -1.17830896 -1.27465916 -1.27742088 -1.26076639 -1.29855812 -1.31611252 -1.29109931 -1.32302415 -1.41013193 -1.35566604 -1.36928928 -1.18733692 -1.17001700 -1.27111793 -1.31633556 -1.31755531 -1.31542408 -1.30897629 -1.30171764 -1.29136646 -1.28458118 -1.27706993 -1.26909101 -1.25639451 -1.24884665 -1.24615824 -1.15669632 -0.94845229 -0.61070961 -0.16270378 -0.14815077 -0.13441077 -0.21667781 -0.77157950 -1.69769430 -2.54001284 -2.90600896 -2.96713805 -3.07461953 -3.25225520 -3.49850941 -3.55775118 -3.38492537 -2.91361117 -2.67080092 -2.85131907 -3.05987024 -3.14002633 -3.26147127 -3.55142617 -3.92934823 -3.50315881
-1.22553098 -1.24596405 -1.26084185 -1.24922597 -1.25593066 -1.22332966 -1.22976851 -1.27824593 -1.28729355 -1.29113054 -1.29365885 -1.29423463 -1.29977095 -1.32555449 -1.30546069 -1.31162310 -1.27182734 -1.27047884 -1.29444039 -1.30306661 -1.30487669 -1.30714297 -1.30420327 -1.29990029 -1.29248893 -1.28532445 -1.27620208 -1.26675892 -1.25715923 -1.24677813 -1.24776340 -1.16504872 -0.94652289 -0.53116560 -0.15733588 -0.20848197 -0.44553688 -0.39217699 -0.67691892 -1.51716793 -2.34312701 -2.81788659 -2.94586897 -2.99883509 -3.11564350 -3.40124106 -3.59585953 -3.75462055 -3.38770723 -2.56119323 -2.15638423 -2.70759916 -3.23178053 -3.40794778 -3.36727571 -3.48472810 -3.49720144 -3.37055469
-1.22502828 -1.23226726 -1.23909247 -1.24375927 -1.24983191 -1.25489211 -1.25624597 -1.26194358 -1.26895607 -1.27551436 -1.27987015 -1.28097403 -1.28784513 -1.28998804 -1.28971386 -1.28862953 -1.28720939 -1.29006338 -1.29418969 -1.29589021 -1.29725325 -1.29553401 -1.29269373 -1.28668046 -1.28067076 -1.27523863 -1.26572835 -1.25614870 -1.24348879 -1.23744190 -1.21307862 -1.02992880 -0.67538154 -0.22547629 -0.06883530 -0.30127665 -0.36988294 -0.92782944 -1.58335888 -2.25803137 -2.72178316 -2.89987016 -2.94496989 -3.01033306 -3.09650373 -3.32874846 -3.41559863 -3.45569181 -3.19328594 -2.23069763 -1.98779953 -2.64087224 -3.22571063 -3.29688549 -3.29443049 -3.18655753 -3.15891433 -3.44975019
-1.23015308 -1.23564315 -1.24288058 -1.24871421 -1.25514865 -1.25665665 -1.26135337 -1.26372421 -1.27108705 -1.27713346 -1.28263414 -1.28331542 -1.28482437 -1.28778768 -1.28564048 -1.28262019 -1.28268147 -1.28266513 -1.28605163 -1.28549719 -1.28613865 -1.28478444 -1.28223717 -1.27747822 -1.27013624 -1.26385283 -1.25199699 -1.24098039 -1.22852457 -1.23421323 -1.10471058 -0.79453480 -0.34641489 0.31693056 0.14450154 -0.44583324 -1.17302549 -1.94983518 -2.42999697 -2.67312384 -2.83656406 -2.88367796 -2.93025804 -2.98290491 -3.09144378 -3.23239350 -3.32437110 -3.26530528 -3.00110507 -2.06913114 -1.74325681 -2.49782443 -2.98899031 -2.99744701 -3.21965671 -3.06317854 -3.26353502 -3.48518062
-1.23733866 -1.24311268 -1.24932802 -1.25545764 -1.25852418 -1.26104319 -1.26345456 -1.26939654 -1.27628911 -1.28336859 -1.28685772 -1.28841376 -1.28930748 -1.28764069 -1.28697658 -1.28344369 -1.28101027 -1.28211188 -1.28242302 -1.28160477 -1.27851439 -1.27511036 -1.27466846 -1.26605511 -1.25948656 -1.24961007 -1.24191761 -1.22859836 -1.21940494 -1.19700825 -0.95214719 -0.58277130 0.25023919 0.43871325 -0.48187461 -1.42524242 -2.24831963 -2.64066243 -2.77257371 -2.81259108 -2.86553168 -2.92420864 -2.95513177 -2.99123669 -3.08333015 -3.27361274 -3.36239600 -3.21785426 -2.55907011 -1.77667534 -1.53840506 -2.31527114 -2.92057514 -3.00921583 -3.28464556 -3.00651836 -3.02070832 -3.34547043
-1.24379492 -1.24742758 -1.25432527 -1.26013851 -1.26328444 -1.26483786 -1.27025378 -1.27484381 -1.28282273 -1.28792024 -1.29167604 -1.29268503 -1.29043043 -1.28999805 -1.28481507 -1.28318787 -1.28094006 -1.27747011 -1.28069532 -1.27901530 -1.27570200 -1.27255440 -1.26730704 -1.26195312 -1.25076902 -1.24083698 -1.22871816 -1.21747971 -1.22417414 -1.08594465 -0.76202798 -0.10886326 0.57237613 -0.12429246 -1.24254441 -2.15513802 -2.63261461 -2.76251483 -2.79964352 -2.84980965 -2.89717340 -2.94777298 -2.97120047 -2.99421358 -3.03562760 -3.11656165 -3.07418370 -2.86750031 -2.32802272 -1.98606980 -2.03196549 -2.48780894 -2.97435784 -3.06852603 -3.04695082 -2.89102411 -3.20953131 -3.27452946
-1.24854934 -1.25619471 -1.25980937 -1.26634157 -1.26977396 -1.27169645 -1.27525806 -1.28114986 -1.28752303 -1.29617143 -1.29614019 -1.29846835 -1.29793680 -1.29452932 -1.29000676 -1.28395236 -1.28062546 -1.28126013 -1.27720714 -1.27820075 -1.27532637 -1.26759231 -1.26091647 -1.25193071 -1.24157977 -1.22894943 -1.21676993 -1.21352947 -1.18480718 -0.93337029 -0.48892626 0.36626458 0.36213058 -0.83706367 -1.81535268 -2.51436186 -2.74310756 -2.80890250 -2.86154366 -2.89644909 -2.92444324 -2.96049476 -2.97687626 -2.99536395 -3.00739002 -2.99666739 -2.90930843 -2.81269097 -2.68267012 -2.71999717 -2.71500993 -2.78268695 -2.84304857 -2.87976456 -2.95414758 -3.39127731 -3.78447247 -3.33288407
-1.25326908 -1.25789213 -1.26517785 -1.26863945 -1.27354395 -1.27647233 -1.27874839 -1.28448665 -1.29165816 -1.29630888 -1.29999018 -1.29977012 -1.29895306 -1.29619241 -1.28737831 -1.28197610 -1.27875805 -1.27705824 -1.27607489 -1.27440274 -1.26998436 -1.26203418 -1.25504363 -1.24485636 -1.23326135 -1.21974492 -1.21640897 -1.21373749 -1.05263329 -0.66717976 0.04284089 0.57732499 -0.24139541 -1.36751497 -2.28857422 -2.69648623 -2.79187989 -2.88064384 -2.92102456 -2.94732141 -2.97053194 -2.99987364 -3.01504612 -3.01514125 -3.03010106 -3.03159761 -3.00105643 -2.95763445 -2.91363573 -2.90215158 -2.90288591 -2.89336991 -2.93934369 -3.15083289 -3.39344549 -3.94803071 -3.99883199 -3.23169756
-1.25371897 -1.25855803 -1.26456010 -1.27074945 -1.27540457 -1.27622879 -1.28161216 -1.28606558 -1.29367912 -1.29873800 -1.30024588 -1.29973912 -1.29825366 -1.29219544 -1.28601313 -1.27827322 -1.27599776 -1.27520394 -1.27164006 -1.26627636 -1.26335025 -1.25588584 -1.24599481 -1.23700941 -1.22477698 -1.22034907 -1.21461499 -1.07218981 -0.71078044 -0.15722176 0.46083909 0.15726069 -0.93039292 -1.87584400 -2.60006690 -2.80838203 -2.90122032 -2.97190237 -2.99951005 -3.02731466 -3.05746317 -3.07308459 -3.07819200 -3.07717943 -3.08595777 -3.07517338 -3.06156301 -3.03390336 -2.99613500 -2.97504234 -3.00193810 -3.05559039 -3.15146804 -3.36087894 -3.70042849 -4.17239904 -3.87819219 -2.89873815
-1.25159526 -1.25634253 -1.26332486 -1.27070451 -1.27242672 -1.27627993 -1.27887893 -1.28649318 -1.29188514 -1.29516101 -1.29825461 -1.29633868 -1.29266822 -1.28765059 -1.27822959 -1.27411497 -1.27076411 -1.26838565 -1.26321602 -1.25642192 -1.25219083 -1.24565566 -1.23551393 -1.22500265 -1.21903336 -1.21382666 -1.07081461 -0.75370300 -0.21029368 0.26054987 0.10488915 -0.60546452 -1.47517884 -2.38947105 -2.76726985 -2.84081388 -2.95038080 -3.00040221 -3.02105570 -3.04889965 -3.07381725 -3.08728886 -3.09075928 -3.08889914 -3.09382343 -3.09714699 -3.08191395 -3.05988479 -3.05833936 -3.08920932 -3.16973591 -3.25729179 -3.44438052 -3.58727860 -3.87742472 -3.99470019 -3.52984691 -2.52899384
-1.24680841 -1.25283337 -1.25909805 -1.26587045 -1.27052033 -1.27246559 -1.27616954 -1.28089571 -1.28782725 -1.28873813 -1.29210317 -1.28921986 -1.28496027 -1.27863646 -1.27339137 -1.26645291 -1.26252162 -1.25823069 -1.25355625 -1.24473596 -1.23757112 -1.23165858 -1.22055006 -1.21607339 -1.20919478 -1.05850840 -0.73118776 -0.24646443 0.14059672 0.09933851 -0.43924603 -1.16103721 -2.02677846 -2.67446017 -2.80247831 -2.88451862 -2.99126196 -3.02511239 -3.03936648 -3.06610727 -3.08724165 -3.09973979 -3.09571910 -3.09006143 -3.10098839 -3.10851526 -3.09376097 -3.09994888 -3.15793157 -3.27495575 -3.46663475 -3.63025951 -3.67823029 -3.60845447 -3.56705904 -3.50561571 -3.05729532 -2.09545350
-1.24293184 -1.25009215 -1.25446916 -1.26309884 -1.26787317 -1.26958609 -1.27100396 -1.27480042 -1.27881575 -1.28250766 -1.28213882 -1.28122985 -1.27867866 -1.27603257 -1.26976264 -1.26424301 -1.25767303 -1.25038028 -1.24351394 -1.23400283 -1.22550213 -1.22035706 -1.20895076 -1.18002188 -0.99420398 -0.64842898 -0.16073710 0.12224583 0.13173851 -0.32455426 -1.05174661 -1.92631543 -2.59884882 -2.82607555 -2.83446217 -2.92537403 -3.01698494 -3.03792143 -3.05031252 -3.07795572 -3.10025525 -3.11217713 -3.10921812 -3.10165954 -3.11177564 -3.11567354 -3.10963297 -3.13458228 -3.28857684 -3.49020648 -3.75503850 -3.85432887 -3.48673534 -3.26740170 -3.29502583 -3.02836657 -2.59455204 -1.75445795
-1.24115527 -1.24745274 -1.25317049 -1.25951695 -1.26399767 -1.26505971 -1.26605666 -1.27011371 -1.27409661 -1.27438462 -1.27499378 -1.27452147 -1.27162576 -1.26995456 -1.26638663 -1.25932753 -1.25072372 -1.24107087 -1.23234344 -1.22214258 -1.21671188 -1.20796883 -1.09906805 -0.85562402 -0.46040484 -0.11151641 0.00665534 0.00159958 -0.29986086 -0.97001868 -1.89386356 -2.60841203 -2.83285999 -2.85300732 -2.85465097 -2.92847157 -3.00725579 -3.02788138 -3.04780030 -3.07984447 -3.10166073 -3.11387348 -3.11471224 -3.10542703 -3.10896540 -3.11661530 -3.11971045 -3.15980530 -3.37446070 -3.64153719 -3.92022729 -3.97631192 -3.31384420 -2.92835045 -2.73491454 -2.37501144 -2.02181530 -1.47390282
-1.24299037 -1.24958634 -1.25522351 -1.26053107 -1.26393795 -1.26328421 -1.26471710 -1.26768434 -1.27266157 -1.27493167 -1.27275395 -1.27138674 -1.27024782 -1.26842213 -1.26127958 -1.25529265 -1.24557078 -1.23389149 -1.22443271 -1.21827257 -1.20697176 -1.05888176 -0.78518474 -0.28333506 -0.10129949 -0.18756428 -0.16103691 -0.30584708 -0.98564667 -1.83934128 -2.57146883 -2.83383942 -2.86794329 -2.85071111 -2.83726382 -2.90635324 -2.98515153 -3.01327562 -3.04373193 -3.07765484 -3.09885812 -3.10840797 -3.10697746 -3.10548902 -3.11119604 -3.12282658 -3.11410403 -3.16230059 -3.42235017 -3.79097104 -4.19714594 -4.08221292 -2.94054818 -2.22784376 -1.97064531 -1.75424886 -1.47212565 -1.28992414
-1.24454176 -1.24891901 -1.25614321 -1.25812304 -1.26149738 -1.26197445 -1.26348102 -1.26764786 -1.27073741 -1.27095866 -1.26963449 -1.26834404 -1.26582491 -1.26131952 -1.25379479 -1.24625766 -1.23757374 -1.22606182 -1.21714509 -1.20770824 -1.07636583 -0.78072512 -0.31264979 -0.01454592 -0.19669688 -0.23572579 -0.36741617 -1.11564791 -1.87235761 -2.49923921 -2.77570367 -2.85458446 -2.87985635 -2.86427522 -2.82405353 -2.88952923 -2.97807670 -3.00326276 -3.03999352 -3.07488012 -3.08825135 -3.09685278 -3.10347533 -3.10512304 -3.10730577 -3.10419488 -3.07977676 -3.14461637 -3.47106910 -3.86527753 -4.33974314 -3.92158055 -2.47644615 -1.61888480 -1.36768126 -1.29860461 -1.32449400 -1.35579288
-1.24591804 -1.24950528 -1.25346744 -1.25817966 -1.26012087 -1.26182532 -1.26583040 -1.26798379 -1.26992452 -1.27284098 -1.26746500 -1.26424825 -1.25901234 -1.25388718 -1.24709558 -1.23813939 -1.22825515 -1.21450317 -1.21248674 -1.12125051 -0.85200375 -0.47458586 0.02971589 0.10843094 -0.15606916 -0.63892841 -1.34931910 -2.04216599 -2.48895073 -2.72197604 -2.81799960 -2.88665271 -2.91158724 -2.88101339 -2.82550287 -2.86947727 -2.96144485 -2.99622583 -3.03921199 -3.07055306 -3.08228779 -3.09518695 -3.10164404 -3.10206413 -3.09689283 -3.07239628 -3.05177760 -3.13814735 -3.50899792 -3.94588161 -4.38797331 -3.77151990 -2.14186144 -1.33917165 -1.31673968 -1.36006701 -1.43468034 -1.45834899
-1.24009538 -1.24530208 -1.24954128 -1.25225365 -1.25352252 -1.25927210 -1.26092494 -1.26680708 -1.26742351 -1.26282525 -1.26015270 -1.25224173 -1.24516869 -1.24218905 -1.23322701 -1.22635448 -1.21455204 -1.20312130 -1.18696904 -0.99085981 -0.64292443 -0.02977250 0.44756854 -0.05850949 -0.85292411 -1.71367180 -2.33110166 -2.59124780 -2.71713185 -2.79856753 -2.87494183 -2.92250514 -2.94164610 -2.88556695 -2.80996752 -2.83851624 -2.95043993 -2.99425721 -3.03204608 -3.07090688 -3.08595943 -3.09980655 -3.09643054 -3.08538675 -3.08792186 -3.06793332 -3.05564976 -3.17191839 -3.57920694 -3.98929381 -4.30334377 -3.58712101 -1.96483552 -1.28054154 -1.40344465 -1.42891860 -1.45065355 -1.46774447
-1.23223829 -1.23616958 -1.24047720 -1.24524271 -1.24788189 -1.25313056 -1.25757194 -1.26011825 -1.25966334 -1.25550699 -1.24846363 -1.24098718 -1.23358822 -1.22576046 -1.21914375 -1.21193969 -1.20205057 -1.19539058 -1.10606217 -0.81909335 -0.31019673 0.49572918 0.21775037 -0.82485372 -1.77558708 -2.43441176 -2.67680860 -2.73740768 -2.76789069 -2.84211302 -2.90912008 -2.93438292 -2.93886042 -2.87667894 -2.79627943 -2.82406759 -2.93859982 -2.99487877 -3.03344035 -3.06396437 -3.07403779 -3.08542562 -3.08808136 -3.08191466 -3.07723641 -3.05283427 -3.04974484 -3.24855900 -3.69799352 -4.10353088 -4.20078039 -3.33795524 -1.86062312 -1.30329812 -1.40782559 -1.43490887 -1.45818889 -1.47358561
-1.22464859 -1.22936618 -1.23238075 -1.23588240 -1.24028504 -1.24400163 -1.24643910 -1.24777997 -1.24802530 -1.24235904 -1.23659933 -1.22751272 -1.21752882 -1.21059167 -1.20411706 -1.19410789 -1.18513119 -1.17467296 -0.97131544 -0.59007347 0.16571155 0.53578925 -0.45628110 -1.54819250 -2.38784289 -2.70396924 -2.76981974 -2.78245759 -2.79214406 -2.84832287 -2.92581582 -2.94081450 -2.93596196 -2.88510585 -2.81180167 -2.84310508 -2.94630647 -3.00359368 -3.03602910 -3.06157088 -3.06954288 -3.08229947 -3.09049177 -3.07815051 -3.06402326 -3.05004334 -3.08607483 -3.34073472 -3.80836320 -4.26619387 -4.11928797 -3.01313972 -1.70242786 -1.25645924 -1.40235484 -1.42822719 -1.45085394 -1.46742344
-1.21238637 -1.21610534 -1.22028518 -1.22023010 -1.22625220 -1.23051882 -1.23263085 -1.23313308 -1.23148823 -1.22876966 -1.21905041 -1.21207893 -1.20282769 -1.19390523 -1.18563497 -1.17585981 -1.16513026 -1.13062429 -0.82302409 -0.29800686 0.47251514 0.19351117 -1.09531283 -2.11306143 -2.66372275 -2.78241229 -2.80878901 -2.80499339 -2.78677702 -2.83874750 -2.92416310 -2.95165777 -2.94484305 -2.89324522 -2.82880616 -2.85768008 -2.95447803 -3.01174736 -3.04031968 -3.06692004 -3.07641912 -3.08627367 -3.09064817 -3.07289743 -3.06250763 -3.06812620 -3.18124366 -3.52099800 -3.94520879 -4.35505104 -3.94210172 -2.59494114 -1.58173490 -1.22431862 -1.39414918 -1.41803348 -1.44382071 -1.46135032
-1.20929265 -1.20584834 -1.20883155 -1.20962751 -1.21372437 -1.21614802 -1.21866834 -1.21773231 -1.21533740 -1.21472526 -1.20779002 -1.19911659 -1.19150484 -1.17990291 -1.16969061 -1.15837264 -1.15043867 -1.02187979 -0.68060637 0.01768055 0.55510902 -0.36237779 -1.55884206 -2.46125102 -2.74903154 -2.79649091 -2.82940149 -2.82560849 -2.78787756 -2.81054711 -2.90841269 -2.95560956 -2.94596052 -2.88141608 -2.83182001 -2.87194514 -2.95966983 -3.02119470 -3.04678321 -3.06397986 -3.07431746 -3.08068085 -3.08027768 -3.06817365 -3.05763388 -3.08990550 -3.28085566 -3.68355799 -4.13138199 -4.30833626 -3.55067611 -2.14462399 -1.34439421 -1.28434837 -1.38477039 -1.41179621 -1.43645263 -1.45211363
-1.19964695 -1.19687080 -1.19472003 -1.19569182 -1.20226407 -1.20448470 -1.20430112 -1.20473862 -1.20270777 -1.20127130 -1.19753623 -1.18832004 -1.17925394 -1.16926062 -1.15748799 -1.14331448 -1.13405144 -0.88435620 -0.44605365 0.31925949 0.46170095 -0.85083705 -1.98073590 -2.63432121 -2.77925634 -2.83715796 -2.85877013 -2.84806418 -2.81598830 -2.81101274 -2.89794302 -2.95277405 -2.94669390 -2.88368607 -2.87238479 -2.91845846 -2.98490691 -3.03225088 -3.05957270 -3.06664562 -3.07714629 -3.08129478 -3.08198333 -3.07659578 -3.06557417 -3.10450077 -3.35033369 -3.76023793 -4.29991627 -4.26654720 -3.07643533 -1.73643410 -1.18739092 -1.34621322 -1.38092327 -1.40667319 -1.42810392 -1.44495165
-1.18852890 -1.18564820 -1.18367410 -1.18658400 -1.19021404 -1.19154572 -1.19286978 -1.19326591 -1.19021297 -1.18917942 -1.18602407 -1.17809272 -1.16880870 -1.15848827 -1.14494693 -1.13181543 -1.09878564 -0.76244801 -0.20687535 0.51113218 0.07671070 -1.32688725 -2.35151553 -2.73593068 -2.82692313 -2.89514041 -2.91687322 -2.89270949 -2.86593151 -2.84979534 -2.88541365 -2.96692991 -2.97330117 -2.91122484 -2.93013835 -2.97061706 -3.01151705 -3.05197453 -3.08119154 -3.08629799 -3.09352660 -3.09570384 -3.10023761 -3.08530641 -3.07517123 -3.13042474 -3.44474673 -3.87133408 -4.39187002 -4.16628742 -2.61893511 -1.49575126 -1.20026124 -1.34677851 -1.37292540 -1.40062118 -1.42164731 -1.43582475
-1.17522991 -1.17451978 -1.17452931 -1.17676294 -1.18097866 -1.18259931 -1.18222463 -1.18372393 -1.18229198 -1.17867887 -1.17633998 -1.16942847 -1.15709615 -1.14552760 -1.13404942 -1.12570238 -1.00835133 -0.62886781 0.08940344 0.54709685 -0.41253814 -1.67377532 -2.53855371 -2.73645687 -2.83312225 -2.90466928 -2.93581128 -2.92596412 -2.90595675 -2.88271904 -2.88814497 -2.96436644 -2.96919966 -2.91784644 -2.93315077 -2.98274279 -3.01859713 -3.05063486 -3.08313012 -3.09001708 -3.08653021 -3.08730054 -3.08917522 -3.07825971 -3.07194567 -3.15038204 -3.52739882 -3.94253373 -4.38974905 -3.95026994 -2.22607350 -1.30559170 -1.27598906 -1.34686792 -1.37111330 -1.39419115 -1.41550839 -1.42855430
-1.16098952 -1.16294587 -1.16531765 -1.16776407 -1.17125380 -1.17231691 -1.17179227 -1.17362905 -1.17295063 -1.16960526 -1.16319871 -1.15704215 -1.14450705 -1.13264096 -1.12288928 -1.10051036 -0.85303003 -0.40454432 0.39169836 0.37121978 -0.93372506 -2.04041624 -2.63831639 -2.74795413 -2.85247779 -2.92110276 -2.96348333 -2.96341062 -2.96166515 -2.94099617 -2.91453528 -2.95383191 -2.95743155 -2.92007160 -2.94666529 -3.00016975 -3.03555155 -3.06342268 -3.08898091 -3.08600664 -3.08540082 -3.08491564 -3.08677363 -3.08117890 -3.07214069 -3.16642857 -3.55680466 -3.92425942 -4.29882669 -3.73986077 -1.93935454 -1.20597053 -1.31110620 -1.34215033 -1.36945367 -1.38913262 -1.40929866 -1.42576528
-1.15319252 -1.15487480 -1.15684927 -1.15838206 -1.15874505 -1.16281176 -1.16352475 -1.16469598 -1.16476154 -1.15867066 -1.15239966 -1.14485383 -1.13082898 -1.11586714 -1.11349750 -0.97763759 -0.60761487 0.01532657 0.52722186 -0.17773315 -1.39239693 -2.33904767 -2.70041633 -2.77584314 -2.87210679 -2.93052483 -2.98437500 -3.00106168 -3.00053263 -2.98128128 -2.92796421 -2.92761970 -2.94366336 -2.93259788 -2.96969247 -3.01714516 -3.03733277 -3.06150079 -3.08449101 -3.08212924 -3.08551455 -3.08281374 -3.08171296 -3.07975173 -3.06933951 -3.16323090 -3.51577353 -3.84765315 -4.16250324 -3.57717419 -1.86535096 -1.18410552 -1.29987109 -1.33959615 -1.36395836 -1.38483155 -1.40253377 -1.41626775
-1.14572656 -1.14603198 -1.14963341 -1.14892495 -1.15016377 -1.15318060 -1.15491402 -1.15402830 -1.15130317 -1.14638531 -1.13694859 -1.12825704 -1.11458790 -1.10182178 -1.06336331 -0.80945218 -0.37280896 0.36881807 0.25684115 -0.75102335 -1.73816288 -2.50746536 -2.71052837 -2.78890777 -2.87230325 -2.93005681 -2.97668934 -2.99674010 -3.00651979 -2.98265171 -2.92566109 -2.89329696 -2.91024494 -2.92911434 -2.97379422 -3.00969172 -3.02867937 -3.05505347 -3.07241917 -3.07137918 -3.06874394 -3.06878304 -3.06444716 -3.06018615 -3.05852461 -3.13963461 -3.44466281 -3.76548243 -4.00118685 -3.49170971 -2.01065493 -1.13495338 -1.28742313 -1.32928777 -1.35649931 -1.37546372 -1.39479041 -1.40965998
-1.13539493 -1.13619697 -1.13726115 -1.13991761 -1.14140081 -1.14127064 -1.14351904 -1.14185417 -1.13858426 -1.13224649 -1.12297964 -1.11174583 -1.09816837 -1.08922768 -0.95788354 -0.68183011 -0.04711928 0.57556194 -0.19197530 -1.25543785 -2.16936636 -2.62834501 -2.72076893 -2.80754328 -2.88520265 -2.93470407 -2.97283936 -2.99645591 -3.00380611 -2.98611188 -2.92591786 -2.85537696 -2.86783671 -2.92368007 -2.97224760 -3.01516223 -3.03714824 -3.05213094 -3.05929303 -3.05560112 -3.05485630 -3.05834055 -3.05294251 -3.04634714 -3.04770851 -3.11673236 -3.36417079 -3.66790867 -3.90601850 -3.50259781 -2.27804589 -1.23580945 -1.26423645 -1.32475972 -1.34545779 -1.36834455 -1.38693726 -1.40402079
-1.12690985 -1.12733877 -1.13085306 -1.13115239 -1.13483918 -1.13560760 -1.13351798 -1.12991822 -1.12493777 -1.11938977 -1.10851800 -1.09648323 -1.08571100 -1.07751298 -0.83158869 -0.44312039 0.36877531 0.49028042 -0.79437703 -1.83987188 -2.50676966 -2.69077635 -2.76116633 -2.84502172 -2.90724468 -2.94182611 -2.97304559 -2.99936771 -3.01056719 -2.98938251 -2.91726089 -2.83019614 -2.84921980 -2.92393875 -2.98243093 -3.02092004 -3.03819585 -3.04391479 -3.05045295 -3.05130935 -3.05025315 -3.05179381 -3.04790950 -3.03953481 -3.05026841 -3.08623266 -3.29562426 -3.54985404 -3.78756523 -3.62365246 -2.64007235 -1.41868615 -1.24592006 -1.31054854 -1.33574677 -1.35592330 -1.38051224 -1.39702427
-1.11878014 -1.11811233 -1.12133610 -1.12597907 -1.12770247 -1.12826824 -1.12520623 -1.12094665 -1.11723197 -1.10750222 -1.09687245 -1.08315110 -1.07338202 -1.04914427 -0.74515778 -0.17432228 0.49477845 0.03607368 -1.36062312 -2.34726095 -2.63932133 -2.69334316 -2.78336263 -2.86593699 -2.91324401 -2.94221997 -2.97854662 -3.00146842 -3.00517392 -2.97942162 -2.90831113 -2.81378961 -2.83483815 -2.91051197 -2.97224450 -3.00990772 -3.03381181 -3.04392862 -3.04828358 -3.04676461 -3.04142022 -3.03792620 -3.04080391 -3.03638506 -3.04486632 -3.06096983 -3.22786784 -3.45416069 -3.72882295 -3.80464768 -2.96231341 -1.62674165 -1.20854318 -1.29913664 -1.32831788 -1.34984863 -1.36979258 -1.39046907
-1.11170685 -1.11434448 -1.11739135 -1.12076604 -1.12520564 -1.12364483 -1.12164402 -1.11598361 -1.10777366 -1.09761512 -1.08545280 -1.07409608 -1.06783378 -1.02025449 -0.67339694 0.00461213 0.47890332 -0.38312668 -1.72707617 -2.58213949 -2.68356991 -2.71639037 -2.80650806 -2.88941789 -2.92707634 -2.95607376 -2.99166703 -3.01093483 -3.01624322 -2.99967027 -2.92664981 -2.82282972 -2.83521390 -2.89897108 -2.97285604 -3.02168131 -3.04665732 -3.05661058 -3.04742002 -3.04531956 -3.04285407 -3.04122972 -3.04110217 -3.03602481 -3.04586864 -3.06198382 -3.18802714 -3.45107675 -3.76196527 -3.95324492 -3.17660880 -1.75628901 -1.20573449 -1.29329395 -1.32180667 -1.34061694 -1.36407816 -1.38613796
-1.10323513 -1.10511887 -1.11043179 -1.11619365 -1.11654401 -1.11883080 -1.11276162 -1.10562384 -1.09707510 -1.08452213 -1.07416451 -1.06627882 -1.05778193 -0.96496290 -0.61538017 0.05519536 0.40327108 -0.68780011 -2.03720474 -2.67869592 -2.69743466 -2.73192644 -2.81088996 -2.89601707 -2.93776870 -2.96789813 -3.00043607 -3.02498794 -3.02792501 -3.00961900 -2.93610168 -2.84360433 -2.84187651 -2.90859675 -2.98052049 -3.02631474 -3.05609965 -3.06240320 -3.06088281 -3.05289602 -3.04898500 -3.04460168 -3.03769827 -3.04283357 -3.05050087 -3.06484365 -3.18511581 -3.53578138 -3.84641957 -4.01629353 -3.27885079 -1.80134904 -1.18124402 -1.28348792 -1.31377900 -1.33629477 -1.35731494 -1.37927866
-1.09655666 -1.10036004 -1.10498154 -1.10935128 -1.11105728 -1.10975361 -1.10636473 -1.09721088 -1.08763325 -1.07686257 -1.06720626 -1.05961883 -1.05314422 -0.92023581 -0.54674506 0.08407144 0.36920467 -0.87929541 -2.22203898 -2.69591641 -2.71280575 -2.73177385 -2.80531645 -2.88921070 -2.93837500 -2.96973300 -3.00372100 -3.02012873 -3.01833177 -2.99865174 -2.94723082 -2.88049316 -2.86593771 -2.91198921 -2.97335863 -3.02370667 -3.05753708 -3.05923533 -3.06330681 -3.04396605 -3.04012752 -3.03918886 -3.03918338 -3.04526949 -3.06604242 -3.06618071 -3.18914390 -3.62598085 -3.91599774 -4.08784533 -3.21187687 -1.74422789 -1.18106520 -1.28511608 -1.30721223 -1.32928967 -1.35434949 -1.37416124
-1.08737588 -1.09043789 -1.09669638 -1.10113370 -1.10162854 -1.10302508 -1.09978139 -1.09118211 -1.07943141 -1.06901288 -1.05865991 -1.05113792 -1.04316545 -0.86280197 -0.47815761 0.12679914 0.37467891 -1.03745210 -2.33387446 -2.70086956 -2.72431111 -2.73898292 -2.80091000 -2.88175178 -2.94219828 -2.97014213 -2.99890685 -3.01272869 -3.01623034 -3.00769091 -2.96908021 -2.89901328 -2.87685585 -2.91725612 -2.96481586 -3.01711798 -3.04505420 -3.04352140 -3.04745388 -3.03870583 -3.03447866 -3.03494406 -3.04559517 -3.05005145 -3.06702232 -3.04946852 -3.21251893 -3.65630937 -3.99889493 -4.06066704 -3.07305288 -1.64075387 -1.17404091 -1.28168225 -1.30572784 -1.32746291 -1.35048151 -1.37352729
-1.08251297 -1.08523405 -1.08829033 -1.09434760 -1.09637165 -1.09615803 -1.09470737 -1.08525455 -1.07819009 -1.06799448 -1.05908597 -1.04748535 -1.04282773 -0.80084836 -0.41114190 0.19749644 0.36134952 -1.16962242 -2.39642429 -2.70470357 -2.73732448 -2.75363088 -2.80291128 -2.88729835 -2.94776607 -2.97587729 -2.99807811 -3.01796913 -3.02333951 -3.01541471 -2.97968769 -2.91396451 -2.88771129 -2.91037726 -2.94413280 -3.00207734 -3.02448130 -3.02344394 -3.03167081 -3.03293037 -3.01969361 -3.03451180 -3.05195856 -3.05995107 -3.07170105 -3.03520203 -3.25345659 -3.66824865 -4.11150312 -4.12966013 -2.90088534 -1.56886888 -1.15563273 -1.28480816 -1.31178939 -1.32965755 -1.35256374 -1.37422264
-1.07318997 -1.07440853 -1.07909608 -1.08332539 -1.08832455 -1.08566284 -1.08502054 -1.07962954 -1.06980467 -1.06390452 -1.05399406 -1.04326689 -1.03127670 -0.76685941 -0.34048787 0.26854128 0.30417487 -1.27528870 -2.46876717 -2.71425128 -2.75034356 -2.76519370 -2.80607367 -2.88325906 -2.93897605 -2.96797442 -2.99378538 -3.01234460 -3.01362228 -3.00484085 -2.97975254 -2.92119241 -2.88207960 -2.89224577 -2.92972445 -2.98416877 -3.00674582 -3.00081062 -3.00892949 -3.01123810 -3.00519633 -3.02726269 -3.05034637 -3.06659293 -3.06345248 -3.01352739 -3.27085066 -3.68956256 -4.14759207 -4.09375238 -2.69494724 -1.42605293 -1.20412219 -1.28901005 -1.31147742 -1.33079374 -1.34758639 -1.36990583
-1.06558514 -1.06547666 -1.06962216 -1.07316875 -1.07608914 -1.07951212 -1.07677543 -1.07587504 -1.06988859 -1.05835342 -1.05211461 -1.03873694 -1.02144468 -0.74630004 -0.27205333 0.31233236 0.22499722 -1.39917493 -2.54745269 -2.74431062 -2.78297400 -2.79430509 -2.82635808 -2.89018130 -2.93504930 -2.95922399 -2.98665833 -3.00475812 -3.01737952 -3.01016426 -2.98542142 -2.93785524 -2.89664197 -2.88782454 -2.92465639 -2.97442365 -2.99505639 -2.98090649 -2.99086976 -2.99606705 -3.00538611 -3.03165412 -3.06096745 -3.06950378 -3.05528069 -2.99216080 -3.28005433 -3.69997764 -4.17202139 -4.04191542 -2.55389810 -1.40654051 -1.26670837 -1.29496849 -1.31657636 -1.33490026 -1.35191441 -1.37295723
-1.05310535 -1.05396807 -1.05727458 -1.06228638 -1.06459403 -1.06643820 -1.06871879 -1.06684148 -1.06156611 -1.05160916 -1.03925550 -1.02855861 -0.99977833 -0.73239905 -0.27763045 0.24903297 0.12587662 -1.48331654 -2.60439873 -2.78405118 -2.81907058 -2.82781768 -2.84165549 -2.88140583 -2.92093754 -2.94393969 -2.97227120 -2.99505949 -3.00918674 -3.00909495 -2.99010181 -2.94964957 -2.89253139 -2.87071443 -2.90410352 -2.94947767 -2.97431588 -2.97215033 -2.98089194 -2.98961306 -3.00770879 -3.03577733 -3.07035637 -3.07241273 -3.02846313 -2.95889926 -3.28061271 -3.70543194 -4.19069433 -4.06727219 -2.56201100 -1.40739655 -1.27028227 -1.29791415 -1.31843925 -1.33475828 -1.35276055 -1.36912370
-1.03535783 -1.03978837 -1.04073310 -1.04349470 -1.04604864 -1.04938817 -1.05181158 -1.05346167 -1.05108762 -1.03902280 -1.02971792 -1.01397204 -0.98185915 -0.72523230 -0.38284880 0.13656518 0.03298209 -1.42982066 -2.57591701 -2.79179955 -2.82500792 -2.82981181 -2.83125854 -2.85268235 -2.88790345 -2.91107512 -2.93755651 -2.96436048 -2.97631383 -2.97712612 -2.95639610 -2.91298485 -2.85087180 -2.82885671 -2.86105204 -2.91523671 -2.94380474 -2.94768620 -2.95940971 -2.96636558 -2.98214412 -3.01923728 -3.04771781 -3.04030681 -2.98561764 -2.94521093 -3.29233766 -3.75254107 -4.28212929 -4.09396029 -2.49819326 -1.36930966 -1.27523744 -1.29761910 -1.31465483 -1.33046675 -1.35016799 -1.36468852
-1.01737273 -1.01838696 -1.02229035 -1.02323759 -1.02322114 -1.02669752 -1.03172755 -1.03312409 -1.03001499 -1.02272916 -1.00888002 -0.99622744 -0.96452683 -0.74215990 -0.44791302 0.00506765 -0.00056814 -1.15426624 -2.46516490 -2.77727437 -2.81805539 -2.82465219 -2.83069825 -2.85349464 -2.87733793 -2.89414382 -2.91212201 -2.93137479 -2.93839169 -2.93689132 -2.91812015 -2.88559365 -2.84330487 -2.82405162 -2.85356903 -2.90313172 -2.92616010 -2.93015194 -2.94176984 -2.95107627 -2.96996808 -3.00688338 -3.02392650 -3.01154399 -2.95777035 -2.99283767 -3.43370032 -3.83266521 -4.27861071 -4.00243473 -2.33221078 -1.34977710 -1.27246559 -1.29504955 -1.31405294 -1.32774651 -1.34277308 -1.36008000
-0.99296170 -0.97860509 -0.95768207 -0.95275933 -0.97911888 -1.00100303 -1.01157212 -1.01479113 -1.00544620 -0.98447615 -0.94493300 -0.88270193 -0.82217461 -0.65656853 -0.39016175 -0.10182206 0.02324998 -0.82781786 -2.26491690 -2.73605371 -2.83079648 -2.84693980 -2.85292077 -2.86867809 -2.88007736 -2.89572835 -2.90943360 -2.91434550 -2.91446328 -2.91534114 -2.90526080 -2.87454319 -2.85086417 -2.82858753 -2.84034610 -2.88716173 -2.91724658 -2.92117929 -2.92951679 -2.94763517 -2.96300745 -2.99761343 -3.02006149 -2.99597931 -2.93953753 -3.06261420 -3.63888693 -3.96120715 -4.33647299 -3.83967352 -2.10216570 -1.32368112 -1.26943660 -1.29107642 -1.30609453 -1.32142186 -1.33585501 -1.35427535
-0.82532835 -0.67718309 -0.67373335 -0.74180508 -0.82859915 -0.91861588 -0.94807214 -0.90499228 -0.76800501 -0.58835012 -0.46207783 -0.43819275 -0.47439536 -0.43439540 -0.17076939 -0.08871093 0.14663589 -0.42506251 -1.74020815 -2.60068774 -2.82044578 -2.84399652 -2.85776210 -2.87352657 -2.88859868 -2.89712882 -2.90446353 -2.90734410 -2.90460730 -2.90548921 -2.89562821 -2.86572099 -2.84193659 -2.82324672 -2.81998634 -2.86271739 -2.90222073 -2.90884972 -2.91328859 -2.93061185 -2.94942164 -2.98605442 -2.99785352 -2.96501637 -2.92920017 -3.13858485 -3.76355147 -4.17614269 -4.37297535 -3.52394295 -1.82528377 -1.20485616 -1.26839244 -1.28693461 -1.30304885 -1.32026076 -1.33542609 -1.35473001
-0.27252159 -0.41813031 -0.79945529 -1.00355363 -0.97115833 -0.67476791 -0.43362692 -0.29982612 -0.23830667 -0.26584926 -0.34033948 -0.49619725 -0.62016517 -0.59216875 -0.41548255 -0.40071490 -0.26994303 -0.47728750 -1.36558914 -2.38907647 -2.72764802 -2.83553481 -2.86983991 -2.89212155 -2.90372419 -2.90269113 -2.90510798 -2.90511727 -2.90440750 -2.90256310 -2.89328933 -2.87438321 -2.85050058 -2.82453084 -2.80159736 -2.83770108 -2.87456799 -2.88535643 -2.89519882 -2.92111492 -2.94310164 -2.96723652 -2.97612882 -2.93504977 -2.95020247 -3.27232337 -3.80886364 -4.32318449 -4.32330132 -2.98815584 -1.58046234 -1.12772250 -1.26839137 -1.28696191 -1.30070949 -1.31923544 -1.33648515 -1.35113180
-0.05690426 -0.60673434 -0.98807126 -1.07829177 -0.90978783 -0.53066766 -0.30380154 -0.32096305 -0.54916644 -0.67183739 -0.73936641 -0.79529822 -0.82304347 -0.84616792 -0.70263427 -0.54398817 -0.57608211 -0.65868247 -1.24666286 -2.23437285 -2.76515174 -2.86129999 -2.89159966 -2.91668248 -2.92133045 -2.91564536 -2.91716123 -2.92063427 -2.91972899 -2.92390895 -2.91617727 -2.90364170 -2.87864327 -2.83290029 -2.79702735 -2.83298588 -2.87647271 -2.88766170 -2.90678883 -2.92959309 -2.94881868 -2.96373057 -2.97271299 -2.92942500 -3.00981522 -3.49052262 -3.91721940 -4.38491678 -4.10167170 -2.41435766 -1.39709651 -1.19561160 -1.27184832 -1.29093409 -1.30408323 -1.32032466 -1.33887768 -1.35554934
-0.21519935 -0.74984056 -1.01346135 -1.20146024 -1.18362749 -0.91108340 -0.69773269 -0.78844547 -0.79908586 -0.78329879 -0.86945564 -1.02321458 -1.17293167 -1.26303542 -1.19208932 -0.97791189 -0.92615348 -0.99922997 -1.43213832 -2.11796594 -2.74638438 -2.85838032 -2.87657046 -2.89955783 -2.90741444 -2.90214944 -2.90608644 -2.90996003 -2.91429710 -2.92002749 -2.90869212 -2.90830135 -2.87339950 -2.80956197 -2.79105234 -2.81906414 -2.86475229 -2.88152194 -2.89867902 -2.92083883 -2.93645215 -2.95743704 -2.97688007 -2.98495340 -3.13208199 -3.68303156 -4.07843971 -4.38192654 -3.77106118 -1.98900807 -1.20480621 -1.25112259 -1.27011025 -1.28978908 -1.30585003 -1.31973612 -1.33749926 -1.35632062
0.05454573 -0.92487353 -1.65662265 -1.86289120 -1.62667787 -1.17513227 -0.74542588 -0.62992042 -0.75174385 -1.00725818 -1.28745544 -1.55707514 -1.73300755 -1.78284776 -1.82118285 -1.76893723 -1.71844780 -1.66027522 -1.66859102 -2.09006166 -2.66989684 -2.82652807 -2.85644770 -2.87519813 -2.88329101 -2.88245177 -2.89132047 -2.90037179 -2.90455818 -2.90294361 -2.89663458 -2.89058280 -2.85674262 -2.79089022 -2.77525926 -2.81002498 -2.85135412 -2.86510682 -2.87948728 -2.91056943 -2.91879654 -2.93826675 -2.99645829 -3.08422971 -3.38592625 -3.85866117 -4.23841381 -4.15237761 -3.13684392 -1.67197263 -1.11786091 -1.25144947 -1.27233541 -1.28972447 -1.30641150 -1.31757498 -1.33302355 -1.35275197
-0.47807965 -1.70658243 -2.32238865 -2.20544982 -1.89090645 -1.40848100 -1.24550378 -1.46004832 -1.85864627 -2.17984653 -2.38983154 -2.52707243 -2.58659887 -2.57336879 -2.57497692 -2.52333927 -2.41281652 -2.32221341 -2.27901888 -2.34059811 -2.63294578 -2.81256914 -2.82015395 -2.83725286 -2.84537673 -2.84967422 -2.86196399 -2.88262677 -2.88378191 -2.86371732 -2.83643413 -2.84334397 -2.82318568 -2.77453542 -2.76470804 -2.79868770 -2.83084178 -2.84611058 -2.86243558 -2.89019847 -2.89162493 -2.91274643 -2.98476028 -3.17766500 -3.52634335 -3.94199729 -4.04840612 -3.52737665 -2.45557570 -1.54133725 -1.12709141 -1.25217760 -1.27153325 -1.28996265 -1.30551922 -1.31962848 -1.33003998 -1.34932053
-0.77125406 -2.00790906 -2.43402839 -2.39277649 -2.32638764 -2.33842301 -2.39625096 -2.52129221 -2.66492295 -2.71347308 -2.71445537 -2.71730757 -2.70957589 -2.68584538 -2.65762520 -2.65157175 -2.64270186 -2.62251639 -2.69422460 -2.69260716 -2.74615741 -2.81064510 -2.82340145 -2.82391739 -2.82673120 -2.82681990 -2.83048391 -2.84934664 -2.84693909 -2.81313586 -2.77766395 -2.79477572 -2.79256010 -2.76351523 -2.74805617 -2.78589463 -2.81680584 -2.82950664 -2.84122849 -2.86151052 -2.87047863 -2.87914467 -2.92945099 -3.13185143 -3.43643045 -3.88918281 -3.79814839 -3.08869076 -2.05229998 -1.29791284 -1.17993951 -1.25145459 -1.27360833 -1.29081213 -1.30596209 -1.31474638 -1.32750165 -1.33776689
-0.83916277 -1.93461668 -2.35763741 -2.49306273 -2.58335352 -2.69080567 -2.81055427 -2.96421528 -3.06744361 -3.13562346 -3.08706355 -2.92203140 -2.79156637 -2.74414444 -2.74297357 -2.74548578 -2.74067998 -2.76241755 -2.80702543 -2.84738564 -2.86800718 -2.90862966 -2.92817807 -2.97207880 -2.97434115 -2.97022676 -2.96118093 -2.95743132 -2.94983387 -2.89469123 -2.81692958 -2.79754782 -2.81730533 -2.85671592 -2.88248706 -2.94075799 -2.93628907 -2.91290450 -2.88872576 -2.88246679 -2.89543962 -2.90444207 -2.99747562 -3.17387509 -3.45612025 -3.89442945 -3.69382119 -2.40438581 -1.40578306 -0.98346490 -1.07613921 -1.11391485 -1.13809502 -1.16251767 -1.18081117 -1.19443011 -1.21503139 -1.23552442
-0.97960979 -1.85581160 -2.37749839 -2.56710434 -2.77212977 -2.94183564 -3.14263463 -3.25554013 -3.21138883 -2.97582650 -2.78563809 -2.61340523 -2.55215359 -2.55279493 -2.57131457 -2.60091424 -2.63259912 -2.65836692 -2.70803261 -2.75801849 -2.81431103 -2.85894775 -2.91692853 -2.95165849 -2.95267677 -2.95416307 -2.98984766 -3.00612378 -2.99714899 -2.90602541 -2.79324436 -2.74251056 -2.81291080 -2.89392304 -3.03143167 -3.08903170 -3.01863647 -2.94394398 -2.90693402 -2.91357470 -2.91900730 -2.95867419 -3.12275791 -3.28314471 -3.53847694 -3.57106113 -3.08114505 -1.83412695 -0.95418805 -0.91707069 -1.01809978 -1.02515244 -1.01854813 -1.00658441 -0.98832959 -0.95783240 -0.94288617 -0.96663183
