-1.25968182 -1.24836683 -1.37391245 -1.18090487 -1.27976739 -1.16808915 -1.23626935 -1.33603036 -1.21120465 -1.31939602 -1.29130912 -1.32154381 -1.36209357 -1.33068681 -1.36658776 -1.37641060 -1.38929605 -1.33467817 -1.33953416 -1.34353566 -1.33395553 -1.33614850 -1.33987308 -1.34364402 -1.34538817 -1.34968472 -1.35069871 -1.34857368 -1.34637308 -1.34403300 -1.34153724 -1.33998108 -1.33559334 -1.33056438 -1.32221317 -1.31628418 -1.31070173 -1.30634487 -1.30917883 -1.23758805 -1.26219594 -2.14857650 -2.49619913 -2.39538002 -1.91670275 -1.21927249 -0.54653299 -0.59099072 -0.99605566 -1.22269917 -1.30327034 -1.33260548 -1.35954583 -1.67153096 -2.13094449 -2.45859361 -2.03457546 -0.88773632
-1.20249462 -1.35809255 -1.55029857 -1.38729274 -1.39589918 -1.25536466 -1.38130796 -1.34013617 -1.11914182 -1.30515003 -1.33029532 -1.26306808 -1.28662217 -1.27813351 -1.18577003 -1.40072286 -1.29104435 -1.18071461 -1.30327022 -1.32247078 -1.32742178 -1.32971227 -1.33340204 -1.33777654 -1.34102595 -1.34453249 -1.34083200 -1.33835435 -1.33545387 -1.33731127 -1.33454597 -1.33276939 -1.32750738 -1.32076013 -1.31350219 -1.30811715 -1.30034268 -1.29766476 -1.28074825 -1.19862664 -1.47363675 -2.27175546 -2.17196727 -1.94542754 -1.60533237 -1.02034962 -0.69704628 -0.57788897 -0.94299877 -1.35561526 -1.55992007 -1.74679708 -2.04567838 -2.42482781 -2.77073812 -2.44997978 -1.49635243 -0.45389846
-1.24358428 -1.45954728 -1.58823729 -1.11858201 -0.97730607 -1.06217718 -1.40180993 -1.20605028 -1.10044098 -1.14613605 -1.33261931 -1.19661415 -1.28267610 -1.27272475 -1.27764368 -1.56264627 -1.33875906 -1.14605176 -1.25958180 -1.29779828 -1.32698548 -1.33035553 -1.33349431 -1.33646441 -1.33695138 -1.33465123 -1.33259439 -1.33061445 -1.33220887 -1.33176947 -1.32822847 -1.32328105 -1.31752646 -1.31109607 -1.30362070 -1.29665828 -1.29133070 -1.29188275 -1.24381816 -1.23207521 -1.79827571 -2.05321121 -1.75502288 -1.44513869 -1.19557345 -1.05083501 -0.98496091 -1.08261180 -1.37063181 -1.84231651 -2.18440223 -2.36413789 -2.47793937 -2.44436407 -2.13446546 -1.66534543 -0.77187145 0.19109161
-1.29349554 -1.56753314 -1.34539855 -0.92883372 -0.98459107 -1.14300096 -1.51236963 -1.17549086 -1.03010190 -1.36059964 -1.52694094 -1.38224483 -1.25183439 -1.39621830 -1.37265313 -1.61920404 -1.26021481 -1.01551092 -1.07780778 -1.30927134 -1.33070648 -1.33631229 -1.33629167 -1.33619440 -1.33324993 -1.33410501 -1.33191049 -1.33208919 -1.33043361 -1.32730103 -1.31936705 -1.31453323 -1.30928731 -1.30325937 -1.29610348 -1.29171741 -1.28892839 -1.26193583 -1.16766751 -1.54142725 -2.15750027 -2.13265848 -1.70086682 -1.27431464 -1.06799114 -1.13440716 -1.10387552 -1.10864127 -1.28722620 -1.47164690 -1.62474060 -1.72702003 -1.67668796 -1.49901700 -1.27715302 -0.94198090 -0.09435828 0.69281608
-1.39977717 -1.52284861 -1.30380356 -1.29744554 -1.37118244 -1.51625979 -1.44257855 -1.09164703 -0.98417801 -1.21962738 -1.38030863 -0.92793775 -1.08507669 -1.17624831 -1.57228065 -1.62280703 -1.09449589 -0.91876876 -0.96417505 -1.28273988 -1.33652902 -1.33833861 -1.33992565 -1.33752704 -1.33440804 -1.33125615 -1.32758808 -1.32514894 -1.32060349 -1.31669950 -1.31196690 -1.30833983 -1.30083466 -1.29335964 -1.28348386 -1.28304863 -1.27122569 -1.21340847 -1.33704889 -1.98936009 -2.38594127 -2.13006186 -1.54616737 -0.99940932 -0.92149192 -1.00871587 -1.07866526 -1.06593752 -1.13495934 -1.18107653 -1.20686221 -1.15150642 -1.05669880 -0.95104718 -0.85118365 -0.49324918 0.38369682 0.74689114
-1.28792167 -1.38635886 -1.31052458 -1.35702252 -1.37159169 -1.29416502 -0.99704957 -0.92053938 -0.89063174 -1.19232142 -1.14983320 -0.91505003 -1.03075862 -1.32676947 -1.34369421 -1.28979957 -0.86538649 -0.71784985 -1.06838441 -1.33792639 -1.33698332 -1.34150875 -1.34358525 -1.33980727 -1.33553267 -1.32986224 -1.32245350 -1.31925690 -1.31378531 -1.31191492 -1.30501485 -1.29856849 -1.28932345 -1.28071368 -1.28030264 -1.27672923 -1.23803079 -1.22761834 -1.71897709 -2.39182544 -2.44447899 -2.08177543 -1.36242867 -0.93126875 -0.90152436 -0.94867474 -0.90238261 -0.79344893 -0.73557889 -0.67071944 -0.61237711 -0.61066526 -0.67765057 -0.73794729 -0.73474663 -0.26422173 0.71935827 0.78362995
-1.32206118 -1.27867091 -1.31964052 -1.40013099 -1.11518931 -0.97371548 -0.94251287 -0.96021062 -0.96667922 -1.13184965 -1.06923449 -0.95050776 -1.09380543 -1.15354085 -1.23517847 -1.14105439 -0.85284841 -0.93743682 -1.26514101 -1.32562137 -1.34495616 -1.34735239 -1.34801102 -1.34590721 -1.34060347 -1.33469617 -1.32967162 -1.32459652 -1.31551516 -1.30871463 -1.30197573 -1.29555392 -1.29056478 -1.28406239 -1.28394377 -1.27232671 -1.25859952 -1.55144787 -2.17407656 -2.48126054 -2.24445796 -1.70612705 -1.02527142 -0.81858277 -0.79898304 -0.81665391 -0.77393460 -0.71128905 -0.67537391 -0.63435978 -0.59294498 -0.60125285 -0.64942175 -0.74027467 -0.75528306 -0.18794894 0.69339776 0.66948074
-1.31103480 -1.37126279 -1.47223306 -1.46541071 -1.25754631 -1.32116354 -1.36788952 -1.37918079 -1.33622074 -1.41558969 -1.35351050 -1.32762969 -1.32783365 -1.40354872 -1.41681755 -1.32285786 -1.27612746 -1.33714497 -1.40475821 -1.35775745 -1.34875536 -1.35155046 -1.35065377 -1.34792411 -1.34318137 -1.33674228 -1.32975972 -1.31990159 -1.31296766 -1.30606961 -1.30037332 -1.29783833 -1.28472161 -1.26614749 -1.34227562 -1.37675846 -1.44105422 -1.94722974 -2.52844787 -2.35680366 -1.89659178 -1.22347069 -0.83118612 -0.76903939 -0.75018293 -0.74390060 -0.79905331 -0.66581613 -0.56571925 -0.62112033 -0.63459337 -0.59856200 -0.60900098 -0.75771165 -0.77727509 -0.30228117 0.43796697 0.51007342
-1.28694952 -1.33222091 -1.34473312 -1.35715830 -1.32424772 -1.35496342 -1.35747313 -1.39834654 -1.40183926 -1.43892419 -1.41758752 -1.39139116 -1.40307450 -1.43135762 -1.39501441 -1.41582429 -1.37697268 -1.34160626 -1.36697280 -1.33496356 -1.34331095 -1.34587979 -1.34913373 -1.34634268 -1.34164417 -1.33435547 -1.32574081 -1.31748772 -1.31160569 -1.30445373 -1.29980540 -1.28904033 -1.25888371 -1.34579635 -1.43552828 -1.56738770 -1.93370867 -2.49492669 -2.43338728 -1.95106018 -1.33671224 -0.87166625 -0.72640949 -0.68298429 -0.65782940 -0.73423505 -0.70591515 -0.43739206 -0.27789280 -0.54537761 -0.58936131 -0.53269231 -0.56150973 -0.74765009 -0.70986992 -0.32634762 0.14159109 0.47359392
-1.26589966 -1.27247417 -1.29939437 -1.31683052 -1.30303371 -1.30905652 -1.33694375 -1.33504570 -1.34064686 -1.34949934 -1.34915221 -1.35420167 -1.34899521 -1.35720694 -1.35637927 -1.35821724 -1.33971310 -1.34849286 -1.34007072 -1.33531225 -1.33535004 -1.33847106 -1.33988500 -1.33821940 -1.33376515 -1.32801807 -1.32129216 -1.31235254 -1.30305541 -1.29594767 -1.29462743 -1.26576149 -1.27524018 -1.60650241 -1.96082962 -2.35116291 -2.65754056 -2.41045713 -1.94844413 -1.41078317 -0.96363729 -0.76249439 -0.71880400 -0.68628114 -0.71692473 -0.83373451 -0.71911407 0.00331711 0.18407382 -0.36141345 -0.55764461 -0.54511529 -0.62196094 -0.65718418 -0.46841332 -0.41052088 0.06379750 0.53530288
-1.26013529 -1.26676655 -1.27427518 -1.28003073 -1.28441799 -1.28918219 -1.29421353 -1.29950356 -1.30384505 -1.30844390 -1.31313109 -1.31790507 -1.32030129 -1.32284641 -1.32264602 -1.32491839 -1.32539272 -1.32387328 -1.32629323 -1.32747233 -1.33018208 -1.33178031 -1.33068705 -1.32705307 -1.32155895 -1.31736159 -1.30719233 -1.29712272 -1.28764403 -1.28766608 -1.25575066 -1.18203199 -1.51312685 -2.06598210 -2.55806208 -2.58760095 -2.18865013 -1.65365779 -1.23538554 -0.96634728 -0.75960690 -0.71008039 -0.68956918 -0.65549022 -0.71425629 -0.86050534 -0.40158987 0.40191808 0.56723225 -0.29252809 -0.75841969 -0.73792738 -0.68380135 -0.30352873 -0.07204790 -0.24713695 0.11936311 0.58308744
-1.26891792 -1.27376020 -1.27978861 -1.28294301 -1.28960133 -1.29381371 -1.29839039 -1.30209875 -1.30657971 -1.31025112 -1.31452620 -1.31800485 -1.32153058 -1.32154870 -1.32343876 -1.32201564 -1.32139361 -1.31929910 -1.32023823 -1.32008302 -1.32501960 -1.32243061 -1.32104623 -1.31708694 -1.31187987 -1.30415297 -1.29600024 -1.28738570 -1.28106153 -1.27652049 -1.19354725 -1.31179619 -1.97573686 -2.59668303 -2.55323553 -2.12357306 -1.46278155 -1.07470191 -0.89598298 -0.77457517 -0.70898736 -0.69942409 -0.67899108 -0.65021992 -0.77056170 -0.82055193 -0.47147372 0.25763521 0.01190597 -0.80066830 -1.21089852 -1.07715082 -0.64589298 -0.05433571 0.10362202 -0.32222593 -0.01708978 0.38956037
-1.27531159 -1.28064251 -1.28583562 -1.28992867 -1.29573691 -1.29856801 -1.30166996 -1.30511522 -1.30922866 -1.31310463 -1.31749487 -1.32331252 -1.32642484 -1.32635593 -1.32276332 -1.32295310 -1.32244992 -1.32018220 -1.31979418 -1.31998062 -1.31833529 -1.31620741 -1.31392074 -1.30902934 -1.30298018 -1.29708254 -1.28895140 -1.27773440 -1.27620327 -1.23877144 -1.13332701 -1.63220537 -2.37863588 -2.35779309 -2.02253890 -1.32835007 -0.89563274 -0.73733974 -0.68906718 -0.68592536 -0.67269069 -0.66126704 -0.64775604 -0.62593049 -0.70646697 -0.75955451 -0.58815336 -0.53936994 -0.70976824 -1.01069725 -1.17734039 -1.07222521 -0.70894802 -0.19105917 -0.55113226 -0.68479371 -0.22618744 0.27736863
-1.27808297 -1.28425622 -1.28891802 -1.29536223 -1.29933071 -1.30257201 -1.30535316 -1.31078434 -1.31440270 -1.32054138 -1.32601941 -1.32867622 -1.32928491 -1.32679820 -1.32282448 -1.32190883 -1.31947589 -1.31799674 -1.31595111 -1.31506538 -1.31311071 -1.30955422 -1.30608821 -1.30024314 -1.29378438 -1.28547573 -1.27596474 -1.27038038 -1.26593971 -1.18440032 -1.30333853 -2.10347748 -2.31167769 -2.07011652 -1.57020211 -1.00124276 -0.79301381 -0.76412958 -0.75298816 -0.74617857 -0.73820287 -0.71943516 -0.70816785 -0.69336355 -0.70074069 -0.80322486 -0.88672048 -0.84076208 -0.98271251 -0.96904492 -0.96025306 -0.92698413 -0.68979067 -0.72750920 -0.81976479 -0.51582038 0.11188722 0.38276803
-1.28264809 -1.28812218 -1.29619229 -1.29983389 -1.30398166 -1.30772936 -1.31293786 -1.31518674 -1.32108104 -1.32499933 -1.32926261 -1.33115637 -1.33219075 -1.32814884 -1.32329309 -1.32267368 -1.32164729 -1.31546247 -1.31248689 -1.31188726 -1.31038153 -1.30583405 -1.30191886 -1.29481733 -1.28440177 -1.27383935 -1.27030730 -1.27019048 -1.23546457 -1.13539112 -1.63711560 -2.30559635 -2.18934512 -1.85538673 -1.20387650 -0.82651466 -0.79442871 -0.76408941 -0.75343281 -0.75137061 -0.74083459 -0.72621727 -0.71520472 -0.70832872 -0.69914865 -0.76772159 -0.80331129 -0.83100128 -0.80289948 -0.78398073 -0.79485178 -0.81175786 -0.81225067 -0.91375792 -0.70474416 -0.18963097 0.40715280 0.56956124
-1.28984797 -1.29487908 -1.30080450 -1.30444932 -1.30862200 -1.31134164 -1.31471813 -1.31823468 -1.32202625 -1.32615328 -1.33098257 -1.33392048 -1.33438671 -1.33025730 -1.32778752 -1.32448041 -1.31924975 -1.31285310 -1.31199837 -1.31151080 -1.31017864 -1.30417573 -1.30033195 -1.29194736 -1.28208268 -1.27563369 -1.27993262 -1.26009166 -1.20948493 -1.37055039 -2.11819673 -2.33002281 -2.04192090 -1.52809346 -0.93296385 -0.80651414 -0.79264331 -0.75767404 -0.75282520 -0.75216526 -0.73187852 -0.72004569 -0.71837544 -0.71744806 -0.69656849 -0.67823970 -0.65904588 -0.65997082 -0.67809266 -0.68851411 -0.67046094 -0.67652166 -0.64963919 -0.70975089 -0.36830273 0.26211405 0.71697974 0.65510350
-1.28963041 -1.29266727 -1.29834235 -1.30432022 -1.30794573 -1.31129372 -1.31587708 -1.32004869 -1.32436645 -1.32950556 -1.33351171 -1.33535063 -1.33404100 -1.33173513 -1.32674217 -1.32132077 -1.31839716 -1.31144774 -1.30858743 -1.30855060 -1.30463386 -1.29753542 -1.29067862 -1.28357255 -1.27786136 -1.27806497 -1.27004731 -1.25138748 -1.30973768 -1.76084840 -2.36208153 -2.29827166 -1.85110438 -1.17127192 -0.81070572 -0.79085124 -0.74998015 -0.72395915 -0.71822095 -0.71566212 -0.70215744 -0.69444412 -0.69879079 -0.69447619 -0.69095504 -0.66207635 -0.63549286 -0.62833679 -0.65127325 -0.66383022 -0.64764518 -0.59784919 -0.59514856 -0.50448364 -0.18093775 0.46423647 0.77467346 0.39932945
-1.28335834 -1.28962171 -1.29630840 -1.30195880 -1.30660689 -1.31068861 -1.31572020 -1.31987882 -1.32323194 -1.32634795 -1.32835805 -1.33067787 -1.32866490 -1.32506156 -1.32046282 -1.31650364 -1.31108439 -1.30584133 -1.30063498 -1.29846489 -1.29410684 -1.28673291 -1.27673554 -1.27612770 -1.27630830 -1.26368821 -1.25561285 -1.33742642 -1.75143218 -2.30866146 -2.50670791 -2.07437849 -1.47158945 -0.91080493 -0.78759170 -0.77093869 -0.72762656 -0.71207297 -0.71445495 -0.71186459 -0.69782084 -0.68640876 -0.69128001 -0.69405043 -0.68803144 -0.66642404 -0.63942593 -0.62456965 -0.63317877 -0.66981739 -0.60361671 -0.46730497 -0.42432815 -0.33159354 0.01997648 0.58671892 0.72464406 0.05985690
-1.28400791 -1.28706074 -1.29480624 -1.30035257 -1.30665469 -1.30812860 -1.31264806 -1.31504202 -1.31738794 -1.32092869 -1.32427216 -1.32548749 -1.32473898 -1.32359385 -1.31723011 -1.31057763 -1.30456340 -1.29863131 -1.29275107 -1.28816581 -1.28199351 -1.27379417 -1.27135706 -1.27505267 -1.26700342 -1.26770079 -1.34390783 -1.76328242 -2.30565786 -2.63590193 -2.27541375 -1.64839029 -1.03662181 -0.76738316 -0.76907730 -0.73498392 -0.69428748 -0.69691014 -0.70509851 -0.70520860 -0.68916833 -0.68017334 -0.68392199 -0.68916577 -0.69096684 -0.67911559 -0.65410411 -0.62231040 -0.64813745 -0.62697393 -0.43716967 -0.20754740 -0.13641752 0.04121009 0.42082050 0.74145335 0.60219878 -0.29499629
-1.28098655 -1.28641391 -1.29173577 -1.29708052 -1.30086005 -1.30366540 -1.30798340 -1.31172407 -1.31393230 -1.31560111 -1.31913185 -1.32352912 -1.32203209 -1.31668198 -1.31220090 -1.30493748 -1.30026901 -1.29345512 -1.28503871 -1.27734780 -1.27583909 -1.27267265 -1.26603460 -1.25816345 -1.29770708 -1.35730863 -1.68869662 -2.29832768 -2.67277575 -2.34611750 -1.70175886 -1.07668853 -0.75346190 -0.71816993 -0.73330605 -0.71240997 -0.68923372 -0.69413304 -0.69912821 -0.70032537 -0.67854929 -0.66807175 -0.67019427 -0.67809922 -0.68059844 -0.67065912 -0.64525688 -0.62782550 -0.61994070 -0.51577038 -0.08230832 0.32469752 0.48807648 0.60498595 0.67560911 0.55009103 0.02567127 -0.77664900
-1.27649415 -1.28230703 -1.28584099 -1.29155207 -1.29696012 -1.29912066 -1.30428481 -1.30723572 -1.30827534 -1.31096399 -1.31539202 -1.31524372 -1.31058085 -1.30751455 -1.30542016 -1.30075300 -1.29511118 -1.28725731 -1.27709007 -1.27226782 -1.27195263 -1.25897014 -1.27329183 -1.34352720 -1.38998973 -1.70845652 -2.29772782 -2.62337255 -2.32037425 -1.73258579 -1.10455549 -0.75974804 -0.66413754 -0.69055343 -0.71121562 -0.69785631 -0.68323582 -0.68237317 -0.68790406 -0.68696982 -0.67113531 -0.66369414 -0.66589856 -0.66907287 -0.66650474 -0.64747900 -0.63079423 -0.62100899 -0.64229923 -0.34336072 0.40759525 0.90286040 0.92084783 0.59695143 0.16802639 -0.22127311 -0.69213033 -1.19127047
-1.27670383 -1.28226972 -1.28816795 -1.29368448 -1.29732502 -1.29986036 -1.30390179 -1.30627835 -1.30741441 -1.30828607 -1.30990148 -1.30835629 -1.30601561 -1.30559480 -1.30260301 -1.29541183 -1.28878105 -1.28105783 -1.27461982 -1.26804006 -1.24935508 -1.24405825 -1.32976389 -1.55129468 -1.88067317 -2.44632578 -2.61621308 -2.20777464 -1.68171430 -1.13056791 -0.80573279 -0.66778880 -0.62261099 -0.67684692 -0.69962984 -0.69244021 -0.68793476 -0.68573534 -0.69355190 -0.68806547 -0.67354703 -0.66846108 -0.66562980 -0.66250926 -0.64582318 -0.62556332 -0.61712462 -0.63823617 -0.62163889 -0.19944702 0.75497228 1.07789719 0.69768429 -0.08690438 -0.64303279 -0.99495232 -1.23256457 -1.36798191
-1.27960145 -1.28542554 -1.28980625 -1.29467523 -1.29876053 -1.30224037 -1.30519342 -1.30747032 -1.30574393 -1.30763948 -1.30820763 -1.30720627 -1.30384088 -1.30067420 -1.29579008 -1.28941453 -1.28390169 -1.27459610 -1.26716864 -1.24718010 -1.20373440 -1.31501448 -1.74141371 -2.15053821 -2.61961365 -2.50318980 -2.03344512 -1.52410209 -1.10812235 -0.84916526 -0.74368054 -0.64300030 -0.59954202 -0.66035753 -0.69350863 -0.69512272 -0.69077486 -0.68978065 -0.69625807 -0.68400282 -0.67101324 -0.66378999 -0.65743738 -0.64746386 -0.62730509 -0.60546356 -0.59240413 -0.62586284 -0.65740526 -0.14704111 0.70050240 0.79755247 0.15292464 -0.79802692 -1.24938738 -1.33449972 -1.39474058 -1.43740773
-1.27806807 -1.28223741 -1.28688216 -1.29321373 -1.29661000 -1.29939234 -1.30121219 -1.30243242 -1.30309415 -1.30552185 -1.30373871 -1.30024755 -1.29695225 -1.29417145 -1.28992808 -1.28338552 -1.27558172 -1.26460373 -1.25983322 -1.20460117 -1.19392431 -1.69139946 -2.25145268 -2.60548067 -2.40504193 -1.86406839 -1.32892561 -1.05320871 -0.84766501 -0.76930708 -0.71396065 -0.63025242 -0.58523923 -0.65101665 -0.69299316 -0.71283293 -0.70301247 -0.69794148 -0.69972253 -0.68071824 -0.67092401 -0.66556269 -0.65678757 -0.63383234 -0.59958458 -0.57855624 -0.58065051 -0.61833370 -0.66050166 -0.16197045 0.62895060 0.67776519 -0.12649876 -1.04409420 -1.37019539 -1.42160213 -1.44108927 -1.46091104
-1.27480435 -1.27962148 -1.28347254 -1.28799391 -1.29035318 -1.29184115 -1.29525030 -1.29810119 -1.29960537 -1.30097461 -1.29576814 -1.29400134 -1.29013455 -1.28399956 -1.27603650 -1.27030146 -1.26162922 -1.25243759 -1.23097563 -1.12770915 -1.44928730 -2.19698596 -2.49030256 -2.31151772 -1.77930236 -1.19284856 -0.91095817 -0.80060649 -0.73072743 -0.73194927 -0.69560057 -0.62222761 -0.58269513 -0.64072329 -0.70103246 -0.72289556 -0.71292627 -0.69759679 -0.69393206 -0.67368835 -0.67095572 -0.66599047 -0.65881526 -0.62809199 -0.59922665 -0.59540063 -0.59878850 -0.63033134 -0.65544552 -0.13752954 0.65572572 0.61706597 -0.22526455 -1.14430404 -1.40107489 -1.43327665 -1.45885265 -1.47742546
-1.27200758 -1.27561009 -1.27905691 -1.28237247 -1.28638148 -1.28999376 -1.29251230 -1.29381323 -1.29713559 -1.29652023 -1.29414964 -1.28757620 -1.28091300 -1.27120626 -1.26281321 -1.25689328 -1.25071383 -1.24639869 -1.18538499 -1.17884028 -1.85830259 -2.38810062 -2.22843862 -1.80591238 -1.17113543 -0.81394726 -0.71458173 -0.71346891 -0.70949048 -0.71185178 -0.67343169 -0.61230910 -0.57828099 -0.62766606 -0.69808221 -0.73005384 -0.70888001 -0.69284260 -0.68643010 -0.67521518 -0.67700654 -0.66914099 -0.65572268 -0.63623536 -0.62254781 -0.61306286 -0.60941273 -0.64868796 -0.60199732 0.06224969 0.78147537 0.60191691 -0.33959550 -1.22375166 -1.40304029 -1.44042492 -1.46692216 -1.48322833
-1.26300180 -1.26493073 -1.26991260 -1.27314401 -1.27597523 -1.27963233 -1.28228843 -1.28401911 -1.28751338 -1.28495038 -1.27955770 -1.27213585 -1.26404655 -1.25669301 -1.24896097 -1.24276030 -1.23536515 -1.22347522 -1.11908913 -1.39265335 -2.17137837 -2.21524119 -1.91573572 -1.31426525 -0.82439727 -0.67042929 -0.64529383 -0.66645557 -0.68534517 -0.67876840 -0.65200424 -0.60477060 -0.57101542 -0.62828410 -0.70244664 -0.73731673 -0.70894808 -0.68469959 -0.68074405 -0.67217916 -0.66618472 -0.65610963 -0.65000933 -0.64823467 -0.63041198 -0.60538030 -0.59251308 -0.64130181 -0.43753397 0.43375304 0.87481356 0.50511348 -0.54537255 -1.28517115 -1.40022957 -1.43575335 -1.45932949 -1.47708285
-1.25425982 -1.25578725 -1.25808001 -1.26076937 -1.26324594 -1.26802981 -1.26994002 -1.27211106 -1.27335787 -1.26949894 -1.26715136 -1.26065862 -1.25279427 -1.24586403 -1.23522234 -1.22605073 -1.21849728 -1.17379975 -1.09235036 -1.69547045 -2.19743800 -2.02183199 -1.65566587 -0.99989325 -0.73249602 -0.66453004 -0.63149929 -0.65363765 -0.69481152 -0.70109677 -0.66977203 -0.62739849 -0.61044461 -0.67335302 -0.73113990 -0.76241803 -0.71972966 -0.69632804 -0.69284159 -0.68990159 -0.67771649 -0.66758490 -0.66602212 -0.66194946 -0.63400233 -0.58965755 -0.61048758 -0.62237096 -0.18922848 0.79419035 0.89708930 0.24703808 -0.85420477 -1.31851327 -1.39262450 -1.42361593 -1.45175040 -1.46863341
-1.24647141 -1.24560845 -1.24783146 -1.25022006 -1.25130725 -1.25494337 -1.25599194 -1.25893402 -1.25830126 -1.25711107 -1.25466990 -1.25064933 -1.24269426 -1.23257947 -1.22227776 -1.21071172 -1.20154178 -1.11060405 -1.18784547 -1.98743999 -2.12473607 -1.86465251 -1.34814847 -0.82186961 -0.71758348 -0.66163409 -0.60975683 -0.63093501 -0.70076907 -0.71390659 -0.68600595 -0.64056736 -0.64164841 -0.70120472 -0.72266281 -0.74937838 -0.71478665 -0.69494754 -0.69445848 -0.69101191 -0.67224997 -0.66087961 -0.66058791 -0.65354860 -0.61926603 -0.58857173 -0.63559985 -0.59470630 0.10529147 0.98558134 0.74535257 -0.15561439 -1.08424962 -1.33244348 -1.38924038 -1.41826189 -1.44219863 -1.46228969
-1.23950279 -1.23738623 -1.23990238 -1.23883533 -1.23935151 -1.24258423 -1.24332035 -1.24577153 -1.24710882 -1.24569488 -1.24348962 -1.23744535 -1.23169625 -1.22190297 -1.21091735 -1.20067489 -1.18554842 -1.06429255 -1.39540708 -2.14271450 -2.02956700 -1.71693265 -1.07617295 -0.76152271 -0.72428536 -0.66760629 -0.62750524 -0.63452280 -0.69366217 -0.72939986 -0.69910908 -0.64304078 -0.65628529 -0.69767207 -0.71102899 -0.73115987 -0.70627058 -0.69658881 -0.69073790 -0.68713045 -0.67427683 -0.66260749 -0.66136658 -0.65665835 -0.62138611 -0.61640483 -0.66897482 -0.50702065 0.43668333 0.96336776 0.54423326 -0.50305670 -1.23244810 -1.34035456 -1.38351834 -1.41127014 -1.43671525 -1.45700693
-1.23650014 -1.23420477 -1.23277080 -1.23061669 -1.22933567 -1.23342669 -1.23575282 -1.23741436 -1.23718631 -1.23419571 -1.23179257 -1.22772563 -1.22011471 -1.21033180 -1.19853544 -1.19165146 -1.15302873 -1.05245626 -1.68914330 -2.09340286 -1.87254298 -1.48035693 -0.87353653 -0.74798137 -0.73153853 -0.69167072 -0.66348815 -0.64912099 -0.68374926 -0.72374147 -0.70161259 -0.63436371 -0.65912110 -0.68405038 -0.71364045 -0.72377622 -0.70438945 -0.69476956 -0.68159825 -0.67521667 -0.67089945 -0.66234022 -0.65857112 -0.65606636 -0.63730091 -0.64143735 -0.69327229 -0.39615637 0.62309432 0.91545159 0.27102581 -0.76541156 -1.28168726 -1.34718311 -1.37996364 -1.40730846 -1.42849219 -1.44446445
-1.22735059 -1.22418666 -1.22080886 -1.21967769 -1.22178519 -1.22494304 -1.22717714 -1.22728038 -1.22519398 -1.22403824 -1.22177339 -1.21589315 -1.20777917 -1.19932449 -1.19260132 -1.18599951 -1.10762978 -1.19932353 -1.94807756 -2.06258035 -1.78999817 -1.26111376 -0.77444005 -0.74664873 -0.73161161 -0.71532345 -0.68230206 -0.66304177 -0.65552330 -0.69898182 -0.68466663 -0.64243883 -0.67076480 -0.68805218 -0.71626383 -0.71437144 -0.69806093 -0.68696463 -0.67451125 -0.67467415 -0.67358202 -0.66448337 -0.66156262 -0.65695459 -0.64516711 -0.65485579 -0.70346659 -0.30043033 0.73563004 0.84641105 0.04297009 -0.92512071 -1.29870617 -1.35009265 -1.38151789 -1.40515327 -1.42273927 -1.44105315
-1.21431696 -1.21364725 -1.20953250 -1.20981181 -1.21266758 -1.21565092 -1.21528423 -1.21727693 -1.21699357 -1.21491492 -1.21150851 -1.20599425 -1.19697213 -1.18799508 -1.18509293 -1.15435374 -1.07695448 -1.43187654 -2.05134964 -1.97239959 -1.64050531 -0.98711801 -0.71484393 -0.72656435 -0.71637142 -0.70224392 -0.68376511 -0.64773887 -0.63139719 -0.66342503 -0.66099250 -0.65250844 -0.66656893 -0.68050522 -0.70629215 -0.69669408 -0.68739974 -0.67640644 -0.66081363 -0.66300720 -0.66069603 -0.65156442 -0.64977056 -0.64617133 -0.63848364 -0.65112984 -0.70259362 -0.18581697 0.76413751 0.77060866 -0.10188331 -1.05066359 -1.31054199 -1.35017776 -1.37897944 -1.40319645 -1.42359233 -1.44130433
-1.20159888 -1.20053625 -1.20017612 -1.20153224 -1.20469284 -1.20612955 -1.20718002 -1.20899248 -1.20760167 -1.20601404 -1.20436931 -1.19511330 -1.18435144 -1.17609596 -1.16789484 -1.10560083 -1.19798040 -1.84973872 -2.14317417 -1.95134771 -1.46288323 -0.86207724 -0.72324622 -0.73125345 -0.71486706 -0.70083040 -0.68453336 -0.64819163 -0.61468649 -0.63957119 -0.64436442 -0.66686809 -0.68355340 -0.69039071 -0.71200013 -0.69353485 -0.68563420 -0.67104429 -0.66136789 -0.66008502 -0.65964699 -0.65254307 -0.64952087 -0.65279609 -0.64169896 -0.66953045 -0.70462370 -0.18482332 0.66256720 0.63770318 -0.20154528 -1.13247073 -1.30794299 -1.34316885 -1.37401617 -1.39753354 -1.41746151 -1.43213785
-1.18976068 -1.19291699 -1.19410205 -1.19481945 -1.19607341 -1.19790936 -1.19694984 -1.19820487 -1.20005822 -1.19589090 -1.18951166 -1.18087399 -1.17164147 -1.16713595 -1.12088180 -1.04584706 -1.58551145 -2.16184998 -2.15713072 -1.81547546 -1.16370070 -0.73880428 -0.72267866 -0.71338731 -0.69282407 -0.68001330 -0.67781866 -0.63970745 -0.59345919 -0.59242451 -0.61129332 -0.65825778 -0.67410958 -0.68094444 -0.69038773 -0.66933775 -0.66133398 -0.65305305 -0.64799172 -0.65086627 -0.64828116 -0.64037424 -0.64389008 -0.64530295 -0.63569671 -0.66968614 -0.68922365 -0.30992603 0.39778402 0.48549601 -0.27560654 -1.11379373 -1.29208457 -1.34151018 -1.36947727 -1.39214206 -1.40780044 -1.42356086
-1.18135786 -1.18244267 -1.18501759 -1.18578243 -1.18769431 -1.18829012 -1.18989170 -1.19091797 -1.18703210 -1.18154728 -1.17499101 -1.16824269 -1.16018951 -1.15028942 -1.05580211 -1.17978930 -2.01509023 -2.22323656 -1.95784497 -1.45504689 -0.90230763 -0.73349071 -0.73505199 -0.71304166 -0.68606508 -0.68167400 -0.68106562 -0.63425678 -0.57359457 -0.55458242 -0.59561169 -0.67654949 -0.69042116 -0.69364429 -0.68478560 -0.66588056 -0.66453415 -0.65917021 -0.64923108 -0.65010619 -0.64928353 -0.63946581 -0.64675641 -0.64747822 -0.63540864 -0.66263527 -0.72516340 -0.49013245 0.02151571 0.44999275 -0.19239770 -0.96025276 -1.26040578 -1.33261263 -1.36147714 -1.38258708 -1.40316653 -1.42134058
-1.17383516 -1.17563713 -1.17819214 -1.17864847 -1.18017507 -1.18322897 -1.18255317 -1.17902803 -1.17504764 -1.17097569 -1.16429472 -1.15762603 -1.14747965 -1.13041794 -1.00968695 -1.44745684 -2.26201510 -2.11342931 -1.72576189 -1.07646477 -0.76657861 -0.73572814 -0.73233026 -0.70481652 -0.69091439 -0.69449621 -0.69243455 -0.65236390 -0.58516055 -0.55075657 -0.60279483 -0.69787407 -0.71104902 -0.71356541 -0.69145453 -0.68139333 -0.67832762 -0.66628355 -0.66153091 -0.66202015 -0.66402334 -0.65587527 -0.66721773 -0.66654187 -0.65380675 -0.63964200 -0.75602031 -0.69691646 -0.19862407 0.44904479 0.00728437 -0.71107382 -1.22300065 -1.31920969 -1.35105324 -1.37720895 -1.39478338 -1.41172636
-1.16833746 -1.16969836 -1.17266679 -1.17295468 -1.17382765 -1.17542470 -1.17456806 -1.17374671 -1.17015243 -1.16264510 -1.15502524 -1.14753866 -1.13464832 -1.10800338 -1.03534269 -1.72545707 -2.14251399 -1.87022650 -1.40352356 -0.80155981 -0.73259205 -0.74407840 -0.72400653 -0.69897246 -0.69365042 -0.69573003 -0.69481313 -0.66172850 -0.59595239 -0.55130392 -0.61943913 -0.70715564 -0.73466510 -0.73087996 -0.69961095 -0.69087619 -0.67914659 -0.66737235 -0.67053086 -0.66931593 -0.66926873 -0.66068965 -0.67368615 -0.67684382 -0.65302867 -0.61177677 -0.75120687 -0.75933486 -0.28927407 0.48510197 0.23235302 -0.50161499 -1.19048107 -1.31294656 -1.34415054 -1.36606371 -1.38700283 -1.40484273
-1.16236782 -1.16452885 -1.16633868 -1.16663134 -1.16767216 -1.17210197 -1.17301309 -1.16728449 -1.16122949 -1.15292346 -1.14403725 -1.13552916 -1.12737846 -1.08310938 -1.08468711 -1.83133924 -2.02790856 -1.72399914 -1.14729965 -0.69062328 -0.71039349 -0.72603226 -0.70811856 -0.69117731 -0.69371760 -0.69057089 -0.69483763 -0.66757792 -0.61029255 -0.57389605 -0.63174087 -0.69538528 -0.73101217 -0.72549880 -0.69864619 -0.69465995 -0.67787981 -0.67031771 -0.66784906 -0.67182970 -0.66268414 -0.66643268 -0.67718792 -0.67180270 -0.63471234 -0.57996410 -0.66926020 -0.74911141 -0.28674778 0.53506923 0.44015589 -0.34736359 -1.13245606 -1.29454362 -1.33510530 -1.35946238 -1.38275421 -1.40303624
-1.15064073 -1.15579093 -1.15693653 -1.15858603 -1.16405821 -1.16557622 -1.16300964 -1.15612018 -1.15050030 -1.14309752 -1.13371468 -1.12508953 -1.11812663 -1.06003034 -1.10617959 -1.84794152 -1.91621208 -1.54878449 -0.94151849 -0.64668089 -0.68638593 -0.70899957 -0.70184302 -0.69427299 -0.69044453 -0.68677390 -0.67884964 -0.66536343 -0.61590546 -0.58895218 -0.62453902 -0.67180687 -0.71241790 -0.71175325 -0.69694132 -0.68776721 -0.66716266 -0.65811431 -0.65665358 -0.66408730 -0.65402931 -0.65956432 -0.66894805 -0.66116595 -0.61017364 -0.56604820 -0.60109317 -0.72880936 -0.26102802 0.64555204 0.52666104 -0.31625587 -1.12622857 -1.29244483 -1.32738757 -1.34871554 -1.37118840 -1.38772333
-1.14644098 -1.14885962 -1.15216708 -1.15376401 -1.15643489 -1.15862608 -1.15569580 -1.15051675 -1.14574969 -1.13798440 -1.12851155 -1.11888230 -1.11421108 -1.03130209 -1.14031053 -1.82754552 -1.84344089 -1.44877958 -0.85294914 -0.63636464 -0.66846442 -0.69632202 -0.70744365 -0.69627160 -0.68296689 -0.67576873 -0.66768229 -0.65912068 -0.61597091 -0.58895123 -0.60700375 -0.65256792 -0.69584894 -0.69743264 -0.68948740 -0.67188251 -0.65704763 -0.64937621 -0.65199965 -0.65479356 -0.64933467 -0.65588641 -0.66214442 -0.64547390 -0.58743954 -0.55419713 -0.57020432 -0.70099109 -0.11042745 0.79780042 0.60679919 -0.32288170 -1.12516665 -1.28884518 -1.32456923 -1.34656858 -1.36565912 -1.38604176
-1.14033163 -1.14384794 -1.14708483 -1.14873493 -1.15160847 -1.15480626 -1.15630841 -1.15011752 -1.14564002 -1.13453507 -1.12462735 -1.11558330 -1.10773766 -0.99591476 -1.13534391 -1.83782661 -1.79344559 -1.42142093 -0.82415861 -0.63946462 -0.67117679 -0.70701987 -0.71890092 -0.70637614 -0.68820548 -0.67765886 -0.67268461 -0.65768158 -0.62677968 -0.60198504 -0.61626714 -0.65664059 -0.69277769 -0.70094734 -0.68945450 -0.66572684 -0.65476853 -0.64767683 -0.64923400 -0.65374768 -0.66345537 -0.66832596 -0.67785263 -0.64463723 -0.58944601 -0.56420392 -0.59175664 -0.70575684 0.08140542 0.88832176 0.54651928 -0.46233156 -1.19127595 -1.29419744 -1.32453251 -1.34773850 -1.37009895 -1.39015794
-1.13254189 -1.13549840 -1.13856864 -1.14062345 -1.14423323 -1.14808905 -1.14770663 -1.14306986 -1.13678586 -1.12832165 -1.11907542 -1.10911226 -1.10199535 -0.96390486 -1.17606401 -1.90389013 -1.80153990 -1.42305958 -0.80531973 -0.65240109 -0.67566448 -0.71022886 -0.71816093 -0.69518888 -0.67718774 -0.67240363 -0.66881669 -0.66179216 -0.63465792 -0.61725461 -0.61470610 -0.64868551 -0.67739171 -0.68641889 -0.67072946 -0.64999497 -0.64070022 -0.64414233 -0.64672810 -0.66197920 -0.67315698 -0.67946774 -0.67326403 -0.62617701 -0.58211446 -0.55024910 -0.64024681 -0.66037226 0.21112357 0.90119469 0.39795506 -0.62448961 -1.21091950 -1.29131937 -1.32571542 -1.34575605 -1.36717796 -1.38635468
-1.12129807 -1.12484682 -1.12855649 -1.13027334 -1.13275290 -1.13537574 -1.13642645 -1.13163888 -1.12803996 -1.12055779 -1.11330485 -1.10502040 -1.09002447 -0.94407099 -1.25972962 -1.95870101 -1.79240274 -1.38825440 -0.78348279 -0.66561353 -0.68017256 -0.70530331 -0.70588326 -0.68379956 -0.67420894 -0.67108607 -0.67317629 -0.66854227 -0.64349246 -0.61820352 -0.60713613 -0.62184292 -0.65214205 -0.66865027 -0.65517229 -0.63861108 -0.63676304 -0.64255708 -0.65295827 -0.66981953 -0.67824715 -0.67912769 -0.65649390 -0.59839994 -0.56279635 -0.55180085 -0.68063730 -0.67533833 0.22739165 0.81658578 0.25520578 -0.72643661 -1.24639165 -1.29829895 -1.32695305 -1.34645438 -1.36607242 -1.38366187
-1.11390674 -1.11747634 -1.12050605 -1.12158298 -1.12303829 -1.12558281 -1.12821996 -1.12763894 -1.12350333 -1.11921835 -1.10949314 -1.09911633 -1.07916415 -0.96350294 -1.29941976 -1.95879853 -1.75861394 -1.32257175 -0.74949819 -0.66354203 -0.66181761 -0.66975886 -0.67150265 -0.65664500 -0.65337843 -0.65534896 -0.65881270 -0.65314656 -0.62937707 -0.60250533 -0.58128726 -0.58478880 -0.63258302 -0.65996253 -0.65606081 -0.64348233 -0.64297742 -0.64501321 -0.65710109 -0.67344445 -0.67328870 -0.67012894 -0.62647098 -0.56995398 -0.54712856 -0.53897190 -0.72274905 -0.69127250 0.18987666 0.82006311 0.22752108 -0.76013303 -1.24778879 -1.30853140 -1.33381164 -1.35230839 -1.36956692 -1.38597083
-1.10388911 -1.10642946 -1.10755622 -1.10883272 -1.11116767 -1.11690557 -1.12079537 -1.12054873 -1.11884749 -1.11000478 -1.10264754 -1.09026790 -1.07110465 -0.96896309 -1.23571813 -1.87042618 -1.68816566 -1.24758542 -0.72059441 -0.66079217 -0.64558959 -0.65440702 -0.65520549 -0.65008724 -0.64647752 -0.64579654 -0.64583111 -0.63221121 -0.62021971 -0.59386152 -0.57444400 -0.57898337 -0.63613725 -0.67264152 -0.66935951 -0.65339363 -0.64419436 -0.64283288 -0.66060865 -0.67174369 -0.67374718 -0.65420204 -0.60866386 -0.56099749 -0.54974782 -0.55615819 -0.76404589 -0.74645549 0.20479514 0.79102147 0.17493396 -0.79366481 -1.27258348 -1.30817497 -1.33352780 -1.35026252 -1.36880636 -1.38590717
-1.09045231 -1.09018552 -1.09085321 -1.09451318 -1.09846628 -1.10034013 -1.10479271 -1.10429049 -1.10391510 -1.09898055 -1.09255993 -1.08167577 -1.06555653 -0.96087646 -1.16580355 -1.68871307 -1.68516326 -1.21967137 -0.70901024 -0.65387654 -0.63373137 -0.63379842 -0.64262861 -0.64024806 -0.63964111 -0.63147813 -0.62650460 -0.61714673 -0.60645407 -0.59511918 -0.57167983 -0.58229178 -0.63127273 -0.66487402 -0.66604125 -0.65029472 -0.63705981 -0.64276963 -0.65961295 -0.66914439 -0.66769111 -0.64428115 -0.59185958 -0.55480468 -0.55499542 -0.55472672 -0.78309751 -0.72853076 0.29991469 0.84196240 0.16599037 -0.78860617 -1.27093196 -1.31059790 -1.33292389 -1.35095847 -1.36888123 -1.38541555
-1.07195532 -1.07300520 -1.07557011 -1.07705617 -1.07847643 -1.07941413 -1.08271182 -1.08469260 -1.08456540 -1.08170938 -1.07638848 -1.06537986 -1.04969811 -0.95541120 -1.10760021 -1.44552338 -1.72809696 -1.20683050 -0.70866936 -0.63381106 -0.62122238 -0.62461978 -0.63486147 -0.63846731 -0.63342983 -0.62412226 -0.61665457 -0.60784650 -0.59959203 -0.58406377 -0.56069720 -0.56783050 -0.60362566 -0.64402008 -0.64533240 -0.63039136 -0.61933976 -0.62437528 -0.63033056 -0.64531201 -0.64226013 -0.61739337 -0.57320017 -0.55442333 -0.55487728 -0.53777504 -0.81684661 -0.62747979 0.53565425 0.88747931 0.12972891 -0.85301077 -1.28518128 -1.31188226 -1.33387661 -1.35101044 -1.36726272 -1.38129234
-1.06985390 -1.07833505 -1.07644367 -1.06620479 -1.07083726 -1.06465065 -1.06650281 -1.07254398 -1.07265139 -1.07034135 -1.06953371 -1.06399870 -1.03451002 -0.96118474 -1.01111555 -1.17482686 -1.65034807 -1.27546477 -0.82995898 -0.66865987 -0.65993410 -0.67398930 -0.67513931 -0.67508841 -0.66501594 -0.65278333 -0.64483690 -0.64412075 -0.63364851 -0.61484057 -0.60350239 -0.61016339 -0.63384897 -0.66058880 -0.66569930 -0.64929521 -0.63953048 -0.64848077 -0.65070885 -0.66554654 -0.66079128 -0.62946981 -0.59733176 -0.59072423 -0.57747662 -0.57115465 -0.85839045 -0.36558744 0.84588820 0.88828415 -0.02032058 -0.98536879 -1.28071773 -1.30854392 -1.32660735 -1.34422934 -1.36256814 -1.37558305
-1.14993238 -1.11302340 -1.04235542 -0.96236265 -0.97637761 -1.03229499 -1.06846499 -1.09555936 -1.10500395 -1.09568167 -1.05781901 -1.03872585 -1.01959836 -0.99334848 -0.94068593 -1.04626036 -1.43173790 -1.38001168 -0.92673177 -0.67083108 -0.68151110 -0.68889070 -0.67845172 -0.66823876 -0.65597141 -0.65066379 -0.65155679 -0.65091467 -0.63863099 -0.62298864 -0.61920017 -0.61645442 -0.62354428 -0.64967674 -0.66372591 -0.65232390 -0.64879841 -0.65105188 -0.65731215 -0.67003691 -0.65633512 -0.63287091 -0.60982090 -0.61648947 -0.58512074 -0.62151784 -0.79262453 0.03885501 1.04774034 0.75271261 -0.27577394 -1.13496745 -1.27984524 -1.30628705 -1.32449329 -1.34029210 -1.35626686 -1.37010753
-1.17383385 -1.09880590 -0.98976541 -0.89965576 -0.98892260 -1.02499604 -1.08227944 -1.11081934 -1.10451281 -1.15635610 -1.18643415 -1.21341228 -1.19525135 -1.16487288 -1.03223586 -1.06221497 -1.17565501 -1.49833941 -1.13512003 -0.76544815 -0.68598795 -0.68784696 -0.67972910 -0.66430080 -0.66368520 -0.65976661 -0.66260314 -0.66864467 -0.65787607 -0.65284097 -0.64802265 -0.62505889 -0.62356138 -0.65001112 -0.67005175 -0.66801643 -0.66413873 -0.66667140 -0.67148489 -0.68130714 -0.66559666 -0.63281751 -0.61185110 -0.63158196 -0.59558702 -0.72052366 -0.64125025 0.47088555 1.06173372 0.51817435 -0.55100548 -1.21122158 -1.28517652 -1.31085658 -1.32332051 -1.33779120 -1.35618579 -1.37234867
-1.88086498 -1.94436431 -1.57745826 -1.20204532 -1.04218411 -1.07261693 -1.34023988 -1.60526896 -1.83810472 -2.02240682 -2.08049870 -2.00328684 -1.89521575 -1.86386645 -1.69824898 -1.54352748 -1.30411530 -1.46621716 -1.33587945 -0.88846064 -0.63970202 -0.64733994 -0.63695383 -0.62331933 -0.62334317 -0.62464207 -0.63000739 -0.63231701 -0.62760985 -0.62685186 -0.61075360 -0.57588625 -0.57236248 -0.60713190 -0.63474429 -0.64276075 -0.64175683 -0.63641483 -0.64839196 -0.65394545 -0.63233751 -0.58945656 -0.58681726 -0.60760546 -0.58828360 -0.75652856 -0.40535039 0.80949831 0.96943766 0.21938474 -0.80138171 -1.24308681 -1.29182506 -1.31189620 -1.32821131 -1.34446275 -1.36202729 -1.37670302
-2.32656693 -2.10850382 -1.48752630 -1.14684808 -1.26064324 -1.73810768 -2.13229370 -2.27396345 -2.23244143 -2.05978751 -1.88287365 -1.70062566 -1.59319723 -1.62344861 -1.54177535 -1.32529771 -1.16933286 -1.18302655 -1.30199480 -1.09582520 -0.72627735 -0.61840737 -0.62045372 -0.61159784 -0.61560333 -0.61887985 -0.62351710 -0.62024301 -0.61415249 -0.61907703 -0.59489423 -0.55347526 -0.56619889 -0.60374790 -0.63908809 -0.64649403 -0.64391565 -0.63731807 -0.64111865 -0.63665932 -0.61493492 -0.57281363 -0.57388395 -0.59548849 -0.64655197 -0.68554777 -0.07184225 0.95530301 0.80207449 -0.10198894 -1.02242029 -1.25532424 -1.29333007 -1.31391990 -1.32979727 -1.34342015 -1.36217296 -1.37604117
-2.23365784 -1.83341086 -1.34245813 -1.32246912 -1.38820815 -1.70776725 -1.94660950 -1.92922235 -1.71823549 -1.55041409 -1.45106626 -1.36328495 -1.32253480 -1.35231209 -1.36435187 -1.20374668 -1.08632088 -1.07208860 -1.04864788 -0.94762242 -0.73592710 -0.61693799 -0.61224979 -0.60483766 -0.61149067 -0.61482406 -0.61878788 -0.60207492 -0.60014910 -0.60685885 -0.58535475 -0.55529207 -0.58138299 -0.61485267 -0.65199715 -0.64593834 -0.64322269 -0.63545913 -0.63217247 -0.63230455 -0.60929465 -0.57680070 -0.56795835 -0.61667091 -0.61974001 -0.43757457 0.35194504 0.94506556 0.64663118 -0.35409579 -1.15425766 -1.26960671 -1.29591489 -1.31459785 -1.32906330 -1.34315670 -1.35775626 -1.37399220
-1.68836546 -1.18515575 -1.00077069 -1.02571034 -1.18958437 -1.28736854 -1.28614926 -1.18593884 -0.98123842 -0.83184713 -0.76181895 -0.69434333 -0.69221145 -0.72562814 -0.79395396 -0.83631092 -0.80758840 -0.83929056 -0.80133003 -0.77354574 -0.67970210 -0.58515221 -0.58990419 -0.59283930 -0.59679210 -0.60179877 -0.59978169 -0.57384741 -0.57323891 -0.59139442 -0.57331532 -0.56742477 -0.59045786 -0.62573689 -0.65180445 -0.63727766 -0.63591611 -0.62832737 -0.62571126 -0.62270361 -0.59699321 -0.58123398 -0.56894153 -0.59773481 -0.49949130 0.04929973 0.79822963 0.97234768 0.36512351 -0.67987186 -1.20154679 -1.27322292 -1.29575002 -1.31460667 -1.32750523 -1.33680987 -1.35089374 -1.36826897
-1.30526412 -0.81913555 -0.72091997 -0.75900191 -0.76126802 -0.71862680 -0.70627779 -0.69591308 -0.62649149 -0.55557650 -0.51048225 -0.51198721 -0.51625568 -0.52616894 -0.59077805 -0.59849042 -0.61036265 -0.59171021 -0.57157850 -0.57221419 -0.54939991 -0.54751670 -0.54480886 -0.54868114 -0.55897039 -0.57053787 -0.57192236 -0.53983283 -0.53114629 -0.56056702 -0.56413442 -0.57874238 -0.59807426 -0.62951964 -0.63569450 -0.61490542 -0.61867946 -0.61084908 -0.61264473 -0.60693860 -0.58970964 -0.57888246 -0.58489561 -0.55581033 -0.19292597 0.64271021 1.05851924 0.68560034 -0.19558771 -0.97320008 -1.22520268 -1.27631354 -1.29917324 -1.31411207 -1.32618093 -1.33828866 -1.35336959 -1.36693048
-1.15542603 -0.63444400 -0.51608092 -0.52345020 -0.54726362 -0.57915664 -0.58021086 -0.54071909 -0.43994302 -0.33672220 -0.30936068 -0.29294664 -0.30120987 -0.31732380 -0.34113300 -0.36031431 -0.35881099 -0.36926371 -0.37226489 -0.35391238 -0.37185472 -0.37396431 -0.36832026 -0.35560879 -0.37605634 -0.38860950 -0.39716044 -0.36271724 -0.35938472 -0.39282891 -0.44111726 -0.44122466 -0.48735470 -0.54179728 -0.49614695 -0.48038357 -0.48951736 -0.48446023 -0.49074450 -0.48355937 -0.49039447 -0.48161283 -0.50103253 -0.49092859 -0.04090019 0.74144584 0.75282264 0.20915188 -0.62842768 -1.04329240 -1.14810526 -1.19376779 -1.22644317 -1.25580370 -1.27935278 -1.29463696 -1.31507266 -1.33425820
-0.90660399 -0.60920125 -0.42152849 -0.39749497 -0.49433523 -0.49161366 -0.42451867 -0.36151949 -0.13152710 0.21476133 0.33114088 0.36219278 0.30963948 0.25040820 0.20922138 0.17897049 0.15224494 0.11328693 0.08665419 0.07851316 0.03210956 -0.01034014 -0.00252867 -0.00139242 -0.02434267 -0.06214815 -0.09413424 -0.08127437 -0.09382014 -0.14505561 -0.20800239 -0.26081207 -0.37037471 -0.38185424 -0.32163578 -0.32774922 -0.31443706 -0.32971552 -0.32683647 -0.35920805 -0.38743180 -0.34193507 -0.41550404 -0.39472458 -0.11735833 0.49685463 0.60777116 0.00632756 -0.73127699 -0.99699569 -1.03784204 -1.06603658 -1.09159386 -1.10198128 -1.12738132 -1.14995778 -1.12935483 -1.11422920
