-0.36909208 -0.45663977 -0.49553564 -0.43293309 -0.35425019 -0.25312516 -0.14252479 -0.14416751 -0.19691020 -0.38175470 -0.35698831 -0.31530911 -0.37633815 -0.32900542 -0.32933354 -0.40680408 -0.34415033 -0.35949177 -0.42184687 -0.42489758 -0.39774013 -0.39706561 -0.39894927 -0.40011990 -0.40371832 -0.40485191 -0.40298855 -0.40217412 -0.40376115 -0.40424812 -0.40431538 -0.40329725 -0.40263754 -0.40181160 -0.40120253 -0.39867362 -0.39310080 -0.39238262 -0.38902667 -0.47948971 -0.97298515 -1.89122427 -2.48223543 -2.53434014 -2.20639682 -1.18305123 -0.03688804 0.93775052 1.04946339 0.73570478 0.29550827 -0.00408522 -0.23079148 -0.52907729 -0.78940666 -0.79475713 -0.31767702 0.25406349
-0.43494472 -0.63532239 -0.68478066 -0.33621404 -0.58745188 -0.65124631 -0.45083687 -0.14714833 -0.05690971 -0.23424955 -0.14397182 -0.20425589 -0.19797452 -0.18360402 -0.18978682 -0.25236103 -0.12068644 -0.14600126 -0.35236645 -0.41214398 -0.39715025 -0.39789298 -0.40009111 -0.40101603 -0.40132171 -0.39751449 -0.39604452 -0.39791474 -0.40188226 -0.39757249 -0.39742902 -0.39690211 -0.39791223 -0.39580104 -0.39246935 -0.38982591 -0.38914269 -0.38589883 -0.39244193 -0.61220366 -1.24115622 -2.31621051 -2.67858958 -2.97250009 -2.71736145 -2.24006176 -1.43966222 -0.62662071 0.04170655 0.12368315 0.03389446 -0.19519435 -0.40896097 -0.77632529 -1.21611416 -1.40763044 -0.94557267 0.01397151
-0.47554576 -0.76336521 -0.54100293 -0.21949498 -0.59926027 -0.75973022 -0.71599519 -0.31845376 -0.17720069 -0.41674596 -0.33322477 -0.14182442 -0.18212979 -0.29661784 -0.36769661 -0.28100505 0.08586114 -0.03428878 -0.23416242 -0.45042211 -0.39699474 -0.39966187 -0.40142018 -0.40065923 -0.40112907 -0.39990360 -0.39819559 -0.39795986 -0.39680621 -0.39628980 -0.39440089 -0.39400795 -0.39466095 -0.39251557 -0.38920611 -0.38653359 -0.38362435 -0.38300496 -0.51305854 -0.91909778 -1.76863968 -2.56902528 -2.75803471 -2.96975660 -3.00660849 -2.77149463 -2.23559189 -1.61598456 -1.10684478 -0.72853333 -0.75439727 -0.88219875 -1.28428209 -1.85997641 -2.19939923 -2.15167952 -1.19170380 -0.12820791
-0.46222812 -0.68155062 -0.69320029 -0.43800512 -0.78360450 -0.88277560 -0.80381632 -0.54283947 -0.59204859 -0.74751341 -0.58506787 -0.21947770 -0.51788253 -0.60879040 -0.54867911 -0.65992767 -0.06347644 0.03763836 -0.35614341 -0.49953273 -0.40169707 -0.40378940 -0.40544856 -0.40477484 -0.40377378 -0.40165263 -0.40249062 -0.40064865 -0.40027112 -0.39848682 -0.39897931 -0.39683574 -0.39493337 -0.39064512 -0.38987270 -0.38561139 -0.38424999 -0.40409955 -0.75824708 -1.26638544 -2.25025892 -2.71174073 -2.61062956 -2.80792379 -3.03772879 -3.01495504 -2.73035884 -2.45643067 -2.20037270 -1.98898125 -1.95395470 -2.16638327 -2.55711937 -2.78353786 -2.82315421 -2.29441547 -1.27343547 -0.38082746
-0.43460590 -0.70242548 -1.00082314 -1.01537108 -1.18992937 -1.05118811 -1.01265442 -0.90489483 -0.93330806 -0.87714827 -0.74267119 -0.55952150 -0.76748323 -0.87345874 -0.84845001 -0.92701519 -0.48649684 -0.33910826 -0.48409966 -0.53160852 -0.40276024 -0.40843123 -0.40980348 -0.41254288 -0.40975130 -0.40703711 -0.40092447 -0.40107113 -0.40225440 -0.40344584 -0.40261379 -0.39975426 -0.39465016 -0.39197224 -0.39088216 -0.38576642 -0.38863283 -0.59838897 -1.01060855 -1.87443018 -2.66165996 -2.85760975 -2.79562449 -2.86373663 -3.12813115 -3.18339729 -3.20044756 -3.08727241 -3.01661277 -2.91957331 -2.92073512 -3.03373814 -3.17422318 -3.24863386 -3.00135970 -2.15875578 -0.96022099 -0.32213375
-0.40209296 -0.63081670 -0.89980590 -0.87226981 -0.69097304 -1.00714970 -0.84854478 -0.87676120 -0.76310092 -0.88029736 -0.76302481 -0.70030677 -0.76702482 -0.82376951 -0.90819192 -0.88654369 -0.72471303 -0.77499640 -0.54390019 -0.52155232 -0.40038911 -0.40339273 -0.40965244 -0.41047323 -0.41178995 -0.40849388 -0.40515262 -0.40165165 -0.40083170 -0.40037248 -0.39920163 -0.39448404 -0.39518824 -0.39400604 -0.38559258 -0.38417518 -0.50101399 -0.85715687 -1.51280820 -2.41358757 -2.97616529 -2.93246603 -2.95050669 -3.12592745 -3.27320290 -3.33311582 -3.39539647 -3.41554379 -3.36423016 -3.27927566 -3.22496414 -3.24011064 -3.32379174 -3.35210705 -3.11950827 -2.00004125 -0.46027246 0.06730773
-0.37020907 -0.52851588 -0.58484817 -0.54332882 -0.54277420 -0.73956066 -0.73568881 -0.62652564 -0.57646954 -0.74052906 -0.71588778 -0.55389977 -0.55119681 -0.84926492 -0.69047397 -0.80807841 -0.75431436 -0.63923806 -0.61428171 -0.52064264 -0.40221354 -0.40499479 -0.40785506 -0.40897205 -0.41202641 -0.40809068 -0.40545246 -0.39934215 -0.39895314 -0.39761147 -0.39497903 -0.39364305 -0.38919243 -0.38654992 -0.38746211 -0.42980009 -0.67478043 -1.12477946 -2.03124690 -2.85329390 -3.04389715 -3.23494482 -3.22335124 -3.37032557 -3.42037702 -3.45877814 -3.48571682 -3.49878025 -3.45823169 -3.38096619 -3.29852581 -3.24436212 -3.28912616 -3.33271170 -3.15131688 -1.97696149 -0.32993770 0.31289479
-0.38229853 -0.39575309 -0.52406114 -0.58877254 -0.86724180 -0.83225501 -0.79686069 -0.78615147 -0.58237725 -0.69461286 -0.65148675 -0.54907149 -0.60765225 -0.74127102 -0.65073603 -0.83929354 -0.76698315 -0.61452967 -0.60002857 -0.50861830 -0.39981717 -0.40344900 -0.40586141 -0.40926939 -0.40809616 -0.40616623 -0.40144387 -0.39894804 -0.39653796 -0.39531460 -0.39134660 -0.38595656 -0.39241156 -0.37604010 -0.42098585 -0.54779643 -0.89702362 -1.47007120 -2.32290673 -2.89078975 -3.22108912 -3.33385897 -3.44953728 -3.54924655 -3.53035283 -3.54911304 -3.51199412 -3.49178219 -3.58784223 -3.70459747 -3.56117272 -3.33139539 -3.27689147 -3.29096150 -3.08727813 -1.96211338 -0.51341283 0.35753992
-0.37710607 -0.38621899 -0.50610667 -0.60113072 -0.62222886 -0.58414400 -0.60511166 -0.59235251 -0.45980388 -0.56069970 -0.51600283 -0.47184569 -0.48386076 -0.55561543 -0.51548868 -0.64592844 -0.50718719 -0.49602297 -0.53462702 -0.41513419 -0.40029177 -0.40084782 -0.40118098 -0.40613633 -0.40220588 -0.40269920 -0.40343329 -0.40021682 -0.39794859 -0.39406204 -0.38931921 -0.39086118 -0.50666380 -0.72658026 -0.96044087 -0.99010360 -1.13149476 -1.75046611 -2.50912857 -2.99510741 -3.31890512 -3.47326374 -3.56886148 -3.59144759 -3.63710308 -3.67365050 -3.45302773 -3.16395068 -3.49012542 -4.06731129 -4.03371286 -3.61754656 -3.36147356 -3.29461002 -3.05037856 -2.24272728 -0.86414522 0.28614759
-0.37195846 -0.38973507 -0.41493452 -0.42183372 -0.39943397 -0.40155494 -0.42809480 -0.39209661 -0.38101619 -0.39614296 -0.39852029 -0.39839777 -0.41410801 -0.41119835 -0.42821729 -0.41437063 -0.40870601 -0.42455414 -0.40083459 -0.39798486 -0.39534748 -0.39704797 -0.39771199 -0.39586389 -0.39950156 -0.39952722 -0.39687383 -0.39641061 -0.39605913 -0.39044678 -0.38579267 -0.49491480 -0.81626564 -1.19393241 -1.37912631 -1.42397845 -1.64175200 -2.27927971 -2.87640095 -3.22437596 -3.42131090 -3.53838563 -3.59908175 -3.59514236 -3.66564465 -3.63371420 -3.12627149 -2.45929289 -2.94606614 -3.84583759 -4.10115433 -3.79887867 -3.45330405 -3.09830666 -2.84331536 -2.51635790 -1.30357575 0.04967143
-0.37893260 -0.37929982 -0.38034883 -0.38081115 -0.38537085 -0.38704064 -0.38728350 -0.38712308 -0.38888827 -0.38972524 -0.39567778 -0.39852405 -0.39905781 -0.39683214 -0.39743564 -0.39790356 -0.39715469 -0.39568570 -0.39353448 -0.39513177 -0.39564350 -0.39397132 -0.39464501 -0.39466503 -0.39729479 -0.39319217 -0.39251524 -0.39254376 -0.39128330 -0.38181645 -0.40309754 -0.75119269 -1.17384565 -1.71217227 -1.89758086 -2.08110285 -2.50525904 -2.91528940 -3.19576287 -3.37471128 -3.51059103 -3.59231091 -3.60536575 -3.59691525 -3.64524579 -3.61575294 -3.17235613 -2.42168903 -2.58483124 -3.14843297 -3.46135640 -3.54591417 -3.18104410 -2.68503571 -2.54337764 -2.44713020 -1.26761401 -0.09626978
-0.37998319 -0.38118234 -0.38071910 -0.38517532 -0.38627017 -0.39017811 -0.38938898 -0.38964626 -0.38913965 -0.39179474 -0.39409161 -0.39934883 -0.39923781 -0.39937356 -0.39821440 -0.40185514 -0.39616141 -0.39567947 -0.39477837 -0.39571229 -0.39572355 -0.39742374 -0.39685723 -0.39907771 -0.39543802 -0.39350751 -0.38991928 -0.38810575 -0.38153777 -0.38023531 -0.56647450 -1.00675535 -1.73574042 -2.23365188 -2.63603234 -2.78449464 -3.03589988 -3.20142937 -3.34311366 -3.45086765 -3.53334069 -3.55363441 -3.56872225 -3.56574488 -3.55568624 -3.57328296 -3.27126265 -2.79265308 -2.65529537 -2.77924943 -2.96411467 -3.13525343 -3.15525889 -2.81230068 -2.63424706 -2.06085706 -0.93193483 -0.06257104
-0.38281998 -0.38547400 -0.38676542 -0.38932505 -0.38971120 -0.39138174 -0.39244038 -0.39217353 -0.39061427 -0.39442018 -0.39854291 -0.40023705 -0.39951232 -0.39958721 -0.40450627 -0.40341300 -0.40070668 -0.39969435 -0.39787814 -0.39812267 -0.40034798 -0.39958405 -0.39859498 -0.39572769 -0.39612502 -0.39575613 -0.38945338 -0.38517663 -0.37936890 -0.39908549 -0.80129600 -1.46027374 -2.33515072 -2.94823527 -2.99862242 -3.13221765 -3.26047015 -3.36232233 -3.43531513 -3.48038220 -3.51656508 -3.53313279 -3.53837824 -3.53697610 -3.58941364 -3.49908853 -3.19021201 -2.78363061 -2.82402110 -2.91524386 -2.92812467 -2.99843788 -3.04372382 -2.91831541 -2.59994078 -1.79084766 -0.87146378 -0.00463152
-0.38379014 -0.38385907 -0.38879064 -0.38693646 -0.39131722 -0.39337274 -0.39555317 -0.39267284 -0.39456344 -0.39543581 -0.39970630 -0.40133461 -0.40146467 -0.40116924 -0.40339577 -0.40097851 -0.39998028 -0.39766079 -0.39780048 -0.39862067 -0.39855823 -0.39921769 -0.39779043 -0.39448184 -0.39425406 -0.39252764 -0.38993287 -0.38393927 -0.38101345 -0.57137060 -1.06578279 -2.04018450 -2.86644387 -3.10566401 -3.22251391 -3.25822592 -3.36268306 -3.42082119 -3.44986558 -3.48168015 -3.50677443 -3.52253890 -3.52410460 -3.51747870 -3.53490472 -3.46069598 -3.17767096 -2.92289948 -3.16778851 -3.24820471 -3.06491661 -3.07192230 -3.03570199 -2.88009882 -2.57831144 -1.71273565 -0.82003564 -0.09948980
-0.38297510 -0.38643655 -0.38493454 -0.38910285 -0.39162627 -0.39439592 -0.39306873 -0.39451146 -0.39359799 -0.39799657 -0.40116924 -0.40483370 -0.40472072 -0.40376508 -0.40463865 -0.40244037 -0.39579982 -0.39448154 -0.39655209 -0.39725789 -0.39554071 -0.39665103 -0.39544699 -0.39333230 -0.39143467 -0.38799351 -0.38348034 -0.37815189 -0.40793386 -0.80295068 -1.51404107 -2.60807514 -3.13315964 -3.16717696 -3.20369291 -3.37922931 -3.46986890 -3.47942948 -3.50808573 -3.52568102 -3.54089689 -3.54988742 -3.55399227 -3.53632593 -3.49641395 -3.43875194 -3.36519694 -3.30406094 -3.35847211 -3.38431835 -3.32277989 -3.21837020 -3.13345361 -2.95668912 -2.54604936 -1.67699242 -0.58989310 -0.19502869
-0.38330317 -0.38672286 -0.38497555 -0.38826981 -0.39117941 -0.39408284 -0.39377612 -0.39271441 -0.39233115 -0.39589703 -0.40121078 -0.40381026 -0.40431803 -0.40589267 -0.40485734 -0.40058422 -0.39428496 -0.39312679 -0.39320755 -0.39319533 -0.39102298 -0.39316612 -0.39358982 -0.39183980 -0.38921505 -0.38692969 -0.38097197 -0.38069120 -0.59481847 -1.01600575 -2.09426355 -2.89740419 -3.10493350 -3.27334309 -3.35732961 -3.50027657 -3.53266168 -3.55703402 -3.58373594 -3.59351993 -3.59539151 -3.60382795 -3.61006808 -3.59897757 -3.55482626 -3.49429512 -3.45756006 -3.44868040 -3.46472263 -3.46114445 -3.40613770 -3.32758069 -3.24427080 -3.09585381 -2.45601344 -1.37260604 -0.41648296 -0.37546346
-0.38221145 -0.38416538 -0.38700855 -0.38504913 -0.38877857 -0.39101446 -0.39332289 -0.39167240 -0.39171413 -0.39354298 -0.39771006 -0.40082499 -0.40187341 -0.40086871 -0.40221006 -0.39982906 -0.39546114 -0.39374727 -0.39275450 -0.39107451 -0.38981906 -0.38847283 -0.39116901 -0.38936815 -0.38222671 -0.38077834 -0.38296363 -0.58355606 -0.89167720 -1.51770175 -2.41405201 -2.91779208 -3.08336425 -3.26864719 -3.46672058 -3.57318473 -3.58704233 -3.61771822 -3.64488435 -3.64405465 -3.63575506 -3.63994861 -3.64317417 -3.63702106 -3.60604930 -3.55707884 -3.49282312 -3.46462488 -3.47104359 -3.48461795 -3.43417525 -3.34989357 -3.28946519 -3.12322378 -2.31882071 -1.21838129 -0.42705935 -0.59426337
-0.38147175 -0.38221499 -0.38315800 -0.38492656 -0.38668028 -0.39071789 -0.39151067 -0.39094007 -0.38875383 -0.39421564 -0.39623439 -0.39648429 -0.39677984 -0.39831349 -0.39737362 -0.39861754 -0.39635837 -0.39106745 -0.39249557 -0.39217830 -0.38644469 -0.38408622 -0.38572326 -0.38216814 -0.38031530 -0.38388526 -0.59498686 -0.91592842 -1.33720601 -1.99929345 -2.67307138 -2.79127693 -3.19665289 -3.39210629 -3.56044650 -3.60560298 -3.61012220 -3.64164448 -3.66469646 -3.66636753 -3.65141296 -3.65421271 -3.65632105 -3.65289092 -3.63479066 -3.58301950 -3.52356339 -3.46904874 -3.45245385 -3.44703460 -3.40893507 -3.27998376 -3.16216063 -2.95749092 -2.28158259 -1.30141211 -0.77603579 -0.73265451
-0.37716794 -0.38085467 -0.38293740 -0.38538378 -0.38662320 -0.39150757 -0.39408612 -0.39046973 -0.39183521 -0.39252767 -0.39569658 -0.39508611 -0.39515916 -0.39402622 -0.39632535 -0.39685085 -0.39507234 -0.39294207 -0.38955319 -0.38872585 -0.38572079 -0.38227949 -0.37713459 -0.37730315 -0.37524197 -0.56156319 -0.88980156 -1.30811214 -1.78423023 -2.49618006 -2.73317051 -3.06394506 -3.23773265 -3.47239017 -3.61598206 -3.64184022 -3.64883471 -3.66535807 -3.68515444 -3.68659186 -3.67379117 -3.67218781 -3.67085433 -3.67042685 -3.65332770 -3.61237741 -3.56082463 -3.51010919 -3.44262433 -3.25771570 -2.95968890 -2.84454608 -2.88134956 -2.76005554 -2.14549971 -1.40195096 -1.02991796 -0.82805371
-0.38138700 -0.38160291 -0.38508022 -0.38643110 -0.38863999 -0.39176357 -0.39317182 -0.39027363 -0.38967925 -0.39276654 -0.39551303 -0.39644077 -0.39620066 -0.39679548 -0.39674655 -0.39771682 -0.39451927 -0.39244422 -0.38924003 -0.38727292 -0.38343322 -0.37839425 -0.38210273 -0.37534514 -0.51677030 -0.79454249 -1.17775321 -1.68536794 -2.37526083 -2.73208213 -3.06286693 -3.20489502 -3.38717508 -3.55398154 -3.62121081 -3.65546632 -3.66938138 -3.67695355 -3.69193435 -3.69392061 -3.68513227 -3.67872143 -3.67484093 -3.67465401 -3.66036510 -3.63081288 -3.57885122 -3.53900909 -3.43145561 -3.00331450 -2.39583802 -2.20868945 -2.37128854 -2.27749372 -1.79609871 -1.35863280 -1.00657761 -0.69492060
-0.38203365 -0.38193262 -0.38377064 -0.38640004 -0.38712734 -0.39006069 -0.38978553 -0.38752881 -0.38777766 -0.39226082 -0.39426887 -0.39361587 -0.39446935 -0.39734027 -0.39676616 -0.39416417 -0.39381891 -0.38983271 -0.38850322 -0.38454962 -0.38271418 -0.38171229 -0.47206703 -0.63649470 -0.90678656 -1.07105505 -1.43052864 -2.16974974 -2.65777302 -3.08292556 -3.23058891 -3.31667376 -3.45201659 -3.56390715 -3.61468053 -3.65201926 -3.67184997 -3.68419814 -3.69455910 -3.68910098 -3.67992854 -3.67904568 -3.67399812 -3.66944170 -3.65371704 -3.63263965 -3.58598900 -3.53163910 -3.37350130 -2.73035192 -1.76819468 -1.25478709 -1.46388078 -1.61050558 -1.28829825 -1.05323076 -0.74510860 -0.66201138
-0.38261631 -0.38589105 -0.38546950 -0.38842270 -0.38871488 -0.39000842 -0.39050362 -0.39022496 -0.39168325 -0.39291841 -0.39373967 -0.39566007 -0.39539823 -0.39367363 -0.39277887 -0.39277932 -0.39322206 -0.38971323 -0.38439015 -0.38449708 -0.39242417 -0.60972077 -0.87125087 -1.13775635 -1.16775382 -1.37330735 -2.00313044 -2.53646755 -3.01394582 -3.22832704 -3.33389354 -3.37859082 -3.42238641 -3.53349161 -3.59917116 -3.64792418 -3.66376185 -3.67513990 -3.69225502 -3.68061090 -3.66818619 -3.66450667 -3.66068220 -3.65839863 -3.63719320 -3.61058927 -3.58003163 -3.52186847 -3.30981016 -2.43333173 -1.09449935 -0.42519566 -0.78707772 -1.09387553 -0.90526360 -0.73664415 -0.61034745 -0.57404709
-0.38378960 -0.38443628 -0.38692296 -0.38722304 -0.38994956 -0.39133582 -0.39103889 -0.39123714 -0.39441118 -0.39482540 -0.39638147 -0.39433342 -0.39127648 -0.39048094 -0.38939047 -0.39308602 -0.39013037 -0.38661328 -0.38164169 -0.38562813 -0.58931929 -0.93134463 -1.31281161 -1.49160540 -1.66162384 -2.09541893 -2.59455132 -2.97323322 -3.19579291 -3.33318043 -3.40472102 -3.37921333 -3.40192413 -3.49947667 -3.57904863 -3.64456773 -3.65473294 -3.66510010 -3.67913079 -3.66995406 -3.66602588 -3.66027427 -3.63759565 -3.61483073 -3.58831024 -3.56179047 -3.53319359 -3.49373651 -3.20690870 -2.13633990 -0.67852992 -0.05524265 -0.46199182 -0.70504963 -0.57283944 -0.53254879 -0.47587037 -0.48936048
-0.37818912 -0.38067994 -0.38411349 -0.38504222 -0.38682929 -0.38813472 -0.38985166 -0.39207104 -0.39262778 -0.39526454 -0.39387724 -0.39241377 -0.39013773 -0.38539121 -0.38583377 -0.38626441 -0.38763174 -0.38516793 -0.37996098 -0.48884621 -0.89058512 -1.36594224 -1.81254566 -2.17234898 -2.41327190 -2.74460125 -3.00250506 -3.19479585 -3.34704709 -3.44462538 -3.42849302 -3.37865853 -3.40240431 -3.48316884 -3.55858541 -3.64012289 -3.65370417 -3.65775657 -3.67493582 -3.66577363 -3.66514087 -3.65598512 -3.63355613 -3.59391713 -3.55164027 -3.52541137 -3.48328114 -3.43005037 -3.10378051 -1.90488112 -0.50090349 0.02879997 -0.32098559 -0.58709848 -0.42735174 -0.45335156 -0.42670339 -0.43526456
-0.37601498 -0.37743762 -0.37917185 -0.37902972 -0.38124257 -0.38332126 -0.38410267 -0.38552502 -0.38731909 -0.38852760 -0.39258108 -0.39085212 -0.38588825 -0.38264593 -0.37945446 -0.37845737 -0.37960005 -0.37771505 -0.38848066 -0.69476128 -1.18973029 -1.96864057 -2.57289076 -2.76830626 -2.95815778 -3.09172559 -3.24927998 -3.39265251 -3.47445297 -3.49395680 -3.44486523 -3.38594723 -3.39229798 -3.47522283 -3.55613017 -3.64119530 -3.65934396 -3.65735102 -3.67102599 -3.66655588 -3.65948391 -3.65387297 -3.63276482 -3.58629727 -3.52492356 -3.48294449 -3.44752240 -3.36398911 -2.94890380 -1.69481134 -0.40098280 -0.05767879 -0.42728311 -0.56494147 -0.38495913 -0.41209236 -0.42092201 -0.43427971
-0.37236527 -0.37335885 -0.37587515 -0.37837836 -0.37780222 -0.37754890 -0.38130200 -0.38224691 -0.38400272 -0.38459384 -0.38660553 -0.38945106 -0.38470784 -0.38073218 -0.37740839 -0.37648651 -0.37356991 -0.37028864 -0.48371807 -0.93968123 -1.74188149 -2.63986230 -3.05049324 -3.11269617 -3.12277436 -3.23753905 -3.37647486 -3.46267366 -3.50877047 -3.52530217 -3.46325564 -3.38560605 -3.37995505 -3.45834041 -3.54260826 -3.63136840 -3.64858103 -3.64504480 -3.65377069 -3.65701747 -3.64752984 -3.63538599 -3.61004782 -3.56848860 -3.50894094 -3.45583344 -3.41356611 -3.28963208 -2.72590613 -1.43715322 -0.39364824 -0.36582863 -0.64718652 -0.52161902 -0.39670545 -0.41519731 -0.42280263 -0.42992976
-0.37459213 -0.37650716 -0.37433121 -0.37594822 -0.37459221 -0.37529129 -0.37738645 -0.37963310 -0.38013396 -0.38077417 -0.38350907 -0.38393566 -0.38409373 -0.37810501 -0.37301069 -0.37037167 -0.36787921 -0.37287492 -0.62955737 -1.28119040 -2.37839913 -3.07561588 -3.20529771 -3.21612763 -3.24536037 -3.30216932 -3.36899662 -3.46742249 -3.53405929 -3.55786061 -3.48480678 -3.40623045 -3.39285898 -3.46728492 -3.53932571 -3.61250734 -3.63292861 -3.63828731 -3.64897108 -3.65323830 -3.64555168 -3.63066506 -3.60371637 -3.56180072 -3.50925064 -3.44991469 -3.39481878 -3.21690655 -2.41059518 -1.02855408 -0.38960487 -0.59986210 -0.75470972 -0.51624334 -0.40043002 -0.40811580 -0.42065734 -0.43042153
-0.37425825 -0.37491423 -0.37380850 -0.37144691 -0.37284514 -0.37589702 -0.37596697 -0.37698996 -0.37637833 -0.37667251 -0.37881461 -0.37954310 -0.37858006 -0.37531945 -0.37361461 -0.36909562 -0.36316425 -0.39014849 -0.85787153 -1.78026438 -2.88868666 -3.30375099 -3.33150053 -3.25238085 -3.32508659 -3.31305408 -3.32573175 -3.42096806 -3.51902127 -3.56391549 -3.50624895 -3.41472125 -3.41315699 -3.48369455 -3.54258966 -3.60195923 -3.62059832 -3.63643050 -3.64643812 -3.64599919 -3.63321900 -3.61984968 -3.59988451 -3.56896567 -3.50464368 -3.44760799 -3.36493015 -3.05992317 -2.04143667 -0.72810906 -0.44975615 -0.68588591 -0.72346121 -0.48652583 -0.39469683 -0.41145703 -0.41714936 -0.42928907
-0.37610871 -0.37267756 -0.37306046 -0.36879301 -0.36871365 -0.37178558 -0.37320647 -0.37442994 -0.37472305 -0.37340564 -0.37319055 -0.37330088 -0.37382549 -0.37242272 -0.37056780 -0.37061483 -0.36407563 -0.50044042 -1.12534857 -2.30323863 -3.16152549 -3.36866164 -3.33192921 -3.34940648 -3.39328051 -3.34282136 -3.32147241 -3.36401772 -3.47070289 -3.54185414 -3.51246285 -3.43586016 -3.44104266 -3.51074934 -3.56745028 -3.61563969 -3.61826324 -3.64179516 -3.64616990 -3.64558578 -3.63248205 -3.61946058 -3.60361338 -3.56719708 -3.50050282 -3.43695998 -3.33108830 -2.80601048 -1.55578125 -0.48281687 -0.48780385 -0.68389887 -0.61470437 -0.42802641 -0.39829591 -0.40819854 -0.41986015 -0.42831931
-0.37615478 -0.37124372 -0.36600366 -0.36514664 -0.36731717 -0.36724287 -0.37045622 -0.37173319 -0.37118641 -0.37107792 -0.36955640 -0.37314713 -0.37191615 -0.37097028 -0.36808264 -0.36385953 -0.36692876 -0.63232309 -1.47947955 -2.74596143 -3.33026695 -3.42704821 -3.32629108 -3.43990207 -3.44584966 -3.39609909 -3.36052680 -3.36335707 -3.43585420 -3.51308560 -3.51932049 -3.46992731 -3.48803520 -3.54626775 -3.59954834 -3.63338137 -3.64504623 -3.65252519 -3.64832687 -3.65298080 -3.64204216 -3.62974167 -3.61085343 -3.56874228 -3.50214362 -3.43219829 -3.27860594 -2.57436585 -1.11157560 -0.21236373 -0.48926914 -0.65059334 -0.55880493 -0.38009694 -0.39979628 -0.40873334 -0.41958302 -0.42679408
-0.36646539 -0.36845735 -0.36540064 -0.36367825 -0.36552995 -0.36641961 -0.36675268 -0.36810952 -0.36714616 -0.37100190 -0.37024921 -0.36886257 -0.36846799 -0.36738360 -0.36663640 -0.35992804 -0.38044849 -0.84412503 -1.95477462 -3.07184649 -3.41083145 -3.44555736 -3.38699770 -3.50650454 -3.50410008 -3.45680690 -3.40848613 -3.40787220 -3.43863726 -3.49385262 -3.51851463 -3.50721669 -3.52462792 -3.57331157 -3.61411357 -3.64361525 -3.65478277 -3.66989326 -3.65679908 -3.65507650 -3.65166259 -3.63919187 -3.61780930 -3.57948947 -3.51346493 -3.44503093 -3.23566318 -2.33139992 -0.82493526 -0.08218660 -0.45210385 -0.64948010 -0.44270667 -0.38766766 -0.39992908 -0.40926856 -0.41426376 -0.42369792
-0.36309817 -0.36077881 -0.36486211 -0.36231217 -0.36178333 -0.36389694 -0.36223817 -0.36447054 -0.36814353 -0.36750278 -0.36864248 -0.36582708 -0.36729401 -0.36397135 -0.35664010 -0.35232922 -0.49400541 -1.07553637 -2.39236522 -3.19591212 -3.37463331 -3.36996055 -3.41813850 -3.52884960 -3.53248858 -3.50897408 -3.46224332 -3.44290495 -3.45453715 -3.48711038 -3.49334145 -3.51385903 -3.54002523 -3.57026958 -3.61900330 -3.63674951 -3.65443468 -3.66062260 -3.65382910 -3.64882016 -3.64379191 -3.63201761 -3.61538744 -3.58094907 -3.51888466 -3.45300174 -3.16047120 -2.04616356 -0.52223247 0.01009639 -0.37843537 -0.62027752 -0.38060859 -0.39180315 -0.40128240 -0.40833920 -0.41683653 -0.42166066
-0.36135793 -0.35918868 -0.35845548 -0.36061791 -0.35992223 -0.35817164 -0.36153886 -0.36247018 -0.36270714 -0.36369377 -0.36317402 -0.36141250 -0.36186740 -0.35968351 -0.35139710 -0.36504933 -0.67974353 -1.47752523 -2.70818973 -3.21125031 -3.28321314 -3.28904533 -3.46711278 -3.54386115 -3.56314111 -3.55635071 -3.51606917 -3.48028612 -3.47373319 -3.50638771 -3.50075388 -3.54433417 -3.57695723 -3.59767485 -3.63370109 -3.64684701 -3.65689015 -3.66459346 -3.65963507 -3.65786028 -3.65183663 -3.63538909 -3.62502146 -3.59634995 -3.53432488 -3.46659064 -3.12617683 -1.83247364 -0.23678854 0.16871096 -0.25166640 -0.52619863 -0.35707143 -0.38689128 -0.40034762 -0.40959552 -0.41753083 -0.42396408
-0.35580581 -0.35807925 -0.35472715 -0.35593021 -0.35751209 -0.35703450 -0.35631788 -0.35748065 -0.35951978 -0.36038572 -0.36018130 -0.35925642 -0.35748580 -0.35508868 -0.34971121 -0.54692847 -0.97278345 -2.00091934 -2.83962917 -3.09805727 -3.21467543 -3.32934976 -3.48313761 -3.54614234 -3.56281281 -3.57623792 -3.54777622 -3.49167490 -3.47413397 -3.49315286 -3.50647330 -3.56803703 -3.59700584 -3.60999823 -3.63730741 -3.64201665 -3.65464783 -3.65531325 -3.65536380 -3.65532994 -3.64622021 -3.63242126 -3.62356663 -3.59884334 -3.54017472 -3.45049334 -3.11459184 -1.81548512 -0.22147049 0.37690213 0.00911223 -0.37474900 -0.34573013 -0.38574862 -0.39779148 -0.40645096 -0.41036040 -0.41870552
-0.35610119 -0.35404074 -0.35389781 -0.35266897 -0.35548884 -0.35535088 -0.35546190 -0.35647416 -0.35420635 -0.35581699 -0.35673532 -0.35669973 -0.35425431 -0.34842351 -0.38749793 -0.82328880 -1.41450751 -2.46285748 -3.02550840 -3.03445864 -3.17209172 -3.36494184 -3.48594999 -3.52207232 -3.54839730 -3.55849028 -3.53892303 -3.48076868 -3.43760896 -3.44666100 -3.48072720 -3.57916713 -3.61070657 -3.61365938 -3.61907625 -3.63066101 -3.63427567 -3.63092136 -3.63202715 -3.62964487 -3.62253022 -3.61290693 -3.60434389 -3.58075094 -3.51912379 -3.41929150 -3.11999035 -1.97548783 -0.43050498 0.50501817 0.26345313 -0.16972518 -0.31919003 -0.38176751 -0.39467177 -0.39881018 -0.40772259 -0.41530058
-0.35177875 -0.35235274 -0.34983313 -0.35129705 -0.35093334 -0.35414502 -0.35518974 -0.35440537 -0.35392222 -0.35427347 -0.35530695 -0.35162279 -0.34807417 -0.34441859 -0.52326387 -1.09343827 -2.05755615 -2.93306947 -3.10659432 -3.15236378 -3.25218749 -3.42516470 -3.49166727 -3.52187872 -3.54575968 -3.56527638 -3.54735899 -3.47887635 -3.41277337 -3.39721179 -3.44594717 -3.56897640 -3.62288022 -3.62718463 -3.61428499 -3.61792183 -3.61803770 -3.61620235 -3.61704707 -3.61949849 -3.61007333 -3.60263610 -3.59857631 -3.57474566 -3.51466346 -3.41436243 -3.15067768 -2.23322010 -0.71573341 0.46188837 0.45769843 0.01898311 -0.30908325 -0.37547976 -0.38889736 -0.40080449 -0.40605766 -0.41220763
-0.35057336 -0.35065427 -0.34775525 -0.34738123 -0.35336021 -0.35360575 -0.35413975 -0.35386032 -0.35389957 -0.35369465 -0.35062554 -0.34925210 -0.34428659 -0.34486517 -0.65684474 -1.50041199 -2.69142437 -3.24832726 -3.27322412 -3.15524292 -3.34401584 -3.47888327 -3.50610161 -3.52429652 -3.54516029 -3.56391501 -3.54771233 -3.47752643 -3.38938022 -3.36208177 -3.40795398 -3.53625965 -3.60804462 -3.62805343 -3.61194968 -3.60773420 -3.59886885 -3.60312867 -3.59766865 -3.60108399 -3.59292293 -3.59162045 -3.59038591 -3.56960583 -3.50590944 -3.41320992 -3.18971634 -2.45439982 -1.06717288 0.25051692 0.50748169 0.14100444 -0.32414779 -0.36840385 -0.38957646 -0.39644575 -0.40317830 -0.40673488
-0.34844038 -0.34839305 -0.34736794 -0.34683993 -0.34795848 -0.35228857 -0.35602069 -0.35412636 -0.35368159 -0.35263175 -0.34814572 -0.34539261 -0.34416392 -0.36037692 -0.84332925 -2.03936505 -3.14856029 -3.41778946 -3.37232447 -3.24794221 -3.41770077 -3.49639893 -3.52851844 -3.54239583 -3.55491304 -3.57212663 -3.55167484 -3.49105263 -3.39839602 -3.35914922 -3.40809298 -3.50760865 -3.58734369 -3.63044620 -3.63155770 -3.62473559 -3.60571122 -3.60182667 -3.59716988 -3.59744644 -3.58982587 -3.58811545 -3.59153366 -3.56592703 -3.50109196 -3.39186049 -3.24206710 -2.65620208 -1.36698699 0.02119127 0.43282902 0.08714806 -0.33933237 -0.36431205 -0.38817030 -0.39714235 -0.40275908 -0.41024843
-0.34787816 -0.34732658 -0.34584826 -0.34546632 -0.34978309 -0.35173830 -0.35180616 -0.35383925 -0.35204619 -0.35095885 -0.34814230 -0.34480596 -0.33912414 -0.37018281 -1.03193283 -2.50304341 -3.40805793 -3.56093287 -3.37196112 -3.32032561 -3.44536614 -3.51533532 -3.55868411 -3.57290840 -3.58065629 -3.59112096 -3.57271171 -3.51632738 -3.42484570 -3.38499045 -3.43042445 -3.51438642 -3.59018064 -3.64231586 -3.65238380 -3.64568949 -3.62423992 -3.61547589 -3.61347270 -3.60955739 -3.59755230 -3.60379910 -3.60173488 -3.57458138 -3.50576901 -3.39736319 -3.31257010 -2.81152225 -1.53347790 -0.12264305 0.23838353 -0.08900249 -0.37633738 -0.36266142 -0.38380736 -0.39376509 -0.40093359 -0.40588441
-0.34159967 -0.34151661 -0.33988315 -0.34189221 -0.34405521 -0.34716889 -0.34625599 -0.35059884 -0.35001180 -0.34305111 -0.34200007 -0.33826420 -0.33498621 -0.36744374 -1.26669192 -2.71181726 -3.52763772 -3.65061426 -3.38214183 -3.36168385 -3.44459677 -3.51655793 -3.56277680 -3.57845569 -3.58109021 -3.58339763 -3.57476711 -3.52453303 -3.44162035 -3.41407561 -3.44722891 -3.50348258 -3.58711076 -3.63172293 -3.64941359 -3.64963055 -3.63133264 -3.62527990 -3.61689544 -3.60859990 -3.60250688 -3.60033798 -3.59506035 -3.55492878 -3.47862864 -3.37839818 -3.30584407 -2.85751081 -1.50212669 -0.16478208 -0.00785887 -0.30445364 -0.43232584 -0.36194947 -0.38178551 -0.38914791 -0.39349443 -0.40148479
-0.33766198 -0.33970040 -0.33636865 -0.33867568 -0.34049591 -0.34370008 -0.34770259 -0.34616253 -0.34526992 -0.34229437 -0.33940256 -0.33792809 -0.33159727 -0.37181038 -1.44392359 -2.81043577 -3.55411816 -3.68499756 -3.39539409 -3.36317611 -3.43741441 -3.51300383 -3.56672215 -3.58525419 -3.58360291 -3.58547974 -3.56917334 -3.53190827 -3.45815396 -3.43459988 -3.45130610 -3.49728823 -3.57999682 -3.62430167 -3.63899446 -3.64108992 -3.62778068 -3.62868285 -3.61680913 -3.61764693 -3.60592151 -3.60732412 -3.58839941 -3.53605533 -3.44595361 -3.35330129 -3.27648711 -2.80435467 -1.34522951 -0.10595361 -0.15852082 -0.47230408 -0.42547169 -0.36435130 -0.38417199 -0.39133880 -0.39873451 -0.40027428
-0.33808491 -0.33875880 -0.33675539 -0.33591568 -0.34094927 -0.34536347 -0.34570420 -0.34780714 -0.34603712 -0.34569556 -0.34054548 -0.33710510 -0.33100268 -0.40199289 -1.58475804 -2.88303304 -3.56701255 -3.63115191 -3.35903382 -3.35699940 -3.42558789 -3.50116491 -3.55762696 -3.57993960 -3.58353353 -3.58828950 -3.57586789 -3.53809404 -3.46491003 -3.43405318 -3.44292712 -3.49608898 -3.56758499 -3.61249900 -3.62818885 -3.62729120 -3.62045884 -3.62061763 -3.61846948 -3.61488628 -3.60915112 -3.60877776 -3.57881188 -3.51857305 -3.43210483 -3.33713770 -3.22872472 -2.71360111 -1.14048469 -0.03124811 -0.24347501 -0.49919978 -0.41339421 -0.37672710 -0.38812089 -0.39689258 -0.39987311 -0.40552670
-0.33955115 -0.33912209 -0.33693999 -0.33595586 -0.33818454 -0.34237134 -0.34473082 -0.34802437 -0.35155606 -0.34625167 -0.34399515 -0.34148863 -0.33298832 -0.45460841 -1.70605934 -2.95033479 -3.57830238 -3.60318232 -3.32161522 -3.35670972 -3.42308974 -3.49421024 -3.55669665 -3.58537459 -3.59394264 -3.59969854 -3.59146309 -3.55339622 -3.48824215 -3.43762851 -3.43167233 -3.48179054 -3.55177832 -3.60104609 -3.61122537 -3.61674452 -3.61308622 -3.61534476 -3.61395526 -3.61614776 -3.61727595 -3.61167502 -3.57212567 -3.49548292 -3.42581367 -3.34434247 -3.25717425 -2.71420670 -1.07176769 0.00619126 -0.21066789 -0.51013106 -0.39217037 -0.37869084 -0.39144632 -0.40111235 -0.40270016 -0.40873459
-0.33211488 -0.33511981 -0.33461046 -0.33350164 -0.33511031 -0.33667588 -0.33888415 -0.34229201 -0.34264988 -0.34591806 -0.34057188 -0.33564743 -0.33428374 -0.49014094 -1.84987259 -3.09047246 -3.65117836 -3.63408375 -3.31932831 -3.35626507 -3.40778327 -3.47483301 -3.53464699 -3.57065964 -3.59358144 -3.60357070 -3.59805870 -3.56502271 -3.51395845 -3.45332885 -3.43470764 -3.45990801 -3.52793717 -3.58322811 -3.58691525 -3.58753824 -3.58800602 -3.59482861 -3.60469985 -3.61229873 -3.61719179 -3.60434151 -3.55539131 -3.46909666 -3.39962029 -3.32138848 -3.25278997 -2.61420703 -0.98153687 0.12794532 -0.16431510 -0.46067482 -0.35811520 -0.37558571 -0.39169621 -0.39944515 -0.40565971 -0.40534988
-0.32694483 -0.33018127 -0.32993954 -0.32901168 -0.32925379 -0.33124489 -0.33078650 -0.33205435 -0.33660880 -0.33810961 -0.33809647 -0.33195516 -0.33350828 -0.51185405 -1.99359906 -3.22971058 -3.77811408 -3.72486854 -3.38046837 -3.38144398 -3.41320014 -3.46703506 -3.51663923 -3.55301118 -3.57842207 -3.59677362 -3.60035443 -3.58566189 -3.53584623 -3.48324990 -3.44913268 -3.45426083 -3.50835061 -3.56045270 -3.56950712 -3.56616592 -3.56022048 -3.57657146 -3.59973145 -3.61781454 -3.61725998 -3.59852600 -3.53012347 -3.45484781 -3.38574147 -3.32944250 -3.27035737 -2.56856322 -0.91292155 0.19809610 -0.12544729 -0.45234498 -0.31325582 -0.37705341 -0.38974714 -0.39825034 -0.40446806 -0.40670058
-0.32041812 -0.32192126 -0.32235411 -0.32423300 -0.32579625 -0.32420373 -0.32456493 -0.32618168 -0.32871580 -0.33435234 -0.33023098 -0.33001733 -0.32549387 -0.51467812 -2.01493073 -3.28354049 -3.89120150 -3.87008429 -3.49328184 -3.40643597 -3.42135859 -3.45356822 -3.49358892 -3.52899170 -3.55219221 -3.56639194 -3.57465053 -3.56671572 -3.53716540 -3.49312997 -3.44865990 -3.45055461 -3.49828625 -3.54258966 -3.56060076 -3.56285572 -3.55734015 -3.56660986 -3.60031104 -3.62479568 -3.61941218 -3.58434987 -3.50437427 -3.42466235 -3.37083864 -3.32150459 -3.27763772 -2.57511902 -0.95637965 0.17587154 -0.20421942 -0.45620933 -0.33175239 -0.37730440 -0.38389415 -0.39532796 -0.39846253 -0.40282795
-0.31457993 -0.31670597 -0.31937215 -0.31875548 -0.31774208 -0.31773385 -0.31713888 -0.32207426 -0.32495639 -0.32762331 -0.32898527 -0.32300350 -0.31925058 -0.50471020 -1.85253811 -3.24655080 -3.93844771 -4.02335835 -3.62963247 -3.41862726 -3.41647243 -3.43145370 -3.45638275 -3.48711038 -3.50629330 -3.51818871 -3.52383590 -3.51113582 -3.48417735 -3.44100237 -3.40013814 -3.41415691 -3.46900010 -3.51055288 -3.53489518 -3.54454422 -3.54145074 -3.54827738 -3.57338715 -3.60223079 -3.60403061 -3.55939603 -3.46897960 -3.39541888 -3.32945824 -3.29925442 -3.23403978 -2.43603992 -0.90651888 0.02384055 -0.38378066 -0.54334849 -0.34264609 -0.37726411 -0.38566238 -0.39482567 -0.39819431 -0.39984709
-0.31180188 -0.31110612 -0.31308860 -0.31403151 -0.31299922 -0.31388247 -0.31237948 -0.31363249 -0.31917855 -0.32293358 -0.32391781 -0.31799984 -0.31153527 -0.44083112 -1.58511508 -3.00170112 -3.87731361 -4.12730932 -3.82014894 -3.45437121 -3.42869210 -3.43180013 -3.43602943 -3.45373344 -3.46862817 -3.47872806 -3.48379612 -3.47412157 -3.45107865 -3.41227651 -3.38599896 -3.39191318 -3.43957496 -3.47893357 -3.50622654 -3.51303935 -3.52194810 -3.53566861 -3.55194402 -3.57739258 -3.56773710 -3.53625202 -3.45780635 -3.38757539 -3.31718326 -3.29957986 -3.19020963 -2.16996908 -0.68246263 -0.20037149 -0.58315206 -0.60300630 -0.36642447 -0.38384464 -0.39037281 -0.39564285 -0.40261665 -0.40539363
-0.30574772 -0.28850016 -0.28162852 -0.29291663 -0.29345670 -0.30181876 -0.30900735 -0.30910194 -0.31519622 -0.30943286 -0.27640107 -0.23239581 -0.20522366 -0.24439292 -1.16021216 -2.52019334 -3.67651868 -4.18834400 -4.05297518 -3.55656695 -3.42898703 -3.43077493 -3.43064332 -3.43444705 -3.44245839 -3.44898415 -3.44805574 -3.44544625 -3.42250276 -3.37934065 -3.35379887 -3.36226797 -3.39765167 -3.44050026 -3.47806025 -3.48899984 -3.49311829 -3.50705504 -3.53213120 -3.54773617 -3.53046966 -3.49360347 -3.42786765 -3.38119769 -3.29812217 -3.28596568 -3.08580422 -1.90200818 -0.49603006 -0.41848144 -0.75296819 -0.58579779 -0.37238997 -0.38375774 -0.39181063 -0.39684501 -0.40096372 -0.40640342
-0.05761857 0.10299344 0.19582744 0.07807131 -0.09949169 -0.23123935 -0.23554014 -0.13450140 -0.06909328 -0.01164056 0.03292634 0.17188360 0.34720215 0.43676805 -0.16077195 -1.33347738 -2.80938506 -3.80640459 -4.18159103 -3.80751443 -3.48383546 -3.46303821 -3.46316290 -3.46122432 -3.45813704 -3.45604634 -3.45839167 -3.45067883 -3.43000793 -3.39349818 -3.35820866 -3.35026670 -3.38236094 -3.43119884 -3.47502279 -3.49211407 -3.49012923 -3.49478602 -3.52511334 -3.54098105 -3.51439095 -3.47549319 -3.42770934 -3.39090109 -3.31919432 -3.24302864 -2.85310078 -1.49779415 -0.40723169 -0.56944668 -0.77455020 -0.56601959 -0.37445477 -0.38443485 -0.38770726 -0.39500511 -0.39867038 -0.40302199
-0.69905162 -0.09856635 0.73928821 0.96037942 0.72478479 0.23431043 -0.21173371 -0.38570082 -0.38563454 -0.28770205 -0.20848992 -0.11589222 0.01666495 0.14587632 0.05435703 -0.55930758 -1.51276422 -2.80013275 -3.70357108 -3.90374804 -3.60306883 -3.50103283 -3.49540496 -3.49044871 -3.48619437 -3.48172879 -3.48410702 -3.47246623 -3.45253968 -3.42499256 -3.38775086 -3.35602665 -3.37309909 -3.42407322 -3.47229385 -3.50051522 -3.50101900 -3.50432444 -3.53132272 -3.53648877 -3.51237321 -3.47138524 -3.44681597 -3.41639185 -3.35679317 -3.21475649 -2.54856014 -1.06815195 -0.35538051 -0.64521527 -0.75589967 -0.48437294 -0.37451860 -0.38125509 -0.38813305 -0.39406902 -0.39523456 -0.39757273
-1.14039493 -0.61383975 0.15688787 0.59736204 0.60184979 0.20617820 -0.24138121 -0.42667067 -0.47219515 -0.48861858 -0.50530630 -0.50312924 -0.53227949 -0.52618223 -0.49747369 -0.86750829 -1.34457040 -2.12465358 -2.98676252 -3.55931354 -3.58058071 -3.50163436 -3.50473833 -3.49982738 -3.49754333 -3.49267149 -3.49408436 -3.48107815 -3.46768188 -3.44740009 -3.40177345 -3.36277795 -3.37012196 -3.41341257 -3.46272421 -3.48302674 -3.50250649 -3.50608253 -3.52563238 -3.52890968 -3.49791455 -3.45692396 -3.44741130 -3.42507124 -3.38467240 -3.18475485 -2.27147269 -0.75680280 -0.34931552 -0.66147017 -0.71839380 -0.39471933 -0.37514001 -0.38357186 -0.39201975 -0.39751208 -0.39599600 -0.39671859
-1.81633174 -1.42040873 -0.97677326 -0.60590822 -0.28960612 -0.34803626 -0.59047335 -0.84425056 -1.11480606 -1.41377985 -1.55453229 -1.64443934 -1.69549084 -1.62935960 -1.54317975 -1.73033059 -2.06822324 -2.39564085 -2.73128438 -3.29182386 -3.44670343 -3.46795535 -3.48475742 -3.48792219 -3.49088001 -3.48680210 -3.48884249 -3.47633886 -3.47034955 -3.45253420 -3.40313578 -3.35314393 -3.36585426 -3.39865279 -3.43496537 -3.45134902 -3.47901082 -3.48713875 -3.50969148 -3.50323272 -3.46970129 -3.42767644 -3.40982771 -3.40301824 -3.35272837 -3.05325818 -1.98484004 -0.70955074 -0.45897046 -0.68927473 -0.64743114 -0.35577005 -0.37624493 -0.38321704 -0.38960069 -0.39779878 -0.40216976 -0.40171918
-2.66395855 -2.30523229 -1.89407957 -1.57447767 -1.39459634 -1.43735230 -1.73103154 -1.99791157 -2.27527428 -2.44218183 -2.54726791 -2.59216642 -2.62796164 -2.62106943 -2.46725583 -2.42343521 -2.63921213 -2.81962991 -2.94733572 -3.14493632 -3.36360860 -3.43027592 -3.44774461 -3.45627022 -3.46561599 -3.46087217 -3.45333028 -3.44427466 -3.45318437 -3.44510841 -3.39269352 -3.34805965 -3.35442376 -3.38703918 -3.41926217 -3.42366004 -3.45958829 -3.46407008 -3.48710084 -3.47399521 -3.43806577 -3.40239906 -3.36930084 -3.34745669 -3.10278773 -2.62408805 -1.58488762 -0.83300018 -0.73235852 -0.70667779 -0.53383434 -0.36585259 -0.37935689 -0.38373274 -0.38872302 -0.39649156 -0.40434250 -0.39844412
-3.38267851 -2.94534707 -2.56443357 -2.49282169 -2.49431276 -2.60901976 -2.64977574 -2.79825902 -2.91780400 -3.01367879 -3.08651352 -3.12397480 -3.14634967 -3.13490605 -3.09272885 -2.97637081 -3.03487825 -3.21526718 -3.24396229 -3.25272560 -3.34537077 -3.39457107 -3.42113590 -3.42732167 -3.44411135 -3.45058465 -3.42708540 -3.38776398 -3.40195584 -3.42211413 -3.39814544 -3.36420202 -3.36285305 -3.38251901 -3.40767550 -3.41894150 -3.43951893 -3.44762254 -3.46313310 -3.44971323 -3.42454314 -3.38708568 -3.36878586 -3.15134025 -2.53671098 -1.89337945 -1.12959158 -0.88732702 -0.90476251 -0.69895869 -0.42957333 -0.37244257 -0.37837350 -0.38173199 -0.38554144 -0.39887962 -0.40067717 -0.39758053
-3.70519543 -3.39948106 -3.07864308 -2.95609379 -2.99451828 -3.01760745 -3.05242014 -3.04261518 -3.04489446 -3.06854916 -3.22205925 -3.35641956 -3.41954374 -3.45235920 -3.46089339 -3.43825126 -3.42365527 -3.48304081 -3.49084234 -3.49056005 -3.46719146 -3.47679806 -3.45580220 -3.45947838 -3.47373390 -3.47558546 -3.45207167 -3.39080977 -3.36793351 -3.37598085 -3.37919068 -3.36927271 -3.36285996 -3.37066483 -3.39141965 -3.40347385 -3.41365743 -3.41291261 -3.42765379 -3.40797472 -3.35403633 -3.32991862 -3.29237461 -3.13090682 -2.31364250 -1.17025650 -0.50594908 -0.53748018 -0.71658546 -0.61703449 -0.38759658 -0.37202504 -0.37872580 -0.38626114 -0.39231071 -0.39702559 -0.39737591 -0.39601117
-3.81425071 -3.85888648 -3.57278180 -3.29058957 -3.16783762 -3.09138584 -3.09777021 -3.13472867 -3.06742954 -3.00688791 -3.09859252 -3.25795627 -3.40930748 -3.48320556 -3.53534651 -3.56991005 -3.60355091 -3.65010548 -3.66410732 -3.66118479 -3.70304799 -3.70141315 -3.66396427 -3.66889834 -3.70516992 -3.74957705 -3.75721717 -3.72124481 -3.68260884 -3.67798257 -3.70293260 -3.73346591 -3.68707490 -3.58242345 -3.51069021 -3.54867673 -3.62149644 -3.63722062 -3.64465666 -3.61106610 -3.50671077 -3.41091371 -3.28073359 -3.18707013 -2.33534479 -0.85292643 -0.00385553 -0.07820730 -0.30082193 -0.37475702 -0.21164280 -0.23967747 -0.26123002 -0.27196079 -0.28324282 -0.29778913 -0.30948651 -0.31133834
-3.10794735 -3.68892288 -3.79433393 -3.65619564 -3.55160952 -3.37323356 -3.13334870 -2.95881629 -2.81689262 -2.87364078 -2.94729280 -2.87743354 -2.95331788 -3.02358747 -3.08080459 -3.11953568 -3.17318678 -3.25836062 -3.29010415 -3.32134032 -3.40256763 -3.43854690 -3.42664051 -3.45073509 -3.48038268 -3.53859949 -3.55533051 -3.53996944 -3.56893802 -3.61320019 -3.68006706 -3.77598476 -3.89775467 -3.74785948 -3.56948495 -3.55236316 -3.59391856 -3.68281150 -3.73762584 -3.78464913 -3.78018117 -3.66684079 -3.50948119 -3.28434587 -2.32550240 -1.18849206 -0.36682621 -0.14040905 -0.25105742 -0.23851515 -0.20322515 -0.19045760 -0.16982013 -0.14535575 -0.09591201 -0.03610756 -0.01890392 -0.02549423
