-1.30911720 -1.13261151 -1.18921554 -1.03891253 -0.95588893 -0.97473377 -1.12227595 -1.14162600 -1.24202156 -1.26445913 -1.33613837 -1.31565404 -1.32089448 -1.31506348 -1.34208620 -1.33078253 -1.30477262 -1.37033606 -1.34784496 -1.38555861 -1.37911618 -1.38342965 -1.38858032 -1.39232266 -1.39483953 -1.39658952 -1.39774466 -1.39823210 -1.39878106 -1.39668465 -1.39316905 -1.39203465 -1.38687682 -1.38171864 -1.37391877 -1.36776829 -1.36139214 -1.35550463 -1.34962177 -1.32227814 -0.78057808 -0.15687954 0.52196485 0.74185693 0.45251167 -0.75294036 -1.15654659 -0.84217483 -0.58041638 -0.72200239 -0.91722971 -0.97986865 -0.84993434 -0.56918621 -0.06435465 0.43713206 0.48550153 0.09517484
-1.20785606 -0.82903320 -1.04831350 -0.72017437 -0.73153937 -0.54917198 -0.87581795 -0.85905707 -1.05207896 -1.06523693 -1.16448164 -1.20338583 -1.12866306 -1.20302010 -1.16171825 -1.06068516 -1.22315741 -1.28239357 -1.22355473 -1.33709145 -1.37560868 -1.38022935 -1.38537800 -1.38710916 -1.38686502 -1.38801122 -1.38702202 -1.38600874 -1.38539147 -1.38485730 -1.38228476 -1.37979734 -1.37345481 -1.36738956 -1.35901904 -1.35278761 -1.34464216 -1.33769238 -1.32859290 -1.14468002 -0.49858493 0.11872067 0.66678637 0.92674857 0.42985219 -0.96700203 -1.43576622 -1.09836483 -0.54863501 -0.26322204 -0.12587549 -0.03497776 0.15776595 0.47701478 0.85267955 1.18779278 0.45975846 -0.17008823
-1.14953625 -0.79649746 -0.89049315 -0.68614942 -0.76685572 -0.16772386 -0.70296812 -0.52515161 -0.67816329 -0.41774094 -0.84719378 -0.76142269 -0.66570920 -0.73699319 -0.57299054 -0.63155544 -0.84019774 -0.88931507 -0.98267674 -1.22257233 -1.38002789 -1.38256502 -1.38559544 -1.38502824 -1.38138282 -1.37790430 -1.37665641 -1.37562418 -1.37265885 -1.37190330 -1.36890626 -1.36408734 -1.35750890 -1.35033548 -1.34175205 -1.33670664 -1.32791424 -1.32148409 -1.26116753 -0.90458262 -0.21742550 0.39093417 0.61797494 0.82581192 0.30968758 -0.65421003 -1.25140786 -1.17064047 -0.62493330 -0.05629329 0.27175492 0.47160894 0.67561674 0.81628287 0.98861986 0.86135477 -0.13492772 -0.74469072
-1.08140111 -0.77781272 -0.72896451 -0.53573263 -0.54039919 -0.08575148 -0.53614414 -0.56192374 -0.48975775 -0.22323221 -0.75473648 -0.56508136 -0.58953154 -0.54890597 -0.35715458 -0.52254838 -0.73434550 -0.64704949 -0.82946432 -1.19426215 -1.38603568 -1.39000595 -1.39012635 -1.38676918 -1.38452959 -1.37940562 -1.37539983 -1.37315047 -1.36952400 -1.36658514 -1.35995007 -1.35365283 -1.34727097 -1.33970618 -1.33254218 -1.32506156 -1.31884444 -1.31620920 -0.99956739 -0.61574721 0.07692400 0.54101849 0.55872405 0.54028404 0.13883388 -0.31456372 -0.75129902 -0.99440312 -0.79506361 -0.27670583 0.12491504 0.34340131 0.40023342 0.41160902 0.39026809 0.07545888 -0.61994714 -1.14265406
-1.17475295 -0.76965064 -0.71956348 -0.47162497 -0.35709763 -0.10499191 -0.18502191 -0.49491715 -0.66036326 -0.42504478 -0.70225054 -0.54041874 -0.65489703 -0.53382361 -0.37250891 -0.38748303 -0.67469102 -0.69162202 -0.78711402 -1.14984286 -1.39641547 -1.39893103 -1.39866710 -1.39803374 -1.39012444 -1.38516235 -1.37952280 -1.37494373 -1.37012100 -1.36425889 -1.36016738 -1.35382068 -1.34313166 -1.33471298 -1.32516599 -1.32109916 -1.30964696 -1.19567049 -0.81061906 -0.25494683 0.44704264 0.63561887 0.51845241 0.18806529 -0.08162533 -0.17562506 -0.36456323 -0.63072211 -0.71568000 -0.61326939 -0.49125403 -0.35558999 -0.30276904 -0.25322497 -0.32544163 -0.62788302 -1.02836657 -1.30762827
-1.22032356 -0.75533652 -0.81121379 -0.86583513 -0.71894866 -0.55976850 -0.55284995 -0.88798612 -1.00341594 -0.88261288 -0.94651043 -0.99088657 -1.00091708 -0.93118197 -0.74828798 -0.53266537 -0.82113618 -1.01049006 -0.99501735 -1.25931585 -1.40187895 -1.40449035 -1.40752578 -1.40579021 -1.39993668 -1.39224720 -1.38423562 -1.37885666 -1.37426794 -1.36973321 -1.35993576 -1.35135818 -1.34065664 -1.33328259 -1.32699943 -1.31828320 -1.25830138 -0.94152254 -0.46128291 0.24595946 0.72711051 0.78233743 0.24260470 -0.30542037 -0.33313027 -0.30624869 -0.40585336 -0.56375891 -0.62585998 -0.69807082 -0.74452591 -0.69561976 -0.60051572 -0.42370933 -0.32895219 -0.83586687 -1.32938266 -1.36261916
-1.25347078 -1.08868802 -1.06721985 -0.93211508 -0.87381285 -0.73937887 -0.71360296 -1.04758513 -1.05097413 -0.98928207 -1.07757306 -1.21913135 -1.05132997 -1.07690215 -0.90065986 -0.70192051 -1.04290903 -1.22098541 -1.25475502 -1.33094466 -1.40550280 -1.40720010 -1.41357040 -1.40974164 -1.40622139 -1.39864552 -1.39056969 -1.38261902 -1.37499499 -1.36711168 -1.35754967 -1.34964073 -1.34095240 -1.33411264 -1.31248975 -1.24442244 -1.06456912 -0.70362312 -0.02506817 0.69893080 0.91358370 0.62524760 -0.14799586 -0.56165797 -0.50291330 -0.45478529 -0.50399280 -0.61166883 -0.66641486 -0.72301346 -0.75386447 -0.69291061 -0.56090343 -0.35980660 -0.24333167 -1.00057411 -1.48994792 -1.25751162
-1.23492444 -1.25638831 -1.14406407 -0.85163945 -0.99404019 -0.92559147 -0.94786686 -1.19529736 -1.15595770 -1.13526607 -1.22608447 -1.31012011 -1.11058795 -1.27693546 -0.94827938 -0.98140895 -1.24993074 -1.21950102 -1.31566846 -1.39308619 -1.40344489 -1.40688598 -1.40884686 -1.40666807 -1.40225732 -1.39238358 -1.38314557 -1.37484515 -1.36608839 -1.35725355 -1.34927404 -1.34097922 -1.33446646 -1.21482706 -1.19115388 -1.17043829 -0.85603958 -0.26036957 0.51464874 0.91726500 0.91537732 0.26714641 -0.46975383 -0.63134116 -0.56721455 -0.49715492 -0.59134281 -0.65305853 -0.49572399 -0.56355274 -0.74528664 -0.73762113 -0.58062375 -0.38119152 -0.21396321 -0.96484697 -1.63703954 -1.28087032
-1.30567765 -1.25383925 -1.10876358 -1.03281164 -1.12356687 -1.07406282 -1.13068616 -1.26195979 -1.27289021 -1.25243425 -1.31938016 -1.31156337 -1.27027702 -1.28988910 -1.12087345 -1.27435112 -1.30918765 -1.30287671 -1.39538968 -1.38851857 -1.39327300 -1.39598191 -1.39693964 -1.39680755 -1.38910294 -1.38485837 -1.37555969 -1.36604464 -1.35864854 -1.34801304 -1.33832121 -1.32699788 -1.22113657 -1.09185350 -1.00826800 -0.78807998 -0.17544198 0.53755409 1.03579772 0.97924966 0.47543377 -0.26106966 -0.59835231 -0.64407796 -0.53684050 -0.36197400 -0.59390181 -0.57515490 -0.25154439 -0.22353205 -0.71698713 -0.84519255 -0.52558666 -0.39287007 0.12897813 -0.48860401 -1.64913917 -1.40498984
-1.30956686 -1.29033899 -1.25667095 -1.30202115 -1.33292890 -1.31582916 -1.35223889 -1.35624850 -1.35003448 -1.36114168 -1.37103653 -1.36789024 -1.36814165 -1.33968484 -1.35305178 -1.37325454 -1.35955226 -1.37973118 -1.38009214 -1.38098359 -1.38272631 -1.38287425 -1.38338470 -1.37937689 -1.37770724 -1.37378776 -1.36560404 -1.35938799 -1.34772766 -1.33757663 -1.32769394 -1.26951253 -1.00587034 -0.77850622 -0.49333879 -0.05902870 0.58254349 1.04142535 0.95293683 0.57017237 -0.06445190 -0.49824718 -0.62194842 -0.64935303 -0.46737835 -0.30307665 -0.73927331 -0.80118781 -0.33575591 -0.27682549 -0.75061190 -0.87160313 -0.63172835 -0.47562522 0.26374260 -0.16539150 -1.45427644 -1.65299714
-1.31605339 -1.32141757 -1.32889259 -1.33375287 -1.33824813 -1.34299707 -1.34795749 -1.34940493 -1.35628963 -1.36128235 -1.36829555 -1.37305427 -1.37530315 -1.37531745 -1.37434888 -1.37225330 -1.37133026 -1.37076557 -1.37098372 -1.37096572 -1.37152493 -1.37127793 -1.37026215 -1.36584187 -1.36346650 -1.35687029 -1.35022950 -1.34225774 -1.33269680 -1.32455957 -1.32228625 -1.01609111 -0.70167184 -0.31451568 0.20568740 0.54052669 0.81744367 0.76939058 0.40003946 -0.08403848 -0.44654125 -0.56673682 -0.60669410 -0.64720976 -0.49252173 -0.27033126 -0.72815460 -1.08446586 -0.51241750 -0.13550571 -0.39465010 -0.55091310 -0.63233453 -0.62664020 -0.09112939 -0.27996343 -1.25600851 -1.61611545
-1.32364202 -1.32920039 -1.33430541 -1.34054887 -1.34479046 -1.34889889 -1.35283899 -1.35494506 -1.35896540 -1.36627197 -1.37260056 -1.37410474 -1.37614357 -1.37748063 -1.37556386 -1.37321258 -1.36884105 -1.36782682 -1.36548805 -1.36506939 -1.36594868 -1.36393797 -1.36216819 -1.35882115 -1.35341954 -1.34787571 -1.33958304 -1.32868600 -1.31891513 -1.30769944 -1.20417511 -0.80754036 -0.28872654 0.33394137 0.64855134 0.79252928 0.45947254 0.00278688 -0.31346685 -0.53094178 -0.60647321 -0.61724013 -0.65605170 -0.69436610 -0.56251770 -0.19250552 -0.55519313 -1.04634905 -0.59568715 0.17623508 0.14220056 -0.04833688 -0.47794846 -0.63107461 -0.24902138 0.01094782 -0.80883008 -1.23858988
-1.33066845 -1.33756709 -1.34236622 -1.34800589 -1.35218287 -1.35500062 -1.35789001 -1.35932660 -1.36320984 -1.37111127 -1.37650144 -1.37969029 -1.38075566 -1.38123858 -1.38068271 -1.37685132 -1.37277818 -1.37094963 -1.36737728 -1.36765993 -1.36869371 -1.36484599 -1.36077392 -1.35540497 -1.34674251 -1.33775496 -1.32678223 -1.31576276 -1.30682206 -1.29895937 -0.92684811 -0.42116523 0.19784540 0.62137771 0.82569236 0.49429083 -0.19946930 -0.52249908 -0.56727010 -0.58804971 -0.60474765 -0.62374467 -0.65253657 -0.68332690 -0.51552451 -0.25721771 -0.60781103 -1.11594534 -0.57406145 0.17846319 0.25574532 0.14734125 -0.30545753 -0.59462297 -0.28488418 0.26577684 -0.47849780 -0.86371320
-1.33846033 -1.34397626 -1.35060191 -1.35350633 -1.35887694 -1.36038506 -1.36424851 -1.36870909 -1.37363982 -1.38037682 -1.38496208 -1.38601243 -1.38717949 -1.38707650 -1.38511920 -1.38037968 -1.37571347 -1.37211668 -1.37178195 -1.37189913 -1.36818445 -1.36394989 -1.35857248 -1.35050583 -1.34305656 -1.33182752 -1.32022190 -1.30878222 -1.29610050 -1.20059156 -0.75823498 -0.07747169 0.56745577 0.74747968 0.68196607 -0.04438514 -0.49295402 -0.54602712 -0.54340380 -0.57450438 -0.59340388 -0.60465002 -0.63052696 -0.65772170 -0.56224090 -0.34921727 -0.57377160 -0.90640789 -0.71981835 -0.31727102 -0.06057334 -0.05089912 -0.31834990 -0.59264058 -0.22225294 0.16170749 -0.48776358 -0.78566825
-1.34247458 -1.34653842 -1.35406554 -1.36018598 -1.36417234 -1.36743665 -1.37214279 -1.37499654 -1.37898731 -1.38375163 -1.38917017 -1.39004898 -1.39032543 -1.38835824 -1.38434422 -1.37914920 -1.37511873 -1.37137079 -1.36868262 -1.36836207 -1.36677361 -1.36143982 -1.35574555 -1.34626138 -1.33596551 -1.32442558 -1.31625199 -1.30889976 -1.30691969 -0.93187356 -0.39711651 0.26335850 0.66762125 0.80359280 0.32214215 -0.39698321 -0.54303038 -0.55777246 -0.57078111 -0.58422905 -0.60248208 -0.60859835 -0.62367320 -0.64815378 -0.67482543 -0.61770654 -0.57090938 -0.65106416 -0.72723067 -0.68618375 -0.61857802 -0.50257367 -0.45965865 -0.49986222 -0.31645069 -0.46579951 -0.84995985 -1.02839553
-1.34357595 -1.34930027 -1.35587668 -1.36038446 -1.36344063 -1.36869037 -1.37199295 -1.37454879 -1.37941372 -1.38542950 -1.39020932 -1.39346766 -1.39368141 -1.39081311 -1.38483000 -1.37676251 -1.36906838 -1.36590779 -1.36404991 -1.36212635 -1.35886478 -1.35420203 -1.34677160 -1.33898890 -1.32942677 -1.32001758 -1.31517828 -1.29038382 -1.16139603 -0.80326784 -0.10479009 0.64459485 0.75946653 0.58822006 -0.11965035 -0.49496692 -0.53741044 -0.58535147 -0.60561192 -0.61741275 -0.63691121 -0.64024752 -0.64867568 -0.66358554 -0.68759489 -0.71587402 -0.71001774 -0.67190343 -0.64016175 -0.65448785 -0.70051491 -0.69894606 -0.53804976 -0.41662836 -0.38813686 -0.82067937 -0.96616256 -1.23061359
-1.33919716 -1.34373093 -1.34878063 -1.35363555 -1.36051202 -1.36535525 -1.36864638 -1.37081587 -1.37608027 -1.38248706 -1.38828850 -1.38945675 -1.38799465 -1.38379204 -1.37756324 -1.36907077 -1.36347604 -1.35908663 -1.35547328 -1.35245693 -1.34891629 -1.34266174 -1.33671880 -1.32776117 -1.32009792 -1.31260741 -1.28236437 -1.16755605 -0.94907671 -0.45024565 0.31685957 0.77364343 0.85037208 0.31948599 -0.39249903 -0.53814602 -0.56178427 -0.60833669 -0.62898350 -0.64699018 -0.66427529 -0.66740435 -0.66654897 -0.67700571 -0.69783360 -0.72793955 -0.73644662 -0.70175207 -0.67344195 -0.65919161 -0.68105030 -0.69771481 -0.53077936 -0.25642288 -0.39766666 -0.86905307 -1.00106895 -1.21143651
-1.33312058 -1.33625090 -1.34302020 -1.35005116 -1.35480630 -1.36027563 -1.36365366 -1.36664903 -1.37003219 -1.37477803 -1.37716591 -1.37892401 -1.37625086 -1.37218988 -1.36873734 -1.36263800 -1.35833228 -1.35287189 -1.34642458 -1.34173119 -1.33562887 -1.32940817 -1.32180512 -1.31518400 -1.30910861 -1.27818358 -1.15857875 -0.94959670 -0.63987440 0.09073552 0.76808858 0.94086128 0.56049854 -0.13281971 -0.49351460 -0.54737818 -0.59519851 -0.62805468 -0.64103484 -0.65896600 -0.67562008 -0.67351121 -0.66796553 -0.67530185 -0.69775218 -0.73018992 -0.74287498 -0.70639652 -0.63006169 -0.60195905 -0.60536319 -0.53491020 -0.33555812 -0.14164574 -0.45229399 -1.00343430 -1.41570461 -1.36773264
-1.32560420 -1.33057368 -1.33889723 -1.34553754 -1.35295630 -1.35541141 -1.35774815 -1.36047196 -1.36489439 -1.36711955 -1.36939645 -1.36897254 -1.36761820 -1.36630321 -1.36369133 -1.35988021 -1.35270929 -1.34705925 -1.33943796 -1.33174157 -1.32196987 -1.31454146 -1.30874109 -1.30229628 -1.25964606 -1.16290557 -0.96201599 -0.60652989 -0.02095962 0.58084208 0.97102088 0.76163483 0.14677751 -0.40135586 -0.53667659 -0.58196342 -0.62763488 -0.64133906 -0.64521039 -0.65976453 -0.68212676 -0.68206108 -0.67658162 -0.67595345 -0.68875772 -0.71742082 -0.74730986 -0.68810034 -0.56917155 -0.62416035 -0.56343907 -0.44738373 -0.35888854 -0.52906269 -1.07557201 -1.50537753 -1.72453022 -1.52140939
-1.32361114 -1.33001566 -1.33731675 -1.34276080 -1.35078967 -1.35354877 -1.35595620 -1.35797668 -1.36017203 -1.36059153 -1.36305189 -1.36495292 -1.36357808 -1.36244607 -1.36004770 -1.35595131 -1.34888375 -1.34073389 -1.33346033 -1.32278562 -1.31257021 -1.30569458 -1.29227531 -1.20332146 -1.13972878 -0.98573369 -0.60994834 0.04461489 0.61317188 0.95158964 0.77013612 0.13248461 -0.38587010 -0.52231604 -0.55063665 -0.61339313 -0.64458549 -0.65116787 -0.65142924 -0.66998953 -0.69741398 -0.70057446 -0.68857467 -0.68494606 -0.68833315 -0.70959496 -0.74277151 -0.66665924 -0.52263939 -0.67391026 -0.70310116 -0.69166619 -0.81595862 -1.02977753 -1.44706655 -1.81360328 -1.84209394 -1.49607563
-1.32522118 -1.33039200 -1.33794093 -1.34226930 -1.34916747 -1.35150850 -1.35087550 -1.35309505 -1.35526097 -1.35794544 -1.36178505 -1.36263418 -1.36127341 -1.35889065 -1.35721469 -1.35212708 -1.34307742 -1.33435297 -1.32531095 -1.31379223 -1.30707800 -1.26218820 -1.17795312 -1.13742077 -0.94016427 -0.56991082 0.13806933 0.68620265 1.01751971 0.77714384 0.14831504 -0.45695269 -0.58931482 -0.54586470 -0.56844789 -0.61876845 -0.64026695 -0.65314823 -0.65465665 -0.66645575 -0.69454402 -0.69815898 -0.68605864 -0.68720740 -0.69470328 -0.70085257 -0.72191823 -0.64490390 -0.46097425 -0.77035296 -0.99239814 -0.86957121 -1.00747144 -1.27668583 -1.45297444 -1.67638934 -1.67698491 -1.45937848
-1.32987380 -1.33601439 -1.34058166 -1.34509003 -1.35020661 -1.35144103 -1.35142255 -1.35381579 -1.35707331 -1.36041212 -1.36187553 -1.36165857 -1.35985637 -1.35801005 -1.35421348 -1.34673989 -1.33776116 -1.32745016 -1.31956184 -1.31151342 -1.28315914 -1.12708724 -0.97451025 -0.77980065 -0.37478310 0.21366519 0.77055150 1.02456892 0.79463172 0.18165052 -0.41115558 -0.65420651 -0.61063492 -0.55334371 -0.58004940 -0.61819279 -0.63775140 -0.65497857 -0.66651982 -0.67014819 -0.68924576 -0.69346070 -0.69478875 -0.69859320 -0.70289737 -0.70327580 -0.71254516 -0.61583358 -0.35781220 -0.84303838 -1.26270056 -1.03047657 -0.88129723 -1.15613329 -1.43903792 -1.51011944 -1.47305262 -1.48262846
-1.33510840 -1.34008348 -1.34432995 -1.34670484 -1.34996426 -1.35213375 -1.35456002 -1.35835958 -1.36130619 -1.36269534 -1.36259091 -1.35953355 -1.35433638 -1.34981751 -1.34284508 -1.34003997 -1.33087170 -1.32157934 -1.31151688 -1.29857588 -1.15698469 -0.90480059 -0.62512964 -0.17880026 0.35207599 0.75875372 0.86340654 0.68152410 0.16390729 -0.33955634 -0.57858294 -0.67076439 -0.63351887 -0.56407529 -0.58252227 -0.60939389 -0.63084382 -0.64819926 -0.65988320 -0.66554594 -0.68421507 -0.69248056 -0.70508188 -0.70989406 -0.71636778 -0.72397912 -0.73658675 -0.57808858 -0.27585793 -0.84805095 -1.38493323 -1.12642872 -0.90434301 -1.05779982 -1.39660394 -1.44081593 -1.47497201 -1.53628647
-1.33147001 -1.33532727 -1.34031570 -1.34400415 -1.34706700 -1.35257030 -1.35428107 -1.35770261 -1.36043763 -1.35961258 -1.35708308 -1.35069120 -1.34321856 -1.33707702 -1.33304846 -1.32908261 -1.32102370 -1.31153131 -1.29965377 -1.25030673 -0.89204574 -0.51282030 -0.02126253 0.40651533 0.77288705 0.73803246 0.42460901 -0.02011751 -0.36130992 -0.51840967 -0.58494186 -0.69787961 -0.66735041 -0.56627357 -0.56408274 -0.59274107 -0.61728263 -0.63631666 -0.65039110 -0.66391903 -0.68468356 -0.69090712 -0.70446533 -0.71628278 -0.73230571 -0.73432660 -0.73144519 -0.55799395 -0.21826267 -0.83505410 -1.41462159 -1.17160821 -0.94978780 -1.07189059 -1.44556069 -1.50691688 -1.52941382 -1.54407263
-1.32261181 -1.32694030 -1.33189106 -1.33555782 -1.33841527 -1.34450006 -1.34785008 -1.35151732 -1.35367322 -1.35156870 -1.34640586 -1.33949196 -1.32997978 -1.32291162 -1.31721938 -1.31245029 -1.30387199 -1.29356015 -1.27998090 -1.02670801 -0.59972221 -0.02145709 0.45461470 0.75408798 0.70476276 0.20805317 -0.23477164 -0.47303143 -0.53799522 -0.55298847 -0.60938543 -0.72366029 -0.68840361 -0.57584268 -0.55121475 -0.58204997 -0.61569375 -0.63126409 -0.64325428 -0.66730583 -0.68592441 -0.69047421 -0.70357823 -0.72081417 -0.74082392 -0.74304003 -0.69314414 -0.46781835 -0.21096760 -0.81581503 -1.41871107 -1.22491360 -1.03851533 -1.09876215 -1.46690094 -1.49651337 -1.52207863 -1.54327738
-1.30908883 -1.31464207 -1.31803191 -1.32187164 -1.32767570 -1.33118343 -1.33558691 -1.33846068 -1.34022784 -1.33916521 -1.33420992 -1.32827580 -1.31809783 -1.30924380 -1.30102360 -1.29271185 -1.28509104 -1.27647281 -1.24614537 -0.78249359 -0.18028174 0.41206869 0.67205209 0.76544523 0.23182610 -0.38619149 -0.53811228 -0.54127240 -0.56943309 -0.60244417 -0.65124488 -0.74074227 -0.71192789 -0.61068660 -0.56957000 -0.59078348 -0.62453622 -0.64529163 -0.65620834 -0.68075883 -0.69487107 -0.69344741 -0.71039444 -0.74309552 -0.75537211 -0.73230672 -0.63640082 -0.39624518 -0.29283014 -0.86050612 -1.30483639 -1.22197092 -1.23266840 -1.17351902 -1.45574200 -1.48381579 -1.51313961 -1.53714788
-1.30060244 -1.30352032 -1.30751681 -1.30974483 -1.31255913 -1.31553924 -1.31919777 -1.32313478 -1.32393527 -1.32202780 -1.31956196 -1.31333363 -1.30480266 -1.29404843 -1.28521085 -1.27591133 -1.26589489 -1.25501215 -1.07028806 -0.50501823 0.19445014 0.65874517 0.73870814 0.42163008 -0.30134839 -0.58674413 -0.57503104 -0.54379910 -0.57815534 -0.62259531 -0.66557980 -0.73856759 -0.71679026 -0.63148212 -0.57057607 -0.57506442 -0.60773927 -0.64289498 -0.65696460 -0.68035734 -0.69128025 -0.68578917 -0.69557089 -0.72883874 -0.74537021 -0.72264916 -0.57136750 -0.36624897 -0.47523397 -0.97393614 -1.29305935 -1.27724957 -1.31325150 -1.27903235 -1.44176602 -1.47281957 -1.50264978 -1.52298915
-1.30110490 -1.29656732 -1.29668391 -1.29662931 -1.29833710 -1.30297124 -1.30364037 -1.30666769 -1.30912864 -1.30717289 -1.30671549 -1.29912281 -1.29298103 -1.28349817 -1.27151155 -1.25897539 -1.25036621 -1.23110747 -0.82761371 -0.15724576 0.53205681 0.72157162 0.66443962 0.03275982 -0.52214772 -0.62910557 -0.61287624 -0.55055952 -0.56294489 -0.62028295 -0.67898852 -0.72417921 -0.70297921 -0.62033415 -0.55492979 -0.55514699 -0.59574419 -0.64469802 -0.65099216 -0.66900325 -0.68537903 -0.68858987 -0.68839788 -0.71356618 -0.74183458 -0.71248293 -0.49760282 -0.35738146 -0.61520654 -0.99389589 -1.25480998 -1.32556152 -1.31251168 -1.33990085 -1.43039405 -1.46307242 -1.49013388 -1.51191473
-1.29575145 -1.29253709 -1.28849757 -1.28811741 -1.28765953 -1.29187572 -1.29488635 -1.29447973 -1.29405427 -1.29338980 -1.29234457 -1.28743804 -1.28086567 -1.27372003 -1.26300275 -1.24997878 -1.23726702 -1.19467175 -0.60189593 0.16827717 0.73636663 0.72193801 0.43482769 -0.31506926 -0.58935821 -0.65028614 -0.66182476 -0.58686113 -0.55005360 -0.58947051 -0.67644995 -0.71177375 -0.68136507 -0.61442488 -0.56098557 -0.56463939 -0.61015558 -0.65774500 -0.65930861 -0.66417736 -0.68533564 -0.69666255 -0.69025385 -0.70929271 -0.74077260 -0.69309622 -0.40114143 -0.36420020 -0.78937352 -1.11632407 -1.21044028 -1.30813658 -1.32858002 -1.38654196 -1.43018317 -1.45983791 -1.48554540 -1.50656259
-1.28955710 -1.28329301 -1.27915144 -1.27687156 -1.27865124 -1.27999341 -1.28254235 -1.28406668 -1.28327060 -1.28259873 -1.28048313 -1.27816594 -1.27150118 -1.26441813 -1.25434005 -1.24109316 -1.22248590 -1.01221871 -0.31821057 0.43448043 0.74920934 0.65599126 0.16049701 -0.47069395 -0.59644467 -0.67141837 -0.69681817 -0.62089872 -0.53832072 -0.55996919 -0.64949900 -0.69866318 -0.66740876 -0.62481892 -0.59255081 -0.59877473 -0.63478357 -0.65758938 -0.66181153 -0.66888678 -0.69060910 -0.70071447 -0.69528139 -0.71106225 -0.74283844 -0.67550975 -0.30030805 -0.40673378 -0.97579819 -1.29160821 -1.18331409 -1.21178174 -1.33238935 -1.39273989 -1.42716765 -1.45746028 -1.48021650 -1.49949491
-1.27673817 -1.27251959 -1.26887083 -1.26870835 -1.27000415 -1.27344394 -1.27385175 -1.27596807 -1.27729356 -1.27573419 -1.27249289 -1.27029109 -1.26355362 -1.25426507 -1.24135613 -1.23087049 -1.20708680 -0.80961382 -0.03528716 0.63951474 0.66816735 0.53268242 -0.15357819 -0.52127916 -0.58758444 -0.66774583 -0.71595871 -0.66699415 -0.55415893 -0.54601008 -0.63418883 -0.69046742 -0.65814590 -0.63144046 -0.60265052 -0.60010612 -0.64680851 -0.66333634 -0.66592568 -0.67571586 -0.69331372 -0.69951016 -0.69636893 -0.70365620 -0.73418421 -0.63657564 -0.21481955 -0.54786873 -1.13613427 -1.28352416 -1.10005248 -1.18184590 -1.33064675 -1.39664650 -1.42898560 -1.45441389 -1.47527683 -1.49393976
-1.26185143 -1.26139760 -1.25868237 -1.26091635 -1.26197577 -1.26517355 -1.26594746 -1.26835430 -1.26979029 -1.26831245 -1.26645160 -1.26015377 -1.25276768 -1.24264205 -1.22997224 -1.22013831 -1.14557552 -0.64539647 0.13424155 0.72785282 0.64587361 0.34738305 -0.35783646 -0.53614980 -0.58487076 -0.64488184 -0.69819933 -0.71265435 -0.60586441 -0.56274670 -0.62864518 -0.67689764 -0.65007311 -0.62824124 -0.61418742 -0.61086309 -0.65029073 -0.66755074 -0.67832398 -0.67792243 -0.68964493 -0.70029348 -0.69738173 -0.70650995 -0.73105466 -0.58315796 -0.16001166 -0.76041800 -1.37374544 -1.28961027 -0.98828954 -1.15029514 -1.36182535 -1.39814937 -1.43077683 -1.45336199 -1.47312951 -1.49018800
-1.24808884 -1.25044358 -1.24943483 -1.25138402 -1.25314260 -1.25430691 -1.25859606 -1.25919437 -1.25985324 -1.25937259 -1.25491107 -1.24947739 -1.23809505 -1.22463644 -1.21677864 -1.20741940 -0.90928924 -0.35381162 0.35415721 0.72596234 0.64059001 0.14990491 -0.46052834 -0.53736830 -0.57991838 -0.62073332 -0.66838729 -0.72675776 -0.66414338 -0.59907895 -0.63129187 -0.65645432 -0.63697994 -0.62289900 -0.61022586 -0.61697686 -0.64754760 -0.66294730 -0.68275630 -0.68221110 -0.68601847 -0.69507873 -0.69005096 -0.70116621 -0.72379041 -0.56002241 -0.16291930 -0.88269180 -1.55132830 -1.30472815 -0.96570683 -1.08333468 -1.37358534 -1.39891219 -1.42713034 -1.44979787 -1.46859014 -1.48445666
-1.23655820 -1.23779750 -1.24099147 -1.24292529 -1.24506521 -1.24595273 -1.24735940 -1.24865770 -1.24775016 -1.24638891 -1.24127185 -1.23433995 -1.22399628 -1.20887697 -1.19563472 -1.07964778 -0.72717607 -0.05130117 0.66180646 0.79062265 0.57071203 -0.14314413 -0.52300406 -0.55159932 -0.58172667 -0.61992764 -0.66581392 -0.73630649 -0.70505500 -0.63369358 -0.62411427 -0.63892812 -0.64375061 -0.63705242 -0.62134880 -0.63591939 -0.66006035 -0.67320287 -0.68620777 -0.69004673 -0.69078028 -0.69793141 -0.69768113 -0.69965523 -0.72311676 -0.58294338 -0.19996195 -0.96064979 -1.72737896 -1.32066882 -0.89988947 -0.97388434 -1.36502969 -1.39008319 -1.41854298 -1.44354963 -1.46413088 -1.48064876
-1.23117352 -1.23112142 -1.23294580 -1.23364055 -1.23526716 -1.23691940 -1.23653114 -1.23679757 -1.23648620 -1.23317230 -1.22563982 -1.21828473 -1.20709825 -1.19563794 -1.18361533 -0.79528683 -0.36182559 0.29393688 0.72873300 0.83388644 0.33272594 -0.37200260 -0.54428554 -0.55916452 -0.58960074 -0.62304074 -0.66087431 -0.73723984 -0.73909879 -0.67161518 -0.62756789 -0.63353735 -0.64164734 -0.64499551 -0.63331169 -0.65562654 -0.67244273 -0.68351555 -0.68929100 -0.69436133 -0.69620341 -0.70217305 -0.70063913 -0.70309007 -0.73112756 -0.62093747 -0.17686886 -0.85320336 -1.84833252 -1.38728869 -0.77855176 -0.77920169 -1.33931971 -1.38236344 -1.41117322 -1.43392086 -1.45127714 -1.46788430
-1.22150469 -1.22194338 -1.22286868 -1.22380161 -1.22408128 -1.22955132 -1.22861660 -1.22632384 -1.22583830 -1.21938169 -1.21131933 -1.20329535 -1.19384396 -1.18440282 -1.11434293 -0.56370431 0.07675702 0.61651039 0.75807619 0.63807088 -0.06114766 -0.48387343 -0.53885251 -0.56145340 -0.59875107 -0.62414664 -0.64936417 -0.72809720 -0.75615686 -0.69527280 -0.62224841 -0.60977596 -0.62501758 -0.63872588 -0.63591379 -0.66800857 -0.67282391 -0.67936796 -0.68249768 -0.68860990 -0.69380552 -0.69212735 -0.68612546 -0.68964136 -0.72587872 -0.63533676 -0.20526151 -0.70963919 -1.82525551 -1.52413428 -0.78206480 -0.64096737 -1.27991581 -1.36831081 -1.39919615 -1.42268205 -1.44329357 -1.46238863
-1.21498108 -1.21523952 -1.21562064 -1.21760607 -1.22054303 -1.22393501 -1.22564924 -1.22080302 -1.21540916 -1.20973074 -1.20079601 -1.19206154 -1.18331194 -1.16625023 -0.94241852 -0.22557148 0.43886340 0.66384399 0.70958531 0.24321568 -0.39645493 -0.53932452 -0.54861087 -0.57777941 -0.61317992 -0.62678379 -0.64469552 -0.71816450 -0.77449679 -0.72617620 -0.62322527 -0.58180988 -0.59685707 -0.62201756 -0.63462102 -0.66284287 -0.66874427 -0.67773461 -0.67649913 -0.67754489 -0.68547213 -0.68579328 -0.68045694 -0.68668538 -0.72341442 -0.66569442 -0.31147510 -0.49709108 -1.61363912 -1.61633217 -0.86908501 -0.58443642 -1.17596233 -1.35580027 -1.38927627 -1.41320133 -1.43122244 -1.45111752
-1.20877111 -1.20979989 -1.21139014 -1.21512282 -1.21838665 -1.22041988 -1.22145665 -1.21673143 -1.21086490 -1.20339537 -1.19388628 -1.18395698 -1.17444658 -1.15905082 -0.78993660 0.07356960 0.71397686 0.60838956 0.42736959 -0.22314000 -0.49039194 -0.52561748 -0.55780929 -0.59963727 -0.61998159 -0.63079703 -0.64107281 -0.70206147 -0.77699077 -0.74232465 -0.62115049 -0.54985768 -0.55478859 -0.59555155 -0.63616294 -0.65912157 -0.66358936 -0.67569047 -0.67355072 -0.67317611 -0.68051523 -0.67174530 -0.66559774 -0.67813933 -0.71841878 -0.71862000 -0.40233994 -0.27389619 -1.39631343 -1.68305707 -1.06550539 -0.68483293 -1.07478845 -1.34944677 -1.38259125 -1.40413380 -1.42807448 -1.44842994
-1.20560992 -1.20580077 -1.20769060 -1.21049392 -1.21444845 -1.21981764 -1.21886361 -1.21417785 -1.20718956 -1.19732988 -1.18634999 -1.17674959 -1.16647065 -1.14276385 -0.64209789 0.27447069 0.80170357 0.52384871 0.18469736 -0.43881431 -0.50350791 -0.52595216 -0.57660544 -0.61715120 -0.63112372 -0.63457030 -0.63989705 -0.69719696 -0.77682251 -0.74957669 -0.63937473 -0.55479169 -0.54462016 -0.58947045 -0.63985986 -0.66360962 -0.67516518 -0.68144584 -0.67664403 -0.67745864 -0.68067515 -0.67720616 -0.66310894 -0.68902254 -0.72510731 -0.76144713 -0.44354567 -0.16833599 -1.19721925 -1.63026094 -1.16619217 -0.78760386 -1.00902593 -1.34021366 -1.37648118 -1.40215373 -1.42576790 -1.44714510
-1.19444454 -1.19679177 -1.19965899 -1.20514190 -1.20895767 -1.21117556 -1.21036506 -1.20388818 -1.19641912 -1.18832636 -1.17724884 -1.16659749 -1.15865374 -1.12761486 -0.48275149 0.43782610 0.78984100 0.40107709 -0.07125852 -0.54218173 -0.52191597 -0.53927606 -0.58907944 -0.62581420 -0.64017206 -0.64572006 -0.64883238 -0.69676137 -0.76524395 -0.75939965 -0.66660297 -0.58671629 -0.56212819 -0.59667045 -0.64246899 -0.66953552 -0.69038725 -0.69046992 -0.68544197 -0.68684405 -0.68794489 -0.68641406 -0.67822957 -0.71077746 -0.74010134 -0.77684730 -0.44246981 -0.17191932 -1.06054747 -1.53532171 -1.19854355 -0.89286840 -1.03275895 -1.32984364 -1.36775994 -1.39104331 -1.41398656 -1.43710232
-1.18476963 -1.18692398 -1.18923557 -1.19390869 -1.19718015 -1.19825125 -1.19700766 -1.19285882 -1.18427241 -1.17795825 -1.16866803 -1.15862834 -1.15461946 -1.12076879 -0.32611251 0.56454957 0.74169493 0.30977696 -0.21700698 -0.57757163 -0.53532791 -0.54646164 -0.58511102 -0.61532897 -0.63309968 -0.64605790 -0.65389949 -0.69000006 -0.74468094 -0.74988067 -0.67869848 -0.61601627 -0.57929426 -0.60062653 -0.62983394 -0.65954465 -0.68225986 -0.69218117 -0.68658167 -0.68945229 -0.68825632 -0.68317074 -0.67867976 -0.71110582 -0.74341029 -0.77880311 -0.40506494 -0.22602087 -1.03981733 -1.45951462 -1.15954256 -1.04217362 -1.10764587 -1.33238721 -1.36746383 -1.38761711 -1.40866661 -1.42782092
-1.17646623 -1.17922032 -1.18210816 -1.18459988 -1.18892860 -1.19123173 -1.19170439 -1.18917704 -1.18202138 -1.17593443 -1.16514051 -1.15376627 -1.14997399 -1.10965765 -0.23796085 0.64697391 0.73827434 0.31205100 -0.25983527 -0.58898723 -0.54851139 -0.54653895 -0.57436848 -0.60448349 -0.63043171 -0.65052652 -0.66120863 -0.68971878 -0.73750484 -0.74150878 -0.68951446 -0.62095648 -0.57886636 -0.59902710 -0.62970173 -0.65280795 -0.67504960 -0.68981695 -0.68508732 -0.68795925 -0.68659174 -0.67969108 -0.68488693 -0.71215028 -0.74210757 -0.76398456 -0.32835516 -0.24186915 -1.11777079 -1.46103561 -1.10353541 -1.07267249 -1.22125566 -1.33856070 -1.36796081 -1.38944769 -1.40855753 -1.42793882
-1.17168868 -1.17208874 -1.17672265 -1.17843020 -1.18159723 -1.18516350 -1.18640554 -1.18675828 -1.18190217 -1.17367065 -1.16484046 -1.15374148 -1.14534700 -1.08390737 -0.12501153 0.73933166 0.73200107 0.34111753 -0.27275360 -0.59539157 -0.55371088 -0.53909123 -0.56015074 -0.59600377 -0.62583739 -0.64956886 -0.66207910 -0.68413895 -0.72408485 -0.73116988 -0.69130599 -0.62823641 -0.58041430 -0.60029942 -0.64283389 -0.66347742 -0.67869854 -0.69308925 -0.68288112 -0.67493147 -0.67692822 -0.67514890 -0.68772382 -0.72164679 -0.74947655 -0.75664175 -0.22270280 -0.21353099 -1.16721737 -1.42577231 -1.01973963 -1.02639222 -1.27957296 -1.34766066 -1.37637007 -1.39578843 -1.41199136 -1.43087029
-1.16491139 -1.16607726 -1.16906250 -1.17122400 -1.17487776 -1.17886293 -1.18335557 -1.18409288 -1.18058646 -1.17485416 -1.16706264 -1.15446413 -1.14299226 -1.03931689 -0.01173774 0.84284711 0.72245097 0.30051482 -0.33661631 -0.59890676 -0.56901193 -0.54916734 -0.56685424 -0.60551113 -0.63339502 -0.65428442 -0.66883081 -0.68214041 -0.71587563 -0.73009247 -0.70348489 -0.65033215 -0.60528606 -0.61952269 -0.66164947 -0.67742771 -0.68247908 -0.68531382 -0.67617130 -0.66735071 -0.66818184 -0.67354327 -0.70373636 -0.74279541 -0.76365978 -0.76914245 -0.12983198 -0.22768310 -1.29978752 -1.44321358 -0.95927274 -1.00831461 -1.33727801 -1.35886002 -1.38782847 -1.40796101 -1.42690814 -1.44117427
-1.15524137 -1.15755224 -1.15958405 -1.16269422 -1.16543412 -1.16717720 -1.17059326 -1.17372274 -1.17350852 -1.16986322 -1.16154957 -1.14715934 -1.13239360 -1.00608909 0.03755543 0.89023465 0.69029033 0.21338463 -0.42267135 -0.60630959 -0.58320934 -0.56141567 -0.58324730 -0.61131805 -0.63296461 -0.64765954 -0.65783906 -0.67430663 -0.70596880 -0.73892832 -0.72624475 -0.66973412 -0.61431670 -0.61615580 -0.65398812 -0.66379523 -0.66403604 -0.66351306 -0.65526444 -0.65187556 -0.66265070 -0.67757607 -0.71277601 -0.74811876 -0.76039982 -0.75468785 -0.04746230 -0.19813132 -1.38330436 -1.42860281 -0.92287505 -0.98817968 -1.33968639 -1.36422789 -1.39146781 -1.41193330 -1.43090379 -1.44281304
-1.13738251 -1.13874841 -1.14067030 -1.14315033 -1.14558828 -1.14821661 -1.15165591 -1.15624487 -1.15508401 -1.15281343 -1.14453006 -1.13209462 -1.11680496 -0.99450076 0.04257227 0.92002243 0.67414504 0.11780197 -0.50999242 -0.61056769 -0.60124511 -0.58378452 -0.59319752 -0.61481065 -0.63529581 -0.64422053 -0.65426564 -0.67104316 -0.70166695 -0.74087608 -0.74219835 -0.67712688 -0.60403258 -0.59609091 -0.62817818 -0.64324802 -0.64853364 -0.65148628 -0.63814735 -0.63871753 -0.65166497 -0.68007869 -0.72519714 -0.75157446 -0.75890982 -0.72184646 0.02113183 -0.17797892 -1.35102892 -1.36305404 -0.88708401 -0.96108294 -1.33897543 -1.36091220 -1.38541830 -1.40505195 -1.42043805 -1.43488348
-1.11478722 -1.11466157 -1.11807215 -1.12112296 -1.12253869 -1.12357807 -1.12549341 -1.13042927 -1.13207972 -1.12971747 -1.12361586 -1.11163282 -1.09795403 -1.01920080 -0.07960841 0.87725073 0.67839062 0.05296644 -0.63731658 -0.62464547 -0.63672864 -0.63112980 -0.63032508 -0.63839954 -0.64831036 -0.65557903 -0.66508800 -0.68596911 -0.71239287 -0.73750567 -0.74921936 -0.70572263 -0.63658112 -0.61126572 -0.63554996 -0.65798897 -0.66481960 -0.66500002 -0.64601040 -0.65405124 -0.66459167 -0.70344049 -0.74720681 -0.77584666 -0.77258086 -0.67508280 0.06359861 -0.26136926 -1.26996315 -1.29500341 -0.91920543 -1.01445770 -1.33467782 -1.35598099 -1.37532020 -1.39478230 -1.40827179 -1.42276132
-1.09344947 -1.09416163 -1.09660780 -1.09848642 -1.09887958 -1.09923542 -1.10263479 -1.10698533 -1.10925722 -1.10799551 -1.10288274 -1.09031117 -1.08305073 -1.03082895 -0.27453649 0.73109823 0.70624346 0.11379000 -0.69950551 -0.62691790 -0.65150106 -0.64398736 -0.63974321 -0.63884091 -0.63927400 -0.64738840 -0.65585434 -0.66978049 -0.69058478 -0.70877409 -0.72243786 -0.69293886 -0.63677847 -0.60793144 -0.62479085 -0.65950727 -0.66833079 -0.66827810 -0.64638710 -0.64757919 -0.66318154 -0.70770484 -0.74711955 -0.76169503 -0.76332957 -0.53885806 0.11427227 -0.36533004 -1.19235396 -1.29847252 -1.04565430 -1.14521050 -1.33589101 -1.35271800 -1.37319851 -1.39030111 -1.40455401 -1.41749656
-1.06499100 -1.08306861 -1.07192183 -1.06470048 -1.07010818 -1.09115160 -1.08517063 -1.09229589 -1.09390247 -1.07061946 -1.04758275 -1.04510391 -1.01333630 -0.97218627 -0.41642556 0.58567417 0.84187585 0.26357180 -0.63504064 -0.68783605 -0.63228065 -0.63467097 -0.62787151 -0.62614805 -0.63219178 -0.64358652 -0.65135252 -0.66300344 -0.67501295 -0.68916720 -0.70260829 -0.68827420 -0.62630141 -0.59013057 -0.61070192 -0.64363849 -0.65112376 -0.65699905 -0.63817531 -0.63677096 -0.66269332 -0.70481455 -0.73027134 -0.73923004 -0.74918318 -0.38983124 0.08237196 -0.45986181 -1.09598899 -1.18755484 -1.17388916 -1.25303733 -1.33067119 -1.35433626 -1.37193429 -1.38864040 -1.40724885 -1.42149639
-1.05901611 -1.15431666 -1.18763745 -1.10424089 -1.02880156 -1.01084507 -0.98419100 -0.99462843 -1.00348794 -1.00219452 -1.00516462 -1.00768793 -0.93635124 -0.93135548 -0.68836421 0.10169321 0.77028066 0.48698771 -0.37972757 -0.79176986 -0.59289461 -0.61195016 -0.62161702 -0.61967260 -0.62726361 -0.63832343 -0.64119595 -0.64956069 -0.66691059 -0.67307025 -0.67968833 -0.67227834 -0.60896325 -0.56942379 -0.59013766 -0.62118423 -0.63012803 -0.63042903 -0.62326360 -0.62161356 -0.64975774 -0.67947114 -0.69546747 -0.70757705 -0.70416731 -0.26145843 -0.01364333 -0.61323619 -1.16473281 -1.07797503 -1.20051670 -1.31622374 -1.33209538 -1.35941422 -1.37711358 -1.39251649 -1.40911388 -1.42427933
-0.89952070 -0.89806652 -0.79059458 -0.64974046 -0.60137069 -0.78522670 -0.91752869 -0.89017242 -0.79104584 -0.61429793 -0.43828526 -0.37595555 -0.25909927 -0.27852920 -0.28554448 0.18279675 0.93137532 0.92838329 0.14010942 -0.73413384 -0.70731503 -0.61285794 -0.63560092 -0.63920122 -0.65058345 -0.65077579 -0.65001911 -0.65374678 -0.66614032 -0.67592090 -0.68802375 -0.68147528 -0.63512683 -0.59107113 -0.60697377 -0.62772071 -0.63572168 -0.63330227 -0.63051838 -0.62668979 -0.66552407 -0.68230981 -0.68415791 -0.69344550 -0.65075141 -0.18045767 -0.16926795 -0.77190208 -1.28478372 -1.09901559 -1.21433318 -1.30021942 -1.33785081 -1.36119115 -1.37716472 -1.39280641 -1.41064274 -1.42611241
-0.23395747 -0.21522883 -0.25238529 -0.35706058 -0.29439190 -0.29431728 -0.28417537 -0.17276666 0.02486004 0.21599832 0.31218150 0.29600608 0.27001417 0.22200316 0.13213632 0.30281803 0.89472228 1.02075720 0.47020465 -0.32083598 -0.68929201 -0.64721048 -0.65629065 -0.66624647 -0.67133552 -0.66828525 -0.66699660 -0.66729021 -0.67235619 -0.68500012 -0.70993596 -0.70515662 -0.66639256 -0.61982787 -0.62754852 -0.62981653 -0.64521468 -0.64589715 -0.64147067 -0.63946915 -0.68856162 -0.71098763 -0.68861258 -0.68391198 -0.54488480 -0.09982860 -0.34094372 -0.94247293 -1.20543551 -1.10495901 -1.27624047 -1.30675673 -1.34149063 -1.36201870 -1.37785637 -1.39427376 -1.40725029 -1.42289221
0.23012117 0.33260083 0.02388460 -0.20397608 -0.07028307 0.15848902 0.45341271 0.55482817 0.62013608 0.58590221 0.47090751 0.34629083 0.21920317 0.13044757 0.01203939 -0.00680017 0.44714618 0.83879429 0.60816413 -0.03123520 -0.51687807 -0.63149649 -0.65364963 -0.66210270 -0.66683662 -0.66956991 -0.67005181 -0.66518271 -0.66248429 -0.67573941 -0.71127146 -0.71647251 -0.68107963 -0.63059312 -0.62384367 -0.61420661 -0.63561714 -0.64912248 -0.64295870 -0.64105499 -0.69196707 -0.71858037 -0.66988093 -0.61573976 -0.40569067 -0.05181121 -0.44840640 -1.11788774 -1.14161634 -1.15352106 -1.26153457 -1.31641889 -1.34280610 -1.36242151 -1.37921846 -1.39343321 -1.40669799 -1.42221880
0.58082187 0.37089410 -0.40294388 -0.64154321 -0.25352392 0.21925175 0.52720237 0.59227157 0.50460398 0.31282690 0.12123191 -0.07050665 -0.20209752 -0.24825907 -0.39180329 -0.62148046 -0.49323156 0.10200249 0.30710497 0.01549215 -0.42117399 -0.62408561 -0.64475858 -0.65612245 -0.65637022 -0.65617949 -0.66973239 -0.67193979 -0.65407932 -0.65859580 -0.70829332 -0.71304798 -0.68003124 -0.63170689 -0.60671836 -0.59462929 -0.61319792 -0.63204104 -0.63727868 -0.64171439 -0.68330950 -0.71284854 -0.60159278 -0.52221030 -0.35321355 -0.07404712 -0.60434091 -1.33133054 -1.37972343 -1.28567863 -1.23151422 -1.32201004 -1.34239674 -1.36283553 -1.38019288 -1.39504647 -1.41140187 -1.41983104
0.62665325 0.11971395 -0.55350965 -0.79223186 -0.59421706 -0.20123947 0.06689356 0.04422847 -0.16621548 -0.31805658 -0.45417821 -0.54127729 -0.53948808 -0.50312012 -0.48308441 -0.63056737 -0.77496606 -0.57846642 -0.31210366 -0.26833877 -0.45403358 -0.62086618 -0.63136655 -0.64238334 -0.63995713 -0.64380127 -0.66115022 -0.68072701 -0.65360671 -0.64418375 -0.70136702 -0.71573102 -0.66492605 -0.61611456 -0.59648401 -0.59953439 -0.61621904 -0.63222837 -0.63522905 -0.64925081 -0.67186910 -0.70453632 -0.52357340 -0.50132042 -0.54539424 -0.45066708 -0.94685429 -1.50264919 -1.61679900 -1.38994813 -1.23273301 -1.32468653 -1.34490144 -1.36268818 -1.38039434 -1.39103651 -1.40404844 -1.41657650
0.40802726 -0.33018684 -0.52442819 -0.55727565 -0.63568914 -0.58403331 -0.50152326 -0.51501590 -0.59999561 -0.51668733 -0.43040758 -0.40235239 -0.42933542 -0.43603042 -0.40865812 -0.39356005 -0.44320381 -0.52128708 -0.52693468 -0.48983392 -0.51061696 -0.57909757 -0.59019607 -0.58435041 -0.57986438 -0.58597654 -0.63874006 -0.67548382 -0.66553921 -0.65053755 -0.68497586 -0.69691259 -0.65608811 -0.61945939 -0.61938530 -0.63536596 -0.64367300 -0.65139222 -0.65455437 -0.66607410 -0.68992376 -0.73234230 -0.54269904 -0.48436061 -0.70037717 -0.89688617 -1.11515617 -1.40605557 -1.50582993 -1.39329648 -1.27841020 -1.32802939 -1.34639573 -1.36362636 -1.37935340 -1.39114797 -1.39910710 -1.41106713
0.31955895 -0.46549970 -0.70165795 -0.56306338 -0.49461517 -0.45464742 -0.36043122 -0.26346621 -0.26471210 -0.28256625 -0.29431528 -0.36451820 -0.49167940 -0.52677405 -0.52302724 -0.51179063 -0.48008063 -0.45184016 -0.45762759 -0.43899480 -0.39721367 -0.39207581 -0.37925106 -0.35890651 -0.33414581 -0.32424906 -0.37292087 -0.40467343 -0.38951144 -0.35670412 -0.42933375 -0.42631823 -0.44720969 -0.49478787 -0.47292227 -0.43692857 -0.44243133 -0.46898356 -0.48843479 -0.50390154 -0.56163913 -0.63437265 -0.47087973 -0.24856979 -0.74224102 -1.13714075 -1.05983317 -1.00491714 -1.03346026 -1.14096904 -1.12671065 -1.16134512 -1.19322979 -1.21830070 -1.24249303 -1.25999713 -1.27863586 -1.29516089
0.22210792 -0.36549589 -0.61601949 -0.44702432 -0.29231030 -0.22948584 -0.25811476 -0.37036675 -0.53782600 -0.79819220 -0.99495327 -1.04416931 -1.10682952 -1.09365535 -1.09934294 -1.11765206 -1.10186636 -1.08279026 -1.09755111 -1.05412722 -1.00480545 -0.99848336 -0.96128947 -0.93388963 -0.90033770 -0.86623794 -0.86032027 -0.85934663 -0.81871432 -0.71984875 -0.70886075 -0.55973607 -0.54147083 -0.55633205 -0.53279442 -0.47515070 -0.45388928 -0.50885689 -0.50756061 -0.46663204 -0.51414871 -0.52661467 -0.30582604 -0.10851420 -0.72345793 -1.23043859 -1.11812901 -0.70498639 -0.64753562 -0.89993107 -0.97533667 -1.00320017 -1.00831807 -0.96269017 -0.96460187 -1.02982163 -1.06241727 -1.01216483
