-0.31091857 -0.33305019 -0.50344324 -0.43507859 -0.29375240 -0.26187477 -0.38612071 -0.50806642 -0.41376138 -0.42138860 -0.26737395 -0.28191444 -0.45190534 -0.34907788 -0.33128500 -0.40512180 -0.43289262 -0.38302222 -0.30721432 -0.35068986 -0.34556979 -0.34936765 -0.35299996 -0.35512725 -0.35441107 -0.35043001 -0.34829441 -0.34989336 -0.34956864 -0.35014591 -0.34970543 -0.34893256 -0.34544694 -0.34290835 -0.34070086 -0.34032637 -0.34149525 -0.34279141 -0.33643448 -0.36164486 -0.90509748 -0.92961901 -0.38043174 -0.13957822 -1.08660555 -2.62359738 -3.50797462 -3.67397237 -2.93474412 -2.32936406 -2.06271100 -2.23846817 -2.60820222 -2.69576430 -2.17911768 -1.38190222 -0.62250721 -0.58747923
-0.28852701 -0.12117580 -0.06851041 0.34362966 0.16645387 -0.36236656 -0.39183438 -0.66725510 -0.50212497 -0.56082487 -0.47801349 -0.55883759 -0.54637027 -0.43388990 -0.56259578 -0.46714085 -0.39713532 -0.32711977 -0.29372227 -0.35634068 -0.34558234 -0.35060334 -0.35242745 -0.35309646 -0.34994575 -0.34886459 -0.34960821 -0.34996301 -0.35053003 -0.34929398 -0.34921011 -0.34587306 -0.34413406 -0.34226954 -0.34118214 -0.33813715 -0.34021804 -0.33814588 -0.32499418 -0.65268755 -1.11031139 -0.70399356 -0.08223170 -0.56087857 -1.68298173 -2.84708571 -3.97333241 -4.64990473 -4.35720825 -3.60781598 -3.28118873 -3.14867759 -2.90227890 -2.51030731 -1.85737062 -0.92104524 -0.01684223 -0.69084197
-0.19342969 0.37003896 0.50571388 0.62300473 0.16366771 -0.27660483 -0.23583576 -0.31454214 -0.52254456 -0.71297467 -0.45615125 -0.30930686 -0.31867552 -0.46655762 -0.47594243 -0.27699751 -0.37851581 -0.34940442 -0.31058297 -0.43756983 -0.34899756 -0.35016763 -0.34894368 -0.35057798 -0.34834763 -0.35107538 -0.34917906 -0.35212490 -0.34965330 -0.34826127 -0.34599629 -0.34759700 -0.34316006 -0.34172037 -0.33946007 -0.33946490 -0.33835050 -0.33190128 -0.51302952 -1.27533698 -1.37385762 -0.83649343 -0.72171313 -1.53806496 -2.49367452 -2.84488821 -3.35494041 -4.05868292 -4.02224970 -3.39514637 -2.85431123 -2.59544396 -2.38946271 -1.97960770 -1.43286097 -0.74641758 -0.51259583 -1.44398141
-0.16093278 0.26654556 0.51960641 0.51531684 -0.14644979 -0.15496394 0.66369408 0.36848593 -0.18439734 -0.17535676 0.26111057 0.18768319 -0.01307765 -0.29539943 -0.06803067 0.33628184 0.08900286 -0.18627882 -0.46348232 -0.55473512 -0.34767556 -0.34630024 -0.34749195 -0.34621584 -0.34604886 -0.34437835 -0.34582141 -0.34572604 -0.34507725 -0.34335700 -0.34377894 -0.34270355 -0.33908141 -0.33843267 -0.33705130 -0.33627284 -0.33362678 -0.32035768 -0.94458449 -1.56139266 -1.45723939 -1.03021705 -1.40086091 -2.39663339 -3.11597109 -3.08784342 -3.16951895 -3.43440580 -3.34228492 -2.94295669 -2.45028877 -2.19825315 -2.03253746 -1.95495820 -1.90880525 -1.54465568 -1.49580264 -1.78751433
-0.09730837 0.21036604 0.65357679 0.40709388 0.35591009 0.77110267 1.13865745 0.93333763 0.28486839 0.09650052 0.41311428 0.55795574 0.45638350 -0.11269747 0.60299414 0.88899589 0.71510589 -0.02575682 -0.67858481 -0.57853556 -0.34594354 -0.34698993 -0.34570262 -0.34332547 -0.34375817 -0.34102246 -0.34369999 -0.34123272 -0.34036621 -0.34029883 -0.33849043 -0.33709377 -0.33562255 -0.33350167 -0.33179966 -0.33133364 -0.32169572 -0.63206416 -1.43911636 -1.72485089 -1.25463748 -1.17015553 -2.04695582 -3.07431793 -3.46770120 -3.33287930 -3.35260606 -3.47522092 -3.33342576 -3.18001986 -3.08288264 -3.02744341 -3.08111858 -3.09699321 -2.81443524 -2.00096059 -1.91722500 -2.11513519
-0.27897972 0.09481878 0.59375054 0.82369602 0.85049653 0.81837422 0.83346117 0.55162776 0.14189813 0.16806740 0.42505071 0.37315854 0.22230840 0.15479100 0.80078119 0.88062161 0.50581962 -0.22652200 -0.75868750 -0.51646250 -0.34868693 -0.35018328 -0.34502694 -0.34426898 -0.34197953 -0.34300172 -0.34290045 -0.34300366 -0.34160653 -0.33951682 -0.33821136 -0.33596796 -0.33529854 -0.33048180 -0.33127025 -0.32624817 -0.49226621 -1.28303850 -1.79530013 -1.47895241 -1.01585448 -1.38468575 -2.51229405 -3.48748970 -3.66091228 -3.57764864 -3.59632373 -3.76532221 -3.79838538 -3.83657765 -3.85153937 -3.82096648 -3.69876671 -3.48077154 -2.99480009 -2.17681289 -2.29671741 -2.54513860
-0.33744249 -0.13440214 0.16154033 0.25782135 0.40844241 0.25201565 0.05365229 -0.10621548 -0.08640399 -0.07725070 0.03893916 -0.13145047 -0.02268415 0.06597630 0.30466491 0.41238222 0.22740415 -0.34066838 -0.56412756 -0.34320995 -0.35186866 -0.35271776 -0.34857377 -0.34899381 -0.34374133 -0.34333414 -0.34076601 -0.34190729 -0.34112686 -0.34036767 -0.33883426 -0.33463305 -0.32868743 -0.33023557 -0.33066919 -0.47254688 -1.16686118 -1.83725584 -1.74806213 -1.17137718 -1.10340774 -1.91919172 -3.08197808 -3.69306278 -3.71439028 -3.67687082 -3.68164515 -3.79657745 -3.84348321 -3.88359118 -3.86795044 -3.78231549 -3.67062235 -3.45781708 -2.95620584 -2.44867921 -2.80032611 -2.99809146
-0.36582991 -0.27697363 -0.08521341 0.00606041 0.26250258 -0.10201356 -0.18350813 -0.08486119 -0.10635518 -0.09249013 -0.02390551 -0.19023181 -0.17978045 0.01642067 -0.18905953 0.17234790 -0.03845513 -0.30457792 -0.16890670 -0.27468154 -0.35193250 -0.35235432 -0.35215455 -0.34818515 -0.34509656 -0.34208462 -0.34228203 -0.34307602 -0.34138307 -0.33985195 -0.33538446 -0.33345181 -0.32665133 -0.36772934 -0.78543049 -1.55095363 -2.10904837 -2.06644440 -1.47446108 -1.10195708 -1.61777234 -2.60073686 -3.53437090 -3.77186942 -3.81836033 -3.75804186 -3.69683218 -3.64429259 -3.58453250 -3.59506106 -3.70874739 -3.78635073 -3.77902412 -3.55159807 -2.98143864 -2.47876978 -2.78757930 -3.02538180
-0.34149691 -0.35478094 -0.26927468 -0.19779205 -0.13768062 -0.14791846 -0.02853985 -0.11659120 -0.20187694 -0.19115984 -0.14469250 -0.29864335 -0.16992852 -0.21550700 -0.23566058 -0.09444989 -0.20942438 -0.16205353 -0.19942942 -0.33686182 -0.35372928 -0.35358021 -0.35288721 -0.34639087 -0.34658179 -0.34346038 -0.34181315 -0.34031117 -0.34200791 -0.33730245 -0.33719742 -0.32732177 -0.54237098 -1.20876181 -1.97605038 -2.32584500 -2.34818864 -1.92338979 -1.48025286 -1.61066818 -2.39142561 -3.37141943 -3.78872395 -3.87123060 -3.92693758 -3.60481763 -3.02084827 -2.78042674 -2.94406700 -3.15292311 -3.23482871 -3.49855351 -3.60331655 -3.39913940 -2.68297505 -2.03153443 -2.37683821 -2.82750010
-0.33542690 -0.34084189 -0.33218935 -0.29837564 -0.29128775 -0.28597167 -0.31230500 -0.34395760 -0.34490004 -0.34096208 -0.33873773 -0.34295297 -0.33809596 -0.35060784 -0.32752755 -0.32595360 -0.31126761 -0.31670690 -0.34868160 -0.35030988 -0.35317987 -0.35258797 -0.34929648 -0.34931883 -0.34518924 -0.34206200 -0.33781573 -0.33957863 -0.33513990 -0.33445749 -0.32884577 -0.47490525 -1.23308742 -1.86383855 -2.01926923 -1.94787741 -1.93420398 -1.77613866 -1.74232173 -2.28605866 -3.15214968 -3.69946647 -3.82501197 -3.87109518 -3.76930881 -3.19188905 -2.43162632 -2.33294988 -2.95700908 -3.27497292 -3.02185559 -2.89316368 -2.89465737 -2.65305400 -2.15030193 -1.79382277 -1.98751998 -2.43798709
-0.33418727 -0.33745003 -0.33712652 -0.33847851 -0.34055668 -0.34091035 -0.34024313 -0.34034148 -0.34150437 -0.34471774 -0.34469068 -0.34504551 -0.34456319 -0.34724158 -0.34756166 -0.34421086 -0.34593606 -0.34557000 -0.34884185 -0.35012248 -0.34835038 -0.34801057 -0.34614390 -0.34701094 -0.34303075 -0.34109357 -0.34106606 -0.33679453 -0.33371019 -0.33364654 -0.31189704 -0.94586104 -1.56334186 -1.58024490 -1.36686265 -1.28892291 -1.50311303 -1.75135744 -2.35138774 -3.03409672 -3.54931021 -3.71627402 -3.74093318 -3.79691982 -3.68891931 -3.24207616 -2.99233341 -3.31094933 -4.28988791 -3.98689198 -3.07185507 -2.66822362 -2.59952664 -2.57055116 -2.46370721 -2.17226338 -1.88128304 -2.02123141
-0.33557919 -0.33540142 -0.33768106 -0.33794129 -0.34116983 -0.33939219 -0.34027746 -0.34009811 -0.34257179 -0.34381846 -0.34663701 -0.34450480 -0.34459135 -0.34438524 -0.34428841 -0.34356532 -0.34320286 -0.34391701 -0.34627727 -0.34702551 -0.34607014 -0.34537071 -0.34564593 -0.34319472 -0.34315988 -0.34099898 -0.33917361 -0.33633184 -0.33474156 -0.32801247 -0.57391405 -1.35912681 -1.53235340 -1.09240091 -0.82936943 -1.19705689 -1.94779551 -2.84037328 -3.36453032 -3.57592893 -3.72970796 -3.74409771 -3.78750420 -3.82416606 -3.73266649 -3.52982974 -3.48896337 -4.16089058 -4.86084700 -4.07755136 -2.89479470 -2.69755435 -3.23666573 -3.36524320 -3.31836224 -2.52473879 -1.68398416 -1.90209579
-0.33743396 -0.33645517 -0.33771327 -0.33953747 -0.33953652 -0.33980739 -0.34069476 -0.34084803 -0.34395957 -0.34634292 -0.34748745 -0.34621605 -0.34511665 -0.34358177 -0.34290043 -0.34194928 -0.34460899 -0.34225786 -0.34370548 -0.34359199 -0.34299946 -0.34173024 -0.34143123 -0.34098485 -0.33959228 -0.33488041 -0.33402547 -0.33238047 -0.33106473 -0.31289181 -0.98450691 -1.47305250 -1.20215774 -0.82567203 -1.11295581 -2.18120503 -3.26701617 -3.69634199 -3.83489895 -3.85071731 -3.88274074 -3.91440463 -3.93921161 -3.96076417 -3.92524767 -3.66409063 -3.62916684 -3.95708489 -4.11918449 -3.47612929 -2.73103809 -2.85039902 -3.42409277 -3.54047179 -3.37706757 -2.06316638 -1.14630759 -1.58269608
-0.33613101 -0.33946204 -0.33756685 -0.34013572 -0.34001949 -0.34200799 -0.34046569 -0.34197637 -0.34404373 -0.34736311 -0.34556246 -0.34609982 -0.34416717 -0.34386617 -0.34214136 -0.34332636 -0.33997625 -0.33970904 -0.34282035 -0.34277737 -0.34141514 -0.33978561 -0.33872095 -0.33807346 -0.33425900 -0.33257318 -0.33060592 -0.32904875 -0.32263476 -0.56230837 -1.34086204 -1.43557739 -0.93346739 -0.89418399 -1.87370980 -3.08270836 -3.65875983 -3.82386589 -3.85630369 -3.88421369 -3.91330600 -3.94947314 -3.96771169 -3.97498488 -3.97138524 -3.84325171 -3.62572074 -3.55114698 -3.45956922 -3.29505110 -3.17514277 -3.20126748 -3.51710248 -3.21774316 -2.60639596 -1.14393616 -0.92485875 -1.45623314
-0.34032074 -0.33930388 -0.34085870 -0.34099409 -0.34196687 -0.34225070 -0.34201249 -0.34165043 -0.34535509 -0.34761095 -0.34710217 -0.34639737 -0.34576058 -0.34589148 -0.34593788 -0.34316853 -0.34060019 -0.34211949 -0.34442651 -0.34285676 -0.34321421 -0.34035730 -0.33884266 -0.33668378 -0.33451417 -0.33241361 -0.32673061 -0.32538557 -0.31804386 -1.01075375 -1.51399148 -1.15306401 -0.75337058 -1.37609434 -2.55433416 -3.48873925 -3.71002412 -3.77574873 -3.83270621 -3.85075235 -3.86620259 -3.90194583 -3.92099166 -3.91839170 -3.91599607 -3.84567571 -3.74997044 -3.69799995 -3.54922700 -3.64496374 -3.69020724 -3.62284136 -3.47554708 -3.00346875 -1.91327536 -1.19775772 -1.51529658 -1.77515078
-0.34113038 -0.34034520 -0.34351256 -0.34255984 -0.34314823 -0.34373301 -0.34307030 -0.34552819 -0.34833995 -0.34940708 -0.34835705 -0.34868979 -0.34675911 -0.34756848 -0.34445882 -0.34214950 -0.34273821 -0.34408632 -0.34534973 -0.34311780 -0.34124261 -0.34029526 -0.33670959 -0.33520260 -0.33348817 -0.32947820 -0.32715669 -0.31708288 -0.71873873 -1.52709877 -1.59567857 -0.97686726 -1.03823626 -1.97608316 -3.18663478 -3.66983700 -3.73505950 -3.83840823 -3.88627362 -3.89958239 -3.91580629 -3.94572854 -3.95957208 -3.95899272 -3.96091127 -3.95590448 -3.92797136 -3.89264655 -3.83901310 -3.81049800 -3.79168725 -3.76703620 -3.54325581 -3.04517889 -1.99939644 -1.66695988 -1.95410633 -2.00746322
-0.33959690 -0.34219015 -0.34204119 -0.34406257 -0.34511295 -0.34442407 -0.34505844 -0.34618315 -0.34979010 -0.34917039 -0.35117987 -0.34698245 -0.34613669 -0.34473610 -0.34247506 -0.34072310 -0.33869925 -0.34261751 -0.34367424 -0.34200647 -0.33919594 -0.33745307 -0.33531442 -0.33284256 -0.32900512 -0.32841158 -0.32647941 -0.75705510 -1.61243558 -1.97887421 -1.45083427 -1.05461681 -1.54853845 -2.62909222 -3.57706690 -3.74479294 -3.82945991 -3.92739487 -3.95757604 -3.97091722 -3.99513292 -4.01971960 -4.01774120 -4.01155472 -4.02091503 -4.03350496 -4.01324511 -3.98406768 -3.93310833 -3.85518742 -3.76447582 -3.64405394 -3.34352088 -2.60211706 -1.57818329 -1.74821472 -1.94693732 -2.07456446
-0.34086439 -0.34338036 -0.34312567 -0.34450516 -0.34487104 -0.34501249 -0.34508568 -0.34511697 -0.34906462 -0.34876975 -0.34946272 -0.34819198 -0.34696206 -0.34459803 -0.34084520 -0.33913189 -0.33946660 -0.34094229 -0.34207883 -0.33856893 -0.33771488 -0.33734393 -0.33516473 -0.32944539 -0.33079806 -0.32710046 -0.75680214 -1.62460148 -2.03124189 -1.81478453 -1.33415747 -1.36410534 -2.15047836 -3.23576832 -3.68869090 -3.73004413 -3.85655117 -3.93488979 -3.95478201 -3.96977329 -3.99739313 -4.01470757 -4.01020288 -4.00467968 -4.00630379 -4.02292395 -4.01799154 -3.99453545 -3.85813761 -3.62661195 -3.32490611 -2.83013368 -2.31341004 -1.58033144 -0.99523634 -1.31576598 -1.69623935 -1.93569136
-0.34014010 -0.34285149 -0.34151232 -0.34282234 -0.34438536 -0.34469554 -0.34291616 -0.34595808 -0.34633648 -0.34922788 -0.34896535 -0.34814608 -0.34364393 -0.34246570 -0.34057668 -0.33763048 -0.33969605 -0.33804971 -0.33891088 -0.33593097 -0.33614048 -0.33474860 -0.33158359 -0.32926589 -0.32953325 -0.75596553 -1.63156140 -1.98862183 -1.83136368 -1.40330696 -1.27883804 -1.89409959 -2.79162574 -3.57177067 -3.70059872 -3.75364804 -3.88510513 -3.94359851 -3.94728732 -3.95751262 -3.98584962 -4.01277590 -4.01226091 -3.99893665 -3.98505712 -3.99097753 -3.99027205 -3.94878149 -3.67742252 -3.07596350 -2.43152523 -1.78439784 -1.25958920 -0.67823988 -0.64914101 -1.10126328 -1.57449245 -1.69129026
-0.33826074 -0.34044784 -0.34074399 -0.34348065 -0.34277713 -0.34393817 -0.34279177 -0.34367567 -0.34479973 -0.34750918 -0.34671110 -0.34228703 -0.34182939 -0.34271622 -0.34116012 -0.33869457 -0.33724654 -0.33610064 -0.33571401 -0.33420420 -0.33060735 -0.32938048 -0.32913417 -0.38056698 -0.90811574 -1.76692784 -2.01418853 -1.78793037 -1.33770597 -1.16692114 -1.74143445 -2.68634892 -3.48642731 -3.72278953 -3.70691609 -3.78513956 -3.90090489 -3.94849849 -3.95648241 -3.97155452 -4.00589275 -4.02733994 -4.02753210 -4.00892305 -3.99125242 -3.98636174 -3.96799374 -3.88689876 -3.47242856 -2.63555908 -1.91309595 -1.37499022 -1.14702666 -0.90703708 -0.97252375 -1.23698533 -1.58342886 -1.22602928
-0.33836627 -0.33925843 -0.34167838 -0.34164745 -0.34276265 -0.34234586 -0.34230760 -0.34138846 -0.34304154 -0.34407333 -0.34217167 -0.34038073 -0.34121352 -0.34209305 -0.33904794 -0.33889499 -0.33584997 -0.33557031 -0.33183095 -0.32975397 -0.33071786 -0.32798177 -0.63077796 -1.29617023 -1.99692523 -2.11205697 -1.92804563 -1.41889107 -1.23572421 -1.70410955 -2.62923074 -3.43833160 -3.74133921 -3.73887920 -3.71735215 -3.78386116 -3.89601064 -3.93985176 -3.95520902 -3.97390056 -4.00462055 -4.01951742 -4.02050495 -3.99882674 -3.97339630 -3.96561146 -3.94547987 -3.83236122 -3.26751685 -2.31649828 -1.99913740 -2.02349687 -1.90119064 -1.54288614 -1.33589351 -1.16688538 -1.02757394 -0.65364891
-0.33971444 -0.33969092 -0.34144410 -0.34280315 -0.34281382 -0.34167606 -0.34176239 -0.34111547 -0.34130734 -0.34528473 -0.34355894 -0.34156892 -0.34214139 -0.34139085 -0.34013507 -0.33632064 -0.33478677 -0.33179101 -0.33099926 -0.32614443 -0.31207323 -0.76240140 -1.52033269 -2.01984096 -2.05623078 -1.95195341 -1.61813807 -1.44672811 -1.84028232 -2.64397693 -3.42319536 -3.69387388 -3.77358651 -3.75373483 -3.72268867 -3.77262306 -3.87796021 -3.92952538 -3.94833875 -3.97064090 -3.99282598 -4.00080776 -3.99744940 -3.96839762 -3.92089772 -3.91334152 -3.90414405 -3.75927687 -3.13157868 -2.23063588 -2.36986995 -2.62929249 -2.41225100 -1.45708859 -0.80336708 -0.58110058 -0.39254883 -0.25926009
-0.33826074 -0.33885804 -0.33995321 -0.34266716 -0.33993873 -0.34027556 -0.33930495 -0.33890522 -0.34207746 -0.34494609 -0.34148073 -0.34059906 -0.34208074 -0.34133324 -0.33911067 -0.33453494 -0.33257067 -0.32999763 -0.33023795 -0.31313542 -0.66569865 -1.43430972 -1.83385277 -1.75192761 -1.71205878 -1.57550561 -1.60084224 -2.01403737 -2.76260018 -3.42112875 -3.67568231 -3.74388552 -3.81172323 -3.79372787 -3.74221015 -3.78240085 -3.88625121 -3.92441487 -3.94352007 -3.96945691 -3.99222803 -3.99990010 -3.98195958 -3.94680691 -3.92055225 -3.91151452 -3.88509583 -3.70846200 -3.01800418 -2.15095735 -2.46185827 -2.67288065 -2.26325464 -0.95705938 -0.26369467 -0.22046310 -0.26892588 -0.32903185
-0.33761474 -0.33917025 -0.33904648 -0.34084502 -0.33946270 -0.33887392 -0.34043893 -0.33979425 -0.34416872 -0.34232005 -0.34015143 -0.34187347 -0.34030163 -0.33910099 -0.33589491 -0.33380842 -0.33076206 -0.32967710 -0.32297751 -0.45853308 -1.23502970 -1.59164619 -1.53182328 -1.27715325 -1.28232133 -1.58273458 -2.26056170 -2.99192119 -3.47425508 -3.65939283 -3.69698286 -3.75860834 -3.83880544 -3.81888413 -3.73707247 -3.76296401 -3.87234402 -3.91190410 -3.92874074 -3.97493172 -3.99696755 -4.00643015 -3.99445415 -3.97385478 -3.97140861 -3.97231412 -3.91690660 -3.66948032 -2.92890429 -1.97705388 -2.29602790 -2.50330400 -2.08753848 -0.75387973 -0.31098729 -0.34003332 -0.37799931 -0.38067651
-0.34028080 -0.34067175 -0.34105778 -0.34178901 -0.34168845 -0.34200794 -0.34160745 -0.34364367 -0.34447193 -0.34166226 -0.34063828 -0.33846891 -0.33841240 -0.33545744 -0.33636484 -0.33419266 -0.32973251 -0.32706589 -0.32251018 -0.81477284 -1.40937066 -1.42584026 -0.98070508 -0.94270647 -1.55789757 -2.49854279 -3.25858355 -3.51724672 -3.63083577 -3.66729283 -3.70951819 -3.75291681 -3.81579542 -3.80722594 -3.73146129 -3.71890068 -3.83185029 -3.89338112 -3.91419339 -3.96128678 -3.97593808 -3.98351383 -3.98131037 -3.98396635 -3.99014139 -3.97058439 -3.88160563 -3.52844429 -2.64619637 -1.77270806 -2.03701663 -2.36099792 -1.97559440 -0.74531627 -0.40185544 -0.38482982 -0.38430807 -0.38367191
-0.33733851 -0.33825442 -0.34050733 -0.33926943 -0.34106180 -0.34310186 -0.34144324 -0.34384468 -0.34177276 -0.33917719 -0.33611462 -0.33314559 -0.33165938 -0.33195698 -0.33441281 -0.33195758 -0.32842717 -0.32538491 -0.39729244 -1.11686158 -1.38512254 -0.97031224 -0.72086883 -1.40254807 -2.48305845 -3.28663039 -3.56909633 -3.61450982 -3.63637805 -3.69586873 -3.75231481 -3.77612257 -3.84216690 -3.84728003 -3.76931715 -3.73385906 -3.82391739 -3.89858985 -3.92532516 -3.96935058 -3.96739006 -3.96933889 -3.97158527 -3.97548556 -3.96065545 -3.91659451 -3.74750972 -3.25204825 -2.19833255 -1.63952053 -1.89089048 -2.27427411 -1.87298977 -0.66778898 -0.39475042 -0.38578939 -0.38683525 -0.38808101
-0.33528700 -0.33624843 -0.33857560 -0.33823630 -0.33945894 -0.34062040 -0.34038776 -0.34179413 -0.33810055 -0.33751324 -0.33435974 -0.33122689 -0.32886752 -0.32950544 -0.32883531 -0.32706469 -0.32577741 -0.31961370 -0.66622472 -1.33597004 -1.18106222 -0.70246208 -1.05687511 -2.18809319 -3.25792885 -3.58845973 -3.65838885 -3.67207170 -3.67295790 -3.71756244 -3.80542183 -3.85327387 -3.92343187 -3.91916490 -3.83149266 -3.77581573 -3.85766649 -3.94254804 -3.96704555 -3.99420476 -3.98867893 -3.99508452 -3.99239278 -3.96667671 -3.92828679 -3.89927673 -3.66502380 -3.00109696 -1.83783233 -1.62805665 -2.01006031 -2.31391501 -1.59698880 -0.49538556 -0.38758719 -0.38508141 -0.38634494 -0.38659292
-0.33226979 -0.33484951 -0.33543000 -0.33471820 -0.33913249 -0.33600146 -0.34029320 -0.33879086 -0.33580697 -0.33671093 -0.33222538 -0.32981363 -0.32673621 -0.32498583 -0.32442957 -0.32312775 -0.32172507 -0.30569613 -0.95795256 -1.29597986 -0.87536824 -0.72171235 -1.56946492 -2.86520123 -3.58243275 -3.68232346 -3.71146584 -3.73367071 -3.69174147 -3.70555782 -3.79945993 -3.86966419 -3.93836498 -3.92008233 -3.82792044 -3.78304243 -3.86894011 -3.95101738 -3.97700429 -3.98985529 -3.98732376 -4.00034809 -3.99568772 -3.96381688 -3.92876744 -3.91209102 -3.55836749 -2.69199038 -1.77658629 -1.82960725 -2.26636720 -2.28421021 -1.24387693 -0.32369193 -0.38499862 -0.38311037 -0.38728160 -0.38833156
-0.32893637 -0.33456293 -0.33047172 -0.33083022 -0.33342084 -0.33373058 -0.33512434 -0.33511707 -0.33251610 -0.33264181 -0.33087230 -0.32694599 -0.32378662 -0.32033360 -0.31841120 -0.31821772 -0.31667423 -0.40590271 -1.13997781 -1.05866861 -0.62164158 -0.91434723 -2.10021234 -3.30740857 -3.66799188 -3.73923850 -3.78413010 -3.79850912 -3.73781371 -3.69698739 -3.75467324 -3.84682870 -3.89553094 -3.86560535 -3.80950713 -3.79312801 -3.87940383 -3.94628954 -3.96709490 -3.97042441 -3.98039627 -3.99681044 -3.99129033 -3.96075845 -3.93795276 -3.90369773 -3.41544271 -2.31677890 -1.82136095 -2.07561159 -2.49308991 -2.05038333 -0.76148510 -0.34752813 -0.37816766 -0.38199681 -0.38500258 -0.38537291
-0.32962543 -0.32846138 -0.32824171 -0.32960868 -0.33021238 -0.33345741 -0.33273342 -0.33086473 -0.32935521 -0.32804227 -0.32970551 -0.32498872 -0.32209021 -0.31915846 -0.31744438 -0.31473675 -0.30947614 -0.65129077 -1.26200986 -0.91269255 -0.60276192 -1.28232157 -2.63844752 -3.54451466 -3.69724250 -3.80669498 -3.87973142 -3.87341428 -3.79907584 -3.71780896 -3.73860884 -3.84684896 -3.89416909 -3.86569667 -3.83746886 -3.84154558 -3.91512775 -3.95483971 -3.97541809 -3.98343706 -3.99460435 -4.00226307 -3.99791431 -3.97635555 -3.96419978 -3.88604498 -3.27729344 -2.12738562 -1.93381345 -2.31216455 -2.59699941 -1.63212788 -0.39972278 -0.37904528 -0.37562332 -0.37919110 -0.37930247 -0.38202325
-0.32505006 -0.32514676 -0.32388866 -0.32576841 -0.33033970 -0.32914203 -0.32923195 -0.32677925 -0.32725129 -0.32623056 -0.32520854 -0.32411259 -0.32031024 -0.31857231 -0.31523857 -0.31273288 -0.30072665 -0.92092746 -1.21091413 -0.72308379 -0.73195457 -1.67819440 -3.11025929 -3.62603068 -3.71711326 -3.82422900 -3.87830758 -3.88800025 -3.85037518 -3.74694061 -3.74108195 -3.86405087 -3.91055346 -3.87311220 -3.86142015 -3.87803364 -3.93055606 -3.95674038 -3.98561263 -3.99415851 -3.99493551 -3.99970627 -3.99515820 -3.97857523 -3.95656228 -3.82164788 -3.14162660 -2.00328445 -2.08174205 -2.45954490 -2.45498538 -1.26883173 -0.32119811 -0.37310424 -0.37456068 -0.37533835 -0.37958989 -0.38506037
-0.32160038 -0.32171372 -0.32084966 -0.32512674 -0.32804212 -0.32595614 -0.32645389 -0.32615143 -0.32489100 -0.32546157 -0.32299554 -0.32303581 -0.31970921 -0.31609449 -0.31497645 -0.30842063 -0.43257993 -1.15279210 -1.12808144 -0.68787080 -0.94670963 -2.15117288 -3.38929558 -3.62648916 -3.70833349 -3.79806304 -3.84234619 -3.86114502 -3.86431742 -3.78942513 -3.74145770 -3.85660386 -3.90105629 -3.87399507 -3.85731316 -3.89219642 -3.92931223 -3.94456911 -3.98044300 -3.98887515 -3.97943187 -3.97988915 -3.97973633 -3.96319628 -3.93549871 -3.77906108 -3.03800964 -1.95982921 -2.21282983 -2.56370211 -2.30699635 -0.93298590 -0.36868003 -0.37030622 -0.37260902 -0.37580705 -0.37877703 -0.38207543
-0.32280573 -0.31942546 -0.32347080 -0.32428655 -0.32464322 -0.32591447 -0.32528049 -0.32526997 -0.32532963 -0.32553816 -0.32101050 -0.31872606 -0.31719345 -0.31463215 -0.31078726 -0.28335300 -0.84920198 -1.43274236 -1.09572601 -0.73832095 -1.35760009 -2.64697528 -3.54636431 -3.64234591 -3.72275138 -3.79625463 -3.83560681 -3.86041856 -3.87596321 -3.82502007 -3.76901436 -3.82939839 -3.88255811 -3.86750221 -3.85089612 -3.89765930 -3.92064929 -3.94173288 -3.97617674 -3.98353124 -3.97196579 -3.96989417 -3.97566557 -3.96898818 -3.93057656 -3.76087284 -3.07053614 -2.13525867 -2.44574881 -2.84292531 -2.22414446 -0.74793446 -0.37604535 -0.36787114 -0.37288919 -0.37281460 -0.37584719 -0.37671846
-0.32203621 -0.32066220 -0.32140428 -0.32431287 -0.32122824 -0.32325873 -0.32396808 -0.32472497 -0.32382351 -0.32045519 -0.31974337 -0.31610459 -0.31445843 -0.31139278 -0.30026054 -0.61304605 -1.38046694 -1.49409556 -0.93635684 -0.96019840 -1.83952999 -3.11647892 -3.60654640 -3.65872574 -3.73176193 -3.79796243 -3.82893085 -3.84395528 -3.84629178 -3.81253695 -3.75757599 -3.77830744 -3.83447456 -3.84073639 -3.84073806 -3.89323568 -3.91055822 -3.93116832 -3.95479703 -3.95503402 -3.95148778 -3.95292521 -3.95425963 -3.94571972 -3.90494967 -3.76039577 -3.19244099 -2.50945306 -2.83137012 -3.15837097 -2.28759336 -0.69583082 -0.36742973 -0.37055647 -0.37019163 -0.37068674 -0.37271389 -0.37709227
-0.32022253 -0.32069570 -0.32153314 -0.32064131 -0.32108968 -0.31993246 -0.32358032 -0.32152930 -0.31926885 -0.31891909 -0.31633499 -0.31455860 -0.31080204 -0.30547979 -0.30888006 -1.06191099 -1.47132170 -1.17607820 -0.84661007 -1.36192846 -2.38618135 -3.40933990 -3.63217688 -3.67697668 -3.75773740 -3.81159616 -3.82683063 -3.83410358 -3.82989502 -3.81191754 -3.77809215 -3.75607657 -3.79744577 -3.82698011 -3.84750247 -3.90525126 -3.91401863 -3.93054891 -3.94844413 -3.94819736 -3.94285488 -3.94964266 -3.94692993 -3.93339467 -3.89987731 -3.79951477 -3.37105775 -2.82810640 -2.96063709 -3.25657606 -2.38800120 -0.75723314 -0.37591192 -0.36899152 -0.36753458 -0.37087959 -0.37589130 -0.37572858
-0.31657621 -0.31770080 -0.31855968 -0.31790829 -0.31951666 -0.31830117 -0.31724855 -0.31869912 -0.31877470 -0.31567565 -0.31489751 -0.31062335 -0.30516896 -0.30069721 -0.46967891 -1.23153234 -1.26051366 -0.79627395 -0.86105257 -1.88411880 -2.98966551 -3.58899403 -3.65749335 -3.72986197 -3.81150365 -3.86014366 -3.86776209 -3.87622142 -3.87284756 -3.87357378 -3.84224057 -3.77081132 -3.78755426 -3.84868789 -3.89226174 -3.94383979 -3.95202065 -3.96579099 -3.97685552 -3.97221994 -3.96277118 -3.97325969 -3.97256446 -3.95783353 -3.92255926 -3.85761261 -3.48965740 -2.91931105 -2.80546212 -3.07953238 -2.55447936 -1.02523375 -0.39720801 -0.36569941 -0.36718655 -0.36911571 -0.37135428 -0.37494293
-0.31598836 -0.31539941 -0.31607848 -0.31653345 -0.31750873 -0.31718317 -0.31583461 -0.31665784 -0.31442469 -0.31297973 -0.31206378 -0.30591333 -0.30146882 -0.30459979 -0.68424821 -1.27984476 -0.85036510 -0.49143195 -1.21569729 -2.57708454 -3.44100976 -3.63355255 -3.66651988 -3.76117730 -3.83613658 -3.87250280 -3.87987566 -3.88960767 -3.90519166 -3.94469285 -3.89914894 -3.78764009 -3.76650429 -3.83592439 -3.90829706 -3.95842171 -3.96502209 -3.98038507 -3.98007798 -3.97403812 -3.96549702 -3.97788739 -3.97474647 -3.95439601 -3.92305136 -3.87729096 -3.57654262 -2.87013364 -2.43813109 -2.81937480 -2.68683672 -1.39744413 -0.45622629 -0.36508811 -0.36635014 -0.36650443 -0.37052947 -0.37508288
-0.31343785 -0.31400427 -0.31323293 -0.31438571 -0.31605759 -0.31681040 -0.31307518 -0.31203410 -0.31205195 -0.30866131 -0.30700386 -0.30274874 -0.30042329 -0.29535085 -0.82195365 -1.09270096 -0.54680067 -0.59068054 -1.69183922 -3.17066383 -3.56508565 -3.57742500 -3.65854883 -3.77227545 -3.82783484 -3.85234499 -3.86069989 -3.87840223 -3.90289116 -3.95112801 -3.89556718 -3.76147819 -3.72034502 -3.79231000 -3.87987351 -3.92785239 -3.94514489 -3.96502090 -3.95990705 -3.95648575 -3.94559526 -3.94770265 -3.93907809 -3.90856671 -3.87092161 -3.84637594 -3.60782766 -2.79319811 -2.11560845 -2.58555579 -2.69803643 -1.75289404 -0.55184513 -0.36616531 -0.36415681 -0.36680743 -0.36873463 -0.37273932
-0.31265196 -0.31167603 -0.31135875 -0.31575921 -0.31803325 -0.31368577 -0.31175253 -0.31023803 -0.30855292 -0.30566052 -0.30344698 -0.30061293 -0.30154717 -0.28051502 -0.83611572 -0.84749150 -0.38644004 -0.73647082 -2.12461543 -3.46408105 -3.57109213 -3.58768821 -3.67686772 -3.78550959 -3.83022165 -3.84917259 -3.86048293 -3.86780763 -3.88732433 -3.93059945 -3.88107014 -3.76422191 -3.70951748 -3.77183914 -3.85995889 -3.90482450 -3.93925500 -3.95914054 -3.95321441 -3.94234657 -3.93066359 -3.93628359 -3.91996384 -3.88200402 -3.85207748 -3.84202600 -3.63774514 -2.75730944 -1.99470603 -2.38018918 -2.54372549 -1.93558192 -0.61288106 -0.36625406 -0.36240035 -0.36340743 -0.36652571 -0.36773029
-0.31153247 -0.31040612 -0.31397524 -0.31378564 -0.31573591 -0.31279346 -0.31223544 -0.31052169 -0.30695167 -0.30461287 -0.30014172 -0.29906058 -0.29898241 -0.26563787 -0.78578377 -0.64254016 -0.36363581 -0.89586002 -2.46876502 -3.56505418 -3.59054279 -3.61574340 -3.69279075 -3.79265165 -3.83419800 -3.85674191 -3.87041211 -3.87100196 -3.87946796 -3.91603255 -3.88235950 -3.79119539 -3.73997045 -3.79178715 -3.85823512 -3.90326476 -3.93765497 -3.95471859 -3.94997096 -3.94440866 -3.94779396 -3.95347452 -3.93199825 -3.88922954 -3.87178445 -3.86220860 -3.58656645 -2.66821432 -1.85949981 -2.15619540 -2.45166421 -1.98915637 -0.61184722 -0.37402943 -0.35974970 -0.36490268 -0.36742514 -0.37328142
-0.31250566 -0.31142589 -0.31311339 -0.31468326 -0.31623527 -0.31601265 -0.31234047 -0.30975658 -0.30807906 -0.30209503 -0.30080429 -0.30000630 -0.29855531 -0.25446016 -0.78537649 -0.58796901 -0.40826818 -1.03356552 -2.74263549 -3.59447670 -3.63114023 -3.65082526 -3.70388103 -3.78606725 -3.83950043 -3.87128735 -3.88523865 -3.89171863 -3.90146828 -3.92008495 -3.90408540 -3.83537006 -3.78336358 -3.80934262 -3.84569788 -3.88510633 -3.93006468 -3.94287062 -3.95271969 -3.95616174 -3.96153045 -3.97481561 -3.94756389 -3.91318417 -3.89864397 -3.87878942 -3.48844695 -2.45885658 -1.81324565 -2.13467026 -2.49260926 -1.94966996 -0.55356991 -0.37123534 -0.36121550 -0.36628318 -0.37058896 -0.37608090
-0.30863160 -0.30955756 -0.30997881 -0.31388733 -0.31358421 -0.31131786 -0.30927658 -0.30659318 -0.30220813 -0.29819438 -0.29792371 -0.29721892 -0.29698351 -0.28311205 -0.87344855 -0.63509059 -0.49055010 -1.18845427 -2.93417025 -3.62521029 -3.66900969 -3.67212892 -3.69348812 -3.76925206 -3.83617282 -3.88203573 -3.90676427 -3.91874766 -3.91948247 -3.92945099 -3.91011548 -3.83412242 -3.77339196 -3.77999687 -3.81545591 -3.86452866 -3.90855241 -3.92691422 -3.94003415 -3.94800282 -3.95498323 -3.95881724 -3.92781997 -3.89532876 -3.89109325 -3.86794925 -3.40358233 -2.34859681 -1.87769330 -2.30210018 -2.68418837 -1.81117487 -0.46748778 -0.36165202 -0.35863441 -0.36125043 -0.36639193 -0.36981672
-0.30645227 -0.30713484 -0.30758113 -0.30997640 -0.31021008 -0.30752426 -0.30612791 -0.30222091 -0.29914391 -0.29672354 -0.29788923 -0.29521966 -0.29646960 -0.34329426 -0.94875991 -0.61800224 -0.52101088 -1.30587435 -3.07970262 -3.63705754 -3.67507792 -3.65924406 -3.66618276 -3.74202180 -3.81562471 -3.86415124 -3.89210820 -3.90564418 -3.90631175 -3.90169621 -3.86642480 -3.79862571 -3.74366260 -3.74341488 -3.78214693 -3.84445691 -3.88432837 -3.89922428 -3.91262531 -3.93191385 -3.92399430 -3.91665196 -3.87730169 -3.85637379 -3.85156918 -3.84141183 -3.33974552 -2.28916526 -2.00540781 -2.46183157 -2.71194816 -1.64037120 -0.33285084 -0.35795954 -0.35717303 -0.35795102 -0.36280090 -0.36643496
-0.30781507 -0.30609810 -0.30635735 -0.30789420 -0.30947375 -0.30990955 -0.30638206 -0.30315462 -0.30181816 -0.29793581 -0.29474524 -0.29547504 -0.29143712 -0.36282176 -0.91974342 -0.52309978 -0.47735006 -1.40377581 -3.22067642 -3.64468741 -3.67541099 -3.65290809 -3.65274882 -3.72462273 -3.78961825 -3.83080244 -3.85096002 -3.86607838 -3.87558627 -3.87095523 -3.85488296 -3.81337667 -3.76844811 -3.75438356 -3.78757429 -3.85034990 -3.88731313 -3.88754797 -3.89949203 -3.91596508 -3.90773940 -3.89089561 -3.87006330 -3.85572767 -3.85040140 -3.84100127 -3.30433917 -2.18665838 -2.00877070 -2.53617811 -2.70707417 -1.43980682 -0.36048615 -0.35961002 -0.35656190 -0.35917026 -0.36018080 -0.36706245
-0.30689982 -0.30403066 -0.30470538 -0.30742219 -0.30960563 -0.30969229 -0.30850852 -0.30549961 -0.30446771 -0.29699117 -0.29637620 -0.29570562 -0.29087371 -0.31933194 -0.80328786 -0.39308897 -0.42660636 -1.48365736 -3.36128378 -3.66466379 -3.69749355 -3.68580985 -3.68022585 -3.73004651 -3.78184652 -3.79953742 -3.81414914 -3.82879758 -3.84883094 -3.86132383 -3.86798477 -3.85340881 -3.80437446 -3.77835703 -3.80124760 -3.85434365 -3.88584352 -3.88961411 -3.89604616 -3.90847993 -3.90432525 -3.88911486 -3.88457656 -3.89195895 -3.88104725 -3.85134006 -3.29594350 -2.14235210 -1.99975801 -2.57288718 -2.63748813 -1.37795794 -0.38793138 -0.35834762 -0.35782799 -0.35963562 -0.36338115 -0.36967465
-0.30444756 -0.30291295 -0.30534521 -0.30651411 -0.30750191 -0.30791357 -0.30819359 -0.30590603 -0.30468431 -0.29972124 -0.29718795 -0.29354012 -0.28752825 -0.23069564 -0.62028056 -0.27535263 -0.33781096 -1.44236064 -3.35123610 -3.63459420 -3.67834163 -3.68800282 -3.68458700 -3.71520424 -3.74499416 -3.75566745 -3.76130700 -3.77630138 -3.79210854 -3.79306316 -3.80148387 -3.80446339 -3.75568128 -3.71272588 -3.72361612 -3.78601766 -3.82252097 -3.83293629 -3.83898568 -3.85231853 -3.84992313 -3.83642292 -3.84525919 -3.86703968 -3.84907079 -3.79168391 -3.15213060 -1.96491086 -1.85102236 -2.40606809 -2.61133909 -1.36236060 -0.38873452 -0.36050537 -0.36287299 -0.36199081 -0.36618459 -0.36808270
-0.30229750 -0.30325490 -0.30286714 -0.30389464 -0.30333421 -0.30388027 -0.30544928 -0.30486718 -0.30356476 -0.30032861 -0.29378232 -0.28967825 -0.28413543 -0.20059264 -0.38813418 -0.17080706 -0.22478208 -1.24814856 -3.21093202 -3.62219334 -3.68656087 -3.71053696 -3.71387219 -3.72740507 -3.74493670 -3.75587487 -3.75827575 -3.76971316 -3.76619434 -3.76028800 -3.75703692 -3.75927758 -3.71321821 -3.65613985 -3.66005516 -3.72966361 -3.77173567 -3.78693724 -3.79985833 -3.80371380 -3.80032182 -3.80294466 -3.83391881 -3.84885454 -3.80669880 -3.72394896 -2.95627999 -1.66494071 -1.61074853 -2.18880892 -2.49714208 -1.28842330 -0.38850337 -0.36157411 -0.36464366 -0.36206910 -0.36433265 -0.36692092
-0.29694149 -0.29862857 -0.29972178 -0.29806823 -0.29956138 -0.29991776 -0.30195516 -0.30199876 -0.29987168 -0.29721740 -0.28939435 -0.28735447 -0.28121024 -0.22067371 -0.16928995 -0.17163166 -0.19998097 -1.02122569 -2.95723605 -3.66837025 -3.76429176 -3.79164815 -3.78824401 -3.79163480 -3.80026841 -3.81031227 -3.81887174 -3.83131337 -3.81804109 -3.81510639 -3.81784582 -3.80731606 -3.76564026 -3.71121716 -3.70336437 -3.76539302 -3.81196880 -3.82379508 -3.82931471 -3.83131909 -3.82160091 -3.84619689 -3.88220787 -3.88812780 -3.82510710 -3.63501000 -2.75630832 -1.45755363 -1.47935438 -2.14090490 -2.41375256 -1.14479017 -0.37642822 -0.35741585 -0.35894281 -0.36123693 -0.35865143 -0.36517465
-0.29680806 -0.31765759 -0.34327802 -0.32312837 -0.30194765 -0.29464853 -0.29444653 -0.29527444 -0.29125708 -0.29308626 -0.32104459 -0.36923650 -0.38765764 -0.29596636 -0.11978313 -0.21222350 -0.18232042 -0.71681458 -2.49647951 -3.60685706 -3.78693175 -3.80957413 -3.81219673 -3.81242037 -3.81691337 -3.83041048 -3.83917093 -3.84411454 -3.83963943 -3.84064937 -3.84792852 -3.82645822 -3.79439139 -3.74345899 -3.74216866 -3.78123832 -3.82815671 -3.84489131 -3.85515237 -3.86038899 -3.84867358 -3.86853600 -3.89818525 -3.89809251 -3.82540202 -3.41918373 -2.39473462 -1.42484224 -1.56104088 -2.36774373 -2.32566047 -0.90841550 -0.36312649 -0.35334334 -0.35400403 -0.35687459 -0.35743806 -0.36091232
-0.77220035 -0.91899967 -0.82320541 -0.61285436 -0.37106374 -0.30986667 -0.35946226 -0.52986515 -0.86556554 -1.13492703 -1.24257576 -1.25833392 -1.31944704 -1.24397075 -0.89691532 -0.67968053 -0.51364654 -0.59276980 -1.76253057 -3.21067905 -3.69856429 -3.73710060 -3.75174952 -3.76729846 -3.77904844 -3.79073691 -3.79777670 -3.80080366 -3.79880118 -3.80821919 -3.79869461 -3.75130415 -3.72576571 -3.68652773 -3.67367053 -3.71467733 -3.77276349 -3.79044080 -3.81169868 -3.81600833 -3.80017424 -3.81894469 -3.84002471 -3.82249832 -3.76874661 -3.17467809 -1.94942534 -1.34813511 -1.73621309 -2.62676144 -2.00566602 -0.58460569 -0.35923016 -0.35136321 -0.35392258 -0.35739887 -0.35994339 -0.36073297
-1.91282213 -1.92270362 -1.72892809 -1.57644928 -1.37971568 -1.32242334 -1.52773249 -1.86044192 -2.25237966 -2.51341105 -2.62288070 -2.68699217 -2.84154010 -2.87546873 -2.59563851 -2.05836487 -1.49449813 -1.27535999 -1.66591859 -2.84211087 -3.51598907 -3.67083406 -3.69986892 -3.73464417 -3.75945973 -3.76490164 -3.76738787 -3.76390934 -3.76721048 -3.76612568 -3.74165511 -3.70027447 -3.68400359 -3.66704941 -3.63552284 -3.65728211 -3.71614861 -3.74526691 -3.75461698 -3.75210619 -3.74389839 -3.76942325 -3.79669952 -3.76576924 -3.67150450 -2.97874689 -1.69058621 -1.45327461 -2.00376987 -2.62595296 -1.58478546 -0.31684858 -0.35370383 -0.35183188 -0.35555160 -0.35829934 -0.36079615 -0.36402670
-1.85596430 -2.23661852 -2.71153784 -2.97635436 -3.10813618 -3.03771424 -2.70659447 -2.56302691 -2.52101898 -2.51505351 -2.58342624 -2.65557337 -2.81119561 -2.97981095 -3.00756073 -2.93728137 -2.64947724 -2.23921037 -2.12581944 -2.85591197 -3.44130802 -3.67284489 -3.70506811 -3.73859954 -3.75786591 -3.76505613 -3.76343250 -3.76015806 -3.76708722 -3.75812173 -3.72994328 -3.72803330 -3.72929025 -3.70812511 -3.65773344 -3.66453552 -3.71913481 -3.74256682 -3.75131488 -3.74412680 -3.74405098 -3.76493049 -3.80120850 -3.75323057 -3.52008533 -2.73422766 -1.64679265 -1.65239406 -2.28553104 -2.42068005 -1.13898039 -0.33641061 -0.35333294 -0.35222974 -0.35472220 -0.35646531 -0.36176047 -0.36466613
-0.98870945 -1.59007752 -2.47473812 -3.12915993 -3.33066559 -3.04884553 -2.52635407 -2.15738368 -2.01651788 -1.94649434 -1.88409555 -1.93343890 -2.07756495 -2.20001316 -2.35728526 -2.56278872 -2.86103702 -2.68382716 -2.39163136 -2.77140212 -3.49204111 -3.66986632 -3.68871021 -3.72535706 -3.74406743 -3.74599338 -3.74509835 -3.74458361 -3.74512482 -3.73315167 -3.71941233 -3.75134921 -3.77081299 -3.73969054 -3.68104434 -3.68221784 -3.72411966 -3.74172449 -3.75674391 -3.75413013 -3.75399232 -3.76712799 -3.78550005 -3.65212965 -3.17996240 -2.15634489 -1.37659228 -1.66642404 -2.44782257 -2.10741329 -0.74356514 -0.36388463 -0.35117042 -0.35108510 -0.35447806 -0.35741094 -0.35708827 -0.36657977
-0.18906923 -1.08313060 -2.25874352 -2.88431931 -3.01760411 -2.57538819 -1.89950335 -1.63662875 -1.63290727 -1.81395161 -2.10004735 -2.34808588 -2.50999713 -2.53621411 -2.51830888 -2.68315220 -2.95799518 -3.10549331 -2.87137961 -2.79565048 -3.34320092 -3.64808083 -3.65588713 -3.68739080 -3.70263124 -3.69946170 -3.68515968 -3.69409609 -3.69399786 -3.66840839 -3.67727685 -3.73820615 -3.75875568 -3.71030402 -3.65245080 -3.65020776 -3.69552207 -3.70832729 -3.72514486 -3.73542476 -3.73573470 -3.75516987 -3.65623116 -3.27787662 -2.43639255 -1.31380129 -1.03940570 -1.68054473 -2.35236764 -1.70540655 -0.45377663 -0.35352042 -0.34951466 -0.34949827 -0.35374969 -0.35636273 -0.35437649 -0.36326844
-0.42981803 -1.97705209 -2.87242746 -2.88273072 -2.80760980 -2.47561455 -2.21766758 -2.29866815 -2.65216112 -2.98595858 -3.18473434 -3.29659462 -3.32922816 -3.28430057 -3.27145314 -3.21886539 -3.18127251 -3.25042057 -3.22271299 -3.18330455 -3.33793211 -3.56848526 -3.58727193 -3.60288262 -3.61858845 -3.62551522 -3.60343266 -3.59695101 -3.62193704 -3.61341453 -3.60831761 -3.65133619 -3.67340565 -3.61903119 -3.57292962 -3.60200191 -3.63547254 -3.64793134 -3.65857148 -3.66085720 -3.66389561 -3.65217495 -3.46293187 -2.87849784 -1.82606435 -1.36083961 -1.42149854 -1.91440010 -2.06900048 -1.30517936 -0.34501693 -0.34778938 -0.34901738 -0.35006166 -0.35726663 -0.35659248 -0.35886836 -0.36277759
-0.56781209 -2.25507331 -3.13556743 -3.17571950 -3.14534998 -3.16443253 -3.22576261 -3.23752689 -3.19001198 -3.01951456 -2.81253529 -2.67853713 -2.66535974 -2.69094157 -2.68481684 -2.73001099 -2.80338597 -2.84904528 -3.01011539 -3.10545540 -3.17775679 -3.29452467 -3.32961464 -3.37048292 -3.39958453 -3.42262983 -3.45517516 -3.50946355 -3.56315780 -3.56382322 -3.54844904 -3.57297063 -3.60863853 -3.59015489 -3.56927395 -3.60732055 -3.62673330 -3.63055873 -3.63046265 -3.61463284 -3.60776329 -3.59837556 -3.45643497 -3.00722837 -2.23122525 -2.12629676 -2.33556938 -2.32115078 -1.69123626 -0.81721789 -0.33848611 -0.34815827 -0.34979957 -0.35409614 -0.35531646 -0.35662785 -0.36277345 -0.36101961
-0.24261084 -1.70230913 -2.68576813 -3.09171271 -3.19798470 -3.12827468 -2.88142633 -2.46309900 -1.89597893 -1.55857718 -1.45077491 -1.26611733 -1.14746070 -1.16495109 -1.22251344 -1.32605946 -1.41060317 -1.51303160 -1.63656688 -1.76170599 -1.85816932 -1.92371321 -1.94854450 -2.01062131 -2.07190061 -2.13132596 -2.20335078 -2.32171273 -2.45138741 -2.53137016 -2.62188411 -2.76044178 -2.90128279 -2.99242806 -2.98675489 -2.96728921 -2.96827722 -2.98644757 -3.06132555 -3.16242433 -3.21875644 -3.27614832 -3.20568156 -2.85043740 -2.37221694 -2.51730490 -2.75651908 -2.35166574 -1.19399750 -0.39931360 -0.37433121 -0.36506191 -0.36646345 -0.37259683 -0.37905902 -0.38326648 -0.37983239 -0.37857503
0.46165994 -0.54832506 -1.29048491 -1.66276526 -1.81959879 -1.56054294 -1.02558088 -0.78294343 -0.61525476 -0.56586242 -0.67320281 -0.61375028 -0.48399481 -0.41391814 -0.40464422 -0.41835883 -0.43483958 -0.44760099 -0.46603122 -0.44378626 -0.45389274 -0.42719352 -0.40894526 -0.43888059 -0.46355450 -0.45528889 -0.46553099 -0.52127743 -0.65820670 -0.79221177 -0.95426971 -1.13027501 -1.28639781 -1.29835796 -1.31296456 -1.40421951 -1.40993738 -1.43279302 -1.55726147 -1.68995190 -1.78250480 -1.86435556 -1.84612846 -1.51420224 -1.21635556 -1.70160508 -2.14728403 -1.89596677 -0.68113333 -0.35440001 -0.38876817 -0.38925913 -0.39199749 -0.42179817 -0.46622428 -0.53594542 -0.53446263 -0.47938511
