-0.50237906 -0.53148603 -0.41999879 -0.39135927 -0.27045292 -0.38543987 -0.34889930 -0.40149459 -0.44768342 -0.44779181 -0.47263116 -0.55475241 -0.52761447 -0.49322572 -0.52411228 -0.53549027 -0.46922812 -0.49199450 -0.51644450 -0.53193414 -0.53781343 -0.53714377 -0.53715026 -0.54209185 -0.54869837 -0.55021054 -0.55010444 -0.55145991 -0.55188948 -0.55114818 -0.54968816 -0.55199546 -0.55485654 -0.55352145 -0.54913896 -0.54379207 -0.53893536 -0.53863382 -0.53618121 -0.50937289 -0.38285837 -0.40586701 -0.45298091 -0.64861703 -0.83705395 -0.35476941 0.22389820 0.08976927 -0.19922817 -0.19929624 0.02671426 0.22707695 0.48753002 0.76207578 0.93855220 0.55603009 0.03281540 0.21237746
-0.51586151 -0.46010900 -0.08343491 -0.21001726 -0.13156191 -0.14690427 0.06583753 -0.10559669 -0.24091825 -0.44849539 -0.52262008 -0.37734050 -0.37013125 -0.44197792 -0.42331025 -0.38015351 -0.36566731 -0.49501908 -0.49709794 -0.52118903 -0.53861946 -0.53822017 -0.54021502 -0.54230106 -0.54450744 -0.54372472 -0.54515201 -0.54711008 -0.54651511 -0.54752791 -0.54783112 -0.54777825 -0.54779613 -0.54629028 -0.54344302 -0.53932959 -0.53557599 -0.53567886 -0.53172290 -0.41726339 -0.50302851 -0.43640262 -0.69573700 -1.20721304 -1.75327742 -1.34057570 -0.55236733 0.24246386 0.72142404 0.81909895 0.82483667 1.00580895 1.11306167 0.74693412 0.06014012 -0.68053859 -0.64307594 -0.57275164
-0.46870777 -0.28474319 -0.38991123 -0.35906062 -0.27501062 -0.21790594 0.21353725 0.30152369 0.17341766 -0.38862011 -0.03242949 -0.02402588 -0.06680891 -0.18631598 -0.03017500 -0.02915994 0.02449413 -0.16694030 -0.40521866 -0.47921628 -0.53863025 -0.53958029 -0.54108423 -0.54080331 -0.54338592 -0.54305619 -0.54069698 -0.53921789 -0.54067141 -0.54109490 -0.54117179 -0.54046619 -0.54054874 -0.53807580 -0.53750861 -0.53311288 -0.52939659 -0.53203505 -0.45475018 -0.25838408 -0.18625972 -0.18760031 -0.62200707 -1.48667824 -2.11121702 -1.97643065 -1.44826853 -0.74052370 0.14270741 0.59391618 0.58386236 0.35422778 -0.13544400 -0.61374617 -1.08074486 -1.36438751 -1.50564218 -1.51727486
-0.48669109 -0.41959962 -0.65909731 -0.22758394 -0.15186909 -0.20687556 -0.30256110 -0.13277313 0.06281880 -0.14642829 0.23445830 -0.05724807 0.00720474 0.03628563 -0.06456833 0.18034470 0.35168764 0.08054277 -0.26448125 -0.42628786 -0.53993595 -0.53953534 -0.54366803 -0.54653949 -0.54693896 -0.54232132 -0.53712434 -0.53679723 -0.53873527 -0.53701800 -0.53621101 -0.53623098 -0.53538769 -0.53294545 -0.53022355 -0.52702534 -0.52269822 -0.52878678 -0.32623187 -0.10625413 0.13476968 0.11738025 -0.44736812 -1.39093065 -1.93329382 -2.25002909 -2.34143043 -2.18880463 -1.80109191 -1.50180531 -1.38992167 -1.48005617 -1.55433083 -1.61946869 -1.72355294 -2.03887010 -2.07005453 -1.71081305
-0.53420520 -0.56980127 -0.39222082 0.28627360 0.14133459 -0.23738134 -0.76245195 -0.53268206 -0.36172116 -0.40603444 -0.54400575 -0.45182517 -0.20253247 -0.26570126 -0.45566243 -0.02053147 0.02185155 0.03937696 -0.20333344 -0.41424575 -0.54495269 -0.54713666 -0.55157596 -0.55044961 -0.55057555 -0.54817772 -0.54615492 -0.54372889 -0.54380047 -0.54070657 -0.53851658 -0.53626311 -0.53579956 -0.53336477 -0.52997363 -0.52577835 -0.52552176 -0.39059871 -0.20390230 0.04386237 0.13846895 -0.16568473 -0.97624314 -1.59626722 -1.90215755 -2.16378975 -2.41359282 -2.55311179 -2.47029662 -2.34736919 -2.24859548 -2.18961525 -2.17546201 -2.15256190 -2.15523052 -2.42892551 -2.20483303 -1.69922292
-0.46208134 -0.55334336 -0.39114705 -0.02186855 -0.39324063 -0.40717629 -0.64888078 -0.34756482 -0.64882332 -0.66556853 -0.73903775 -0.38554603 -0.38576302 -0.70544332 -0.53650516 -0.57946163 -0.38033268 -0.06158613 -0.21761489 -0.46264082 -0.54982227 -0.55178952 -0.55674988 -0.55833936 -0.55720121 -0.55409253 -0.55245614 -0.54951781 -0.54841250 -0.54617178 -0.54438841 -0.54302931 -0.53968352 -0.53507495 -0.53070647 -0.53073204 -0.44900087 -0.25363481 -0.00697944 0.13348383 -0.10646838 -0.86967546 -1.55873168 -1.88579106 -1.97133863 -2.11194634 -2.29454279 -2.42988873 -2.45483875 -2.46244264 -2.44484901 -2.41713214 -2.37352371 -2.29674363 -2.20773101 -2.08918643 -2.03358912 -1.70748389
-0.46503234 -0.44342458 -0.41243464 -0.65273404 -0.84148711 -0.33622253 -0.20166704 -0.25688276 -0.65499258 -0.47596741 -0.55787683 -0.35482991 -0.66730303 -0.59284353 -0.55236626 -0.71766734 -0.40230528 -0.29779267 -0.45800528 -0.52644074 -0.54526037 -0.55130595 -0.55780911 -0.56120878 -0.56173253 -0.55709499 -0.55119151 -0.54535574 -0.54560477 -0.54514736 -0.54656547 -0.54373598 -0.53701454 -0.53418916 -0.52321440 -0.47392088 -0.31129584 0.05095989 0.17903736 0.01660983 -0.74072307 -1.62130094 -2.07772517 -2.27376890 -2.30704308 -2.36063743 -2.44880843 -2.49868655 -2.49866295 -2.46539640 -2.41446996 -2.42910433 -2.46744537 -2.44112015 -2.19865394 -1.71235466 -1.48504984 -1.27655172
-0.43377402 -0.39225498 -0.44436297 -0.46903810 -0.30682307 -0.14036712 -0.31643704 -0.28943646 -0.42914057 -0.44093478 -0.44769523 -0.38751197 -0.57094753 -0.36873212 -0.47674656 -0.45844415 -0.31866747 -0.62120998 -0.65552032 -0.53345203 -0.54347879 -0.54768932 -0.55388212 -0.55888414 -0.55971062 -0.55656391 -0.55086875 -0.54610413 -0.54314762 -0.54279268 -0.54044241 -0.53509855 -0.53584594 -0.47354478 -0.45437431 -0.19676074 0.22336736 0.39137119 0.15305412 -0.50518858 -1.40707707 -2.01566863 -2.37381196 -2.49414110 -2.49938488 -2.55975747 -2.55779147 -2.62157249 -2.63764048 -2.58271289 -2.40951514 -2.39161658 -2.46796560 -2.45737410 -2.25059009 -1.81392324 -1.23496079 -0.86486113
-0.48608825 -0.46200326 -0.41744977 -0.31462738 -0.35641751 -0.44556975 -0.48726666 -0.41111323 -0.47961998 -0.45985928 -0.48341250 -0.47087431 -0.53309768 -0.40718836 -0.42634672 -0.40363169 -0.53220689 -0.64950842 -0.54611593 -0.54326719 -0.54331797 -0.54683840 -0.54964620 -0.55114776 -0.55363190 -0.55588537 -0.54973620 -0.54499960 -0.54078704 -0.53872174 -0.53477305 -0.53460515 -0.42256305 -0.28647882 0.22008139 0.65873408 0.79390049 0.30129865 -0.46934342 -1.23575878 -1.87061489 -2.28078532 -2.48546481 -2.53871298 -2.57166243 -2.52624917 -2.58603454 -2.83255887 -3.13595605 -2.89727449 -2.39192724 -2.24476981 -2.42292857 -2.40983820 -2.38534951 -2.08216381 -1.40132034 -0.96690190
-0.50496209 -0.50114220 -0.48698232 -0.50017810 -0.54723543 -0.55839747 -0.52156323 -0.52335799 -0.51516891 -0.51619971 -0.53102297 -0.53530639 -0.53115743 -0.51373738 -0.51784199 -0.54422694 -0.57505345 -0.54656875 -0.54343724 -0.54008609 -0.54024261 -0.54227388 -0.54439062 -0.54599398 -0.54944336 -0.54924345 -0.54493642 -0.54307276 -0.54144019 -0.53825009 -0.53324175 -0.45123893 -0.26378307 0.17895478 0.86432880 1.02115202 0.28898287 -0.59047425 -1.17165220 -1.65729141 -2.11563706 -2.38266325 -2.48788786 -2.54271293 -2.56380510 -2.37348008 -2.50833130 -3.06196976 -3.38770294 -3.08329463 -2.25836992 -2.06817913 -2.34874082 -2.41574979 -2.63404894 -2.33056235 -1.57900381 -0.96325040
-0.51333117 -0.51589710 -0.51806653 -0.51952225 -0.52052319 -0.52404469 -0.52827525 -0.52857983 -0.52660608 -0.52872187 -0.53382748 -0.53723133 -0.53641933 -0.53475624 -0.53968185 -0.54035103 -0.53851146 -0.53809863 -0.53350836 -0.53416204 -0.53681880 -0.53843665 -0.53958440 -0.54046780 -0.54095668 -0.54101300 -0.54369307 -0.54091316 -0.53760052 -0.53543043 -0.53140938 -0.33219782 -0.03475568 0.43239716 0.33704701 -0.32231525 -1.04849172 -1.36070752 -1.72521007 -2.07706666 -2.35001588 -2.47372246 -2.53403378 -2.57896328 -2.56135035 -2.50228930 -2.37458920 -2.25000286 -2.27304816 -2.33501005 -2.05369544 -2.09554601 -2.33806467 -2.69742918 -2.66473603 -2.17765594 -1.45830894 -0.92873353
-0.51357162 -0.51725340 -0.52046585 -0.52088642 -0.52286786 -0.52641481 -0.53013313 -0.53044289 -0.52804613 -0.52945310 -0.53601050 -0.53931659 -0.54153222 -0.54009938 -0.54034448 -0.54195440 -0.54042596 -0.53749955 -0.53502071 -0.53537536 -0.53671938 -0.53752595 -0.53771830 -0.53556621 -0.53789073 -0.53742033 -0.53375471 -0.53201163 -0.53233117 -0.52881283 -0.41256225 -0.19552219 0.08322161 0.02241056 -0.45401162 -1.26914334 -1.65662003 -1.94904661 -2.19486475 -2.38742447 -2.46557522 -2.52096128 -2.56281471 -2.58603311 -2.57861710 -2.51743984 -2.00067163 -1.19916248 -1.06717718 -1.37368643 -1.78767419 -2.08599615 -2.28250003 -2.19311547 -1.61295855 -1.65234697 -1.35952449 -1.15882206
-0.51849544 -0.52278644 -0.52317351 -0.52463740 -0.52807057 -0.53065699 -0.53191823 -0.53282970 -0.53091735 -0.53170699 -0.53613627 -0.54123145 -0.54303211 -0.54454929 -0.54435611 -0.54367483 -0.54222816 -0.53968674 -0.53595823 -0.53930879 -0.53898770 -0.53817165 -0.53749490 -0.53702313 -0.53657866 -0.53253651 -0.52908003 -0.52790850 -0.52350807 -0.52261811 -0.33234483 -0.16340312 -0.05367266 -0.24542043 -0.97337228 -1.67679381 -2.01343298 -2.23722529 -2.33144379 -2.38857460 -2.42946291 -2.47542524 -2.51637101 -2.53007269 -2.52791142 -2.44864106 -2.07669187 -1.61493278 -1.54239047 -1.43705845 -1.57298744 -1.98036516 -1.98979521 -1.45713198 -1.16573095 -1.53204417 -1.39260280 -1.28153467
-0.52289498 -0.52663422 -0.52715874 -0.52823865 -0.53072143 -0.53392184 -0.53565758 -0.53508842 -0.53359205 -0.53418547 -0.53773153 -0.54260075 -0.54542077 -0.54663801 -0.54625481 -0.54857075 -0.54654729 -0.54086059 -0.53940678 -0.54195988 -0.54106140 -0.54057372 -0.53932869 -0.53987294 -0.53759384 -0.53499818 -0.53200805 -0.52686971 -0.52517009 -0.40773192 -0.23351705 -0.13875820 -0.13553423 -0.54734075 -1.40841925 -1.90065813 -2.11584115 -2.23735666 -2.29223609 -2.32766724 -2.37184477 -2.41240597 -2.44140720 -2.45535207 -2.45366621 -2.49325824 -2.51616263 -2.50255775 -2.34624529 -1.89919007 -1.84274578 -2.02530885 -2.10188890 -1.97289431 -2.06312823 -1.95414162 -1.51789403 -1.28687894
-0.52537656 -0.52741224 -0.52854961 -0.53097409 -0.53315800 -0.53501827 -0.53885865 -0.53660208 -0.53526729 -0.53833783 -0.54409194 -0.54741037 -0.54748881 -0.54737490 -0.54964209 -0.54937249 -0.54698747 -0.54270297 -0.53914338 -0.54139888 -0.54323167 -0.54288328 -0.53962433 -0.53911388 -0.53828681 -0.53851950 -0.53346461 -0.52590591 -0.52062470 -0.33663967 -0.26861238 -0.08058128 -0.21696791 -1.00540054 -1.81341505 -2.13876319 -2.28161621 -2.36277795 -2.40538931 -2.42872715 -2.46192884 -2.48921657 -2.50745392 -2.51063466 -2.51665115 -2.54570174 -2.58088565 -2.61941338 -2.55928063 -2.41291690 -2.34294677 -2.37408090 -2.42861891 -2.36335707 -2.42120862 -1.95291162 -1.80135024 -1.21308434
-0.52308518 -0.52509224 -0.52936274 -0.53051746 -0.53186393 -0.53743094 -0.53929245 -0.53737134 -0.53609288 -0.54107589 -0.54533952 -0.54968435 -0.55064106 -0.54854912 -0.54886043 -0.54735047 -0.54351908 -0.53859603 -0.53689361 -0.53922272 -0.53872323 -0.54007590 -0.53897625 -0.53563726 -0.53281909 -0.53088099 -0.52783412 -0.51374507 -0.38112566 -0.20831975 -0.05430728 -0.08546640 -0.63668519 -1.56479180 -2.06444216 -2.27980614 -2.40253663 -2.47216725 -2.50201154 -2.52296567 -2.55054760 -2.57067442 -2.57675743 -2.57065201 -2.56612682 -2.57876706 -2.58143687 -2.56724620 -2.53779149 -2.49911404 -2.48092985 -2.47613978 -2.49269342 -2.47289062 -2.34265089 -2.03881025 -1.90129042 -0.95513046
-0.52305639 -0.52398598 -0.52486920 -0.52805865 -0.53176796 -0.53528613 -0.53643525 -0.53482980 -0.53393906 -0.53709179 -0.54246330 -0.54811043 -0.54834777 -0.54763341 -0.54933786 -0.54630351 -0.53922665 -0.53380740 -0.53400868 -0.53539705 -0.53479195 -0.53469187 -0.53459990 -0.53385264 -0.52973330 -0.52474880 -0.50878263 -0.39113256 -0.14223376 0.11883051 0.17428708 -0.23507187 -1.14542270 -1.85607064 -2.18690753 -2.35114264 -2.46354413 -2.52322173 -2.53424978 -2.54872799 -2.57417607 -2.59334540 -2.59727263 -2.58873963 -2.58163142 -2.56196952 -2.54993224 -2.55406260 -2.54773211 -2.51592779 -2.51106143 -2.54700780 -2.51698184 -2.52572680 -2.28633571 -1.93927205 -1.50799727 -0.63464016
-0.52106529 -0.52055150 -0.52385479 -0.52559882 -0.52850085 -0.53168654 -0.53390092 -0.53255284 -0.53251243 -0.53428131 -0.53816795 -0.54221064 -0.54543251 -0.54638815 -0.54819471 -0.54521734 -0.53822798 -0.53414047 -0.53450000 -0.53245974 -0.52946067 -0.52971548 -0.53220141 -0.53010160 -0.52588606 -0.50905323 -0.38739085 -0.10692210 0.42357987 0.47374174 0.04181131 -0.93684781 -1.72439098 -2.12654948 -2.32693195 -2.41573572 -2.50846219 -2.54877520 -2.55354238 -2.56511712 -2.59229779 -2.60785031 -2.61417627 -2.61275983 -2.60146093 -2.57538319 -2.55149269 -2.54243207 -2.56868386 -2.59606481 -2.61808324 -2.72904825 -2.83060527 -2.84724045 -2.43686390 -1.93432522 -1.02996469 -0.51319534
-0.51680738 -0.51932061 -0.52349854 -0.52294838 -0.52610534 -0.52996415 -0.53177190 -0.53368622 -0.53204900 -0.53081334 -0.53564268 -0.54083616 -0.54032242 -0.53998619 -0.54308414 -0.54216856 -0.53790510 -0.53504378 -0.53324819 -0.53128701 -0.52691883 -0.52328283 -0.52430469 -0.52499396 -0.49748161 -0.40633151 -0.11096995 0.40883261 0.52979517 0.16355923 -0.71864885 -1.52672219 -1.99826705 -2.31316590 -2.43126225 -2.48332977 -2.55136275 -2.58963394 -2.59834075 -2.61062241 -2.62519217 -2.63323927 -2.63731050 -2.63618898 -2.63117337 -2.62518001 -2.60299873 -2.58386707 -2.57986641 -2.68785357 -2.93174267 -3.22518992 -3.34205055 -3.06854582 -2.45520663 -1.78381205 -0.78537792 -0.46323436
-0.51396334 -0.51760417 -0.51984715 -0.52369279 -0.52706558 -0.52979082 -0.53242087 -0.53165394 -0.53030252 -0.53149706 -0.53618050 -0.53761554 -0.53756064 -0.53760141 -0.53921175 -0.54034412 -0.53732961 -0.53291589 -0.53349960 -0.53197116 -0.52284229 -0.52002770 -0.51696229 -0.46749756 -0.40421933 -0.05051934 0.42255273 0.47604838 0.06554371 -0.79631549 -1.54364216 -1.95915842 -2.27503061 -2.42441654 -2.46871471 -2.50609612 -2.56025052 -2.58627987 -2.60188937 -2.62190676 -2.63395429 -2.63828540 -2.63793230 -2.63746881 -2.64875102 -2.65567541 -2.63745165 -2.61401367 -2.56636429 -2.68074369 -3.03896356 -3.33591628 -3.13150215 -2.53556871 -1.98013616 -1.25339890 -0.58156914 -0.52501607
-0.51462722 -0.51873827 -0.52097952 -0.52266663 -0.52585721 -0.53062779 -0.53201342 -0.53178543 -0.52936798 -0.52961212 -0.53578019 -0.53907603 -0.53712136 -0.53745967 -0.53752035 -0.53882891 -0.53707111 -0.53405070 -0.53100806 -0.52813530 -0.52288902 -0.49411368 -0.42160460 -0.25900742 0.22275779 0.66343182 0.52306908 -0.02914044 -0.86279416 -1.52109957 -1.93468738 -2.26670313 -2.42659712 -2.45921421 -2.46863770 -2.51067162 -2.56999826 -2.57856750 -2.59086108 -2.61569023 -2.62949419 -2.63459921 -2.63382435 -2.63702059 -2.64889789 -2.65549874 -2.65259862 -2.61791348 -2.55902457 -2.49616313 -2.57270575 -2.66596222 -2.32267952 -1.50785863 -1.10812211 -0.69280487 -0.62496668 -0.62573081
-0.51995480 -0.52041733 -0.52142167 -0.52287352 -0.52805305 -0.53077066 -0.53128207 -0.53062481 -0.52911079 -0.53185624 -0.53717452 -0.53770971 -0.53563637 -0.53622854 -0.53721529 -0.53926784 -0.53647876 -0.53257191 -0.52911562 -0.52564532 -0.51139075 -0.39596501 -0.11500324 0.40922627 0.89816672 0.60973454 -0.11053117 -0.87589312 -1.46330214 -1.87519097 -2.20592427 -2.39434290 -2.47309303 -2.49036574 -2.47066832 -2.49135923 -2.55822825 -2.57148552 -2.57885814 -2.60916281 -2.62935686 -2.64091372 -2.64610863 -2.64329386 -2.65241361 -2.67169237 -2.67076325 -2.62293816 -2.48454666 -2.29340410 -2.02902675 -1.89515007 -1.40209436 -0.69826633 -0.62698549 -0.58304691 -0.66374427 -0.60536468
-0.52099049 -0.52353579 -0.52501690 -0.52570403 -0.52861917 -0.53079903 -0.53355819 -0.53174770 -0.52998853 -0.53393984 -0.53741419 -0.53448790 -0.53438956 -0.53665531 -0.53654397 -0.53617567 -0.53431964 -0.53277975 -0.52848214 -0.52751333 -0.40212056 -0.15290409 0.42819777 0.79649854 0.39464822 -0.42979112 -1.02224517 -1.41997290 -1.82637274 -2.14882636 -2.34893203 -2.40805101 -2.47098804 -2.47897267 -2.45634437 -2.46956968 -2.53134298 -2.55848050 -2.57902050 -2.61247158 -2.62838674 -2.63339472 -2.64487314 -2.65564609 -2.66982484 -2.67831969 -2.66042972 -2.61343336 -2.45525622 -2.20171165 -1.71288216 -1.30577183 -0.78430063 -0.38779256 -0.52542865 -0.56766480 -0.59515452 -0.57326633
-0.52251005 -0.52411598 -0.52528894 -0.52674943 -0.53014147 -0.53204292 -0.53378272 -0.53254241 -0.53249729 -0.53526175 -0.53679347 -0.53566253 -0.53392541 -0.53259885 -0.53125191 -0.53160799 -0.53104067 -0.52861154 -0.52503031 -0.46768841 -0.22481954 0.17196298 0.35872152 0.09690268 -0.65678459 -1.22376156 -1.55928254 -1.89910388 -2.16134739 -2.30955076 -2.39894819 -2.42451644 -2.46163797 -2.45781684 -2.43488955 -2.45636368 -2.50702333 -2.54541516 -2.57904315 -2.61339808 -2.61793828 -2.61345434 -2.61614037 -2.63372493 -2.64863634 -2.63770103 -2.60069346 -2.57466412 -2.44070482 -2.14822364 -1.61492133 -1.21020341 -0.72459394 -0.36759567 -0.54583508 -0.55556691 -0.57978624 -0.58980203
-0.51797146 -0.51994795 -0.52213281 -0.52483028 -0.52654141 -0.52895445 -0.52952349 -0.53084886 -0.53215480 -0.53541106 -0.53713715 -0.53335905 -0.53024882 -0.52707863 -0.52483726 -0.52582067 -0.52536857 -0.52145571 -0.52129447 -0.35219988 -0.10795341 0.06443278 -0.02301098 -0.59896696 -1.38737261 -1.78587031 -2.08756161 -2.26445413 -2.31482220 -2.37982035 -2.44548535 -2.46436214 -2.48973465 -2.48042369 -2.44173193 -2.44610858 -2.50137711 -2.55532360 -2.58455205 -2.60538173 -2.61256838 -2.61466002 -2.60871696 -2.59529543 -2.57738328 -2.55609846 -2.54719067 -2.52086782 -2.44885778 -2.15652537 -1.70215428 -1.21945739 -0.65393472 -0.29740867 -0.52590901 -0.56039554 -0.57648277 -0.58863258
-0.51065540 -0.51106787 -0.51448214 -0.51766926 -0.51714528 -0.52006608 -0.52116925 -0.52437389 -0.53017175 -0.53004897 -0.53041291 -0.53105593 -0.52830690 -0.52057338 -0.51585799 -0.51555645 -0.51641852 -0.51789880 -0.47481704 -0.26977181 -0.18324777 -0.10093302 -0.38637239 -1.20852292 -1.83672643 -2.17903829 -2.33888459 -2.37440729 -2.38811874 -2.43405867 -2.48387885 -2.49680495 -2.51035309 -2.49064374 -2.44492602 -2.44452453 -2.50284624 -2.56280279 -2.59481668 -2.60913587 -2.61932898 -2.62804222 -2.62417364 -2.60226440 -2.57838392 -2.56558490 -2.56344819 -2.51034856 -2.48720336 -2.19244194 -1.86620855 -1.16724944 -0.50758070 -0.31692994 -0.52544713 -0.54926491 -0.57061052 -0.58600402
-0.50837916 -0.50796109 -0.50965273 -0.51165205 -0.51228631 -0.51412702 -0.51526278 -0.51802862 -0.52293354 -0.52449900 -0.52881360 -0.52926970 -0.52571571 -0.51907378 -0.51219922 -0.50855607 -0.50967163 -0.51632154 -0.39678705 -0.29707471 -0.17494678 -0.22859028 -0.77179646 -1.66578245 -2.11159992 -2.31651402 -2.41543508 -2.43679214 -2.43086195 -2.43306327 -2.47464919 -2.48353362 -2.47017765 -2.43685842 -2.40252066 -2.42900968 -2.50335932 -2.55832696 -2.58277273 -2.59467864 -2.60241771 -2.61780143 -2.62364364 -2.61684871 -2.59977007 -2.59668469 -2.59254408 -2.50232768 -2.42042756 -2.24630928 -1.79530048 -1.00164175 -0.43203944 -0.39586928 -0.52560014 -0.54955906 -0.56445485 -0.57768375
-0.50864595 -0.50616384 -0.51007473 -0.50990391 -0.50884497 -0.50922149 -0.51002032 -0.51523834 -0.51823962 -0.51825196 -0.51988620 -0.52321035 -0.52164888 -0.51595265 -0.51104331 -0.50619102 -0.50392324 -0.50736254 -0.34637606 -0.34940442 -0.21325985 -0.40650332 -1.16651082 -1.91629469 -2.19790483 -2.31995869 -2.41884208 -2.43948197 -2.42888355 -2.40353394 -2.43856454 -2.45253754 -2.43737745 -2.39660954 -2.37824678 -2.42598844 -2.50035596 -2.54100728 -2.56232214 -2.57266808 -2.58743525 -2.60056067 -2.60160780 -2.59196758 -2.59123635 -2.58655214 -2.54012561 -2.42898297 -2.25020909 -2.15356541 -1.51051342 -0.84593701 -0.43138674 -0.46909845 -0.52900529 -0.54787445 -0.55821359 -0.57210696
-0.51080310 -0.50944263 -0.51038080 -0.50696045 -0.50560498 -0.50598258 -0.50815111 -0.51113921 -0.51069969 -0.51153654 -0.51206434 -0.51447564 -0.51617497 -0.51443303 -0.50903058 -0.50340688 -0.49808690 -0.45558897 -0.33310887 -0.30052751 -0.25461218 -0.66526550 -1.61247110 -2.12079835 -2.28747392 -2.34102750 -2.38299680 -2.42481160 -2.43832731 -2.43467855 -2.44788027 -2.47668290 -2.48384333 -2.44721580 -2.42850876 -2.46305323 -2.52650476 -2.55605698 -2.58057785 -2.59403276 -2.60491395 -2.61121130 -2.60898685 -2.59509706 -2.57886910 -2.56756353 -2.48201895 -2.40564156 -2.16596484 -1.88031578 -1.19450009 -0.69843382 -0.47396204 -0.48587695 -0.52806669 -0.54650247 -0.55927825 -0.56780171
-0.51312417 -0.51209456 -0.50785172 -0.50408846 -0.50231385 -0.50406426 -0.50723284 -0.50850815 -0.50721717 -0.50662547 -0.50845402 -0.50977302 -0.51037979 -0.51009947 -0.50814080 -0.50420046 -0.50246066 -0.39167434 -0.42199582 -0.33176205 -0.39352977 -0.96903902 -1.91053414 -2.25067329 -2.34958386 -2.36988521 -2.36331010 -2.38981223 -2.42280674 -2.45407486 -2.47297311 -2.50369644 -2.52092266 -2.48384738 -2.46309114 -2.50208879 -2.54110026 -2.57317281 -2.60456634 -2.61387610 -2.61389518 -2.61070013 -2.60725617 -2.59612989 -2.57705045 -2.55667782 -2.45462370 -2.34508920 -2.03964615 -1.67354488 -1.08735299 -0.58778077 -0.44385731 -0.50494772 -0.53190285 -0.54861486 -0.55787843 -0.56632298
-0.50822473 -0.50863004 -0.50561726 -0.49933669 -0.49762142 -0.50061494 -0.50304317 -0.50503969 -0.50536269 -0.50468570 -0.50636917 -0.50717747 -0.50745523 -0.50626183 -0.50450766 -0.50272793 -0.50422502 -0.37252545 -0.44198677 -0.33104947 -0.57067901 -1.34133768 -2.08941817 -2.31214905 -2.38292789 -2.40493131 -2.38889742 -2.38810420 -2.41250014 -2.45731854 -2.47783422 -2.49448490 -2.51420236 -2.47261882 -2.47755599 -2.52556872 -2.55262589 -2.57456207 -2.60489702 -2.61498213 -2.61135578 -2.60902691 -2.60505366 -2.59749007 -2.58222055 -2.55406260 -2.42835999 -2.24424481 -1.86821711 -1.45624793 -1.00561249 -0.47545314 -0.46130237 -0.51638198 -0.53322333 -0.54613525 -0.55858183 -0.57013577
-0.50660980 -0.50518227 -0.49802583 -0.49531022 -0.49628222 -0.49699616 -0.49847260 -0.50369340 -0.50350308 -0.50327420 -0.50498688 -0.50569373 -0.50426155 -0.50147676 -0.49943644 -0.49747622 -0.42934015 -0.36877209 -0.30392751 -0.27170575 -0.72109169 -1.67486417 -2.22851205 -2.35611534 -2.42516804 -2.46240211 -2.45630622 -2.45512962 -2.46043515 -2.48005724 -2.48702431 -2.50072956 -2.51455569 -2.48916292 -2.50053263 -2.54615331 -2.57532048 -2.59514689 -2.61314774 -2.61868119 -2.62125492 -2.62304950 -2.61815238 -2.60640430 -2.59383440 -2.56429696 -2.41057372 -2.19371867 -1.76161540 -1.37269664 -0.91264069 -0.36597961 -0.47561660 -0.51852119 -0.53433764 -0.54761136 -0.55736530 -0.56652999
-0.49661145 -0.49647179 -0.49470660 -0.49283898 -0.49507335 -0.49690828 -0.49658331 -0.49596837 -0.49842077 -0.50216496 -0.50217080 -0.50092262 -0.49813598 -0.49698073 -0.49496025 -0.48508975 -0.33700207 -0.34368500 -0.20087615 -0.34111494 -1.06945431 -1.95298493 -2.29123211 -2.38093162 -2.45691514 -2.50691462 -2.51972842 -2.50878835 -2.51971602 -2.52076817 -2.51179767 -2.51820993 -2.52224350 -2.50297499 -2.51828170 -2.55938625 -2.58962369 -2.61755395 -2.62563300 -2.62950826 -2.62712002 -2.62926960 -2.62645864 -2.61557937 -2.60492754 -2.56258392 -2.39248085 -2.08484793 -1.71771824 -1.33669281 -0.82189131 -0.27395767 -0.48653767 -0.51967955 -0.53734344 -0.54745835 -0.55435485 -0.56559241
-0.48928723 -0.49047086 -0.49057728 -0.49016374 -0.49180710 -0.49174821 -0.49080002 -0.49128821 -0.49485871 -0.49570841 -0.49520051 -0.49665573 -0.49551615 -0.49445784 -0.49137804 -0.36655471 -0.16585679 -0.03941187 -0.07073894 -0.57643878 -1.49788713 -2.09500647 -2.28692460 -2.37251210 -2.45785570 -2.51139283 -2.52777600 -2.53061676 -2.55249596 -2.55620551 -2.52491093 -2.50537086 -2.49527049 -2.49621630 -2.52089286 -2.56731510 -2.59259129 -2.61100888 -2.62102270 -2.62050414 -2.61701083 -2.61794353 -2.61104727 -2.60066772 -2.59251046 -2.53768587 -2.36017394 -1.87995911 -1.38852108 -1.11896193 -0.78882205 -0.33826289 -0.48532099 -0.51843286 -0.53681564 -0.54920447 -0.55618083 -0.56343716
-0.48533371 -0.48504999 -0.48621848 -0.48806140 -0.48689654 -0.48690525 -0.48956746 -0.48868209 -0.48909479 -0.49168563 -0.49118301 -0.49219987 -0.49281308 -0.48858353 -0.48154706 -0.25268412 -0.03703481 0.11444777 -0.10967582 -0.98237145 -1.80091786 -2.17214060 -2.31223369 -2.40154839 -2.47327757 -2.51658940 -2.53760743 -2.54422402 -2.58067179 -2.58977509 -2.55840683 -2.51937556 -2.48789978 -2.51106286 -2.55776453 -2.58590341 -2.59701014 -2.61329031 -2.62170410 -2.62518930 -2.62156796 -2.61791110 -2.61640072 -2.60422421 -2.59981275 -2.55172324 -2.40173578 -1.81619799 -1.11797583 -0.86896265 -0.77151644 -0.46218058 -0.45214146 -0.51072812 -0.53118914 -0.54382014 -0.55445224 -0.56193084
-0.48421910 -0.48325825 -0.48321524 -0.48359832 -0.48497042 -0.48512208 -0.48434252 -0.48465732 -0.48887998 -0.48899880 -0.48698035 -0.48769280 -0.48772228 -0.48352262 -0.40822658 -0.17354085 -0.10864621 -0.09624039 -0.52400380 -1.49325967 -1.98111093 -2.21290040 -2.31835461 -2.41229367 -2.46677613 -2.49819851 -2.52205467 -2.53205061 -2.55800772 -2.56296992 -2.54431462 -2.48714924 -2.44612503 -2.47969246 -2.53857732 -2.56129718 -2.57543349 -2.59524727 -2.60165524 -2.59994888 -2.59575200 -2.59437156 -2.59270906 -2.58581853 -2.57795548 -2.56678700 -2.42338634 -1.91240072 -1.22994626 -0.90826845 -0.81487662 -0.55755931 -0.41271800 -0.50495845 -0.52751303 -0.53861654 -0.54661256 -0.55523372
-0.48295209 -0.48287812 -0.48012987 -0.47906765 -0.48043615 -0.48390937 -0.48641184 -0.48583111 -0.48478362 -0.48359290 -0.48464119 -0.48425725 -0.48106778 -0.48111820 -0.37579298 -0.36735564 -0.24718967 -0.30630711 -0.92267257 -1.83879054 -2.15528655 -2.25818157 -2.33361745 -2.41385508 -2.45274830 -2.47904420 -2.49229097 -2.49307585 -2.50236893 -2.49776125 -2.48872161 -2.44095278 -2.41397071 -2.45675349 -2.50134277 -2.52808452 -2.55387282 -2.56443691 -2.56567502 -2.56132650 -2.56189513 -2.56281090 -2.55457664 -2.54684806 -2.54238009 -2.54694939 -2.45599365 -2.16557360 -1.49681008 -1.04194140 -0.88139874 -0.61985737 -0.38204390 -0.50257349 -0.52217680 -0.53288049 -0.54182893 -0.55426526
-0.47903430 -0.48055926 -0.47948912 -0.47741896 -0.47832850 -0.48529738 -0.48697266 -0.48327938 -0.48293290 -0.48393053 -0.48400491 -0.48077649 -0.47486925 -0.47472796 -0.38508493 -0.47564578 -0.41031638 -0.62603235 -1.36469042 -2.10460925 -2.27503133 -2.32058549 -2.38714290 -2.44615817 -2.47871709 -2.50336456 -2.52216339 -2.52422976 -2.51146555 -2.48316216 -2.45970654 -2.42685103 -2.43757725 -2.49400020 -2.52247977 -2.54267669 -2.56779647 -2.57399011 -2.57822227 -2.57898474 -2.57610226 -2.58123517 -2.56858587 -2.57074523 -2.56886625 -2.58059907 -2.54173589 -2.36941409 -1.75187612 -1.31110835 -1.00955510 -0.61171025 -0.33478549 -0.48858684 -0.51905215 -0.53302270 -0.54283714 -0.54944068
-0.47727537 -0.48027098 -0.47608265 -0.47549200 -0.47837809 -0.48287609 -0.48514259 -0.48726526 -0.48639831 -0.48451066 -0.48314095 -0.47849485 -0.47217265 -0.47814682 -0.51208121 -0.53636897 -0.48089048 -0.78851259 -1.62854970 -2.23092270 -2.33180690 -2.37281251 -2.41957641 -2.46453094 -2.49662232 -2.52137637 -2.55056429 -2.55485916 -2.52974105 -2.50026894 -2.47504544 -2.44100428 -2.46391582 -2.51493263 -2.54019046 -2.56050611 -2.58485413 -2.59244990 -2.59806943 -2.59208632 -2.58759356 -2.59148264 -2.59163332 -2.59313345 -2.59793806 -2.61528754 -2.57645273 -2.42692471 -1.95403624 -1.56274140 -1.12435973 -0.59458923 -0.29342875 -0.48582301 -0.51788843 -0.53082222 -0.53905553 -0.54478163
-0.47371301 -0.47505355 -0.47497135 -0.47356090 -0.47417369 -0.48073795 -0.48416525 -0.48611057 -0.48604754 -0.48634106 -0.47965863 -0.47303659 -0.47007987 -0.49680603 -0.60010636 -0.66050106 -0.67686927 -0.98482001 -1.80107725 -2.29171968 -2.34903693 -2.37678266 -2.41498375 -2.46041870 -2.49686503 -2.53166819 -2.55645108 -2.56809998 -2.55213737 -2.53287959 -2.49400902 -2.45614004 -2.46375847 -2.50603271 -2.54705954 -2.58256555 -2.59587932 -2.60255003 -2.59838295 -2.59386778 -2.58865023 -2.58941984 -2.58671355 -2.58782697 -2.59738755 -2.60383940 -2.55748129 -2.36623764 -2.03759408 -1.67622852 -1.18406928 -0.60491174 -0.28304726 -0.48135200 -0.51456523 -0.52703261 -0.53875673 -0.54686147
-0.46944758 -0.46993953 -0.46880636 -0.46863237 -0.47174793 -0.47633576 -0.47842720 -0.48019433 -0.48124948 -0.47952878 -0.47314289 -0.46911737 -0.46608400 -0.50125510 -0.63178807 -0.70223892 -0.76927793 -1.08854663 -1.91912031 -2.31547666 -2.35719013 -2.36920309 -2.40585971 -2.45946670 -2.50260973 -2.53691936 -2.55944562 -2.56911922 -2.56300282 -2.53804994 -2.49642110 -2.46854115 -2.46752191 -2.50241375 -2.54740620 -2.58338404 -2.60579824 -2.60643911 -2.60052204 -2.58892918 -2.57735491 -2.57341194 -2.56960869 -2.57821059 -2.59622884 -2.59502721 -2.51733375 -2.32953429 -2.04628015 -1.70943868 -1.24173021 -0.58752954 -0.28823563 -0.48200491 -0.51097417 -0.52176636 -0.53193611 -0.53862786
-0.46313232 -0.46382573 -0.46444789 -0.46382186 -0.46764162 -0.46991637 -0.47303951 -0.47628656 -0.47633615 -0.47403514 -0.46829951 -0.46395376 -0.46241927 -0.49800399 -0.59123534 -0.63286400 -0.70028174 -1.08642459 -1.99855113 -2.30912161 -2.33796597 -2.36004663 -2.39936209 -2.45555902 -2.49956727 -2.52328467 -2.53708887 -2.54008794 -2.53848386 -2.52275872 -2.49560809 -2.47646666 -2.46491528 -2.49661946 -2.53668880 -2.57228208 -2.60059619 -2.59973216 -2.58577490 -2.57413435 -2.56573105 -2.55364442 -2.55902243 -2.56841397 -2.58364606 -2.56238580 -2.44978595 -2.27178812 -1.93845057 -1.54724455 -1.14869642 -0.57811350 -0.36361814 -0.49498069 -0.51343960 -0.52115417 -0.52753603 -0.53567278
-0.46116179 -0.46421304 -0.46358573 -0.46221995 -0.46569434 -0.46984127 -0.47543675 -0.47931820 -0.47804841 -0.47526816 -0.47014338 -0.46590918 -0.46171138 -0.48522553 -0.55726177 -0.57015985 -0.62292141 -1.08488131 -2.05746531 -2.30492043 -2.33417916 -2.36908102 -2.41800070 -2.47236633 -2.51818132 -2.53181076 -2.53324556 -2.53050232 -2.53154469 -2.53127217 -2.52468395 -2.50801826 -2.50055528 -2.51726627 -2.54582310 -2.57270074 -2.59252644 -2.58101130 -2.57343888 -2.57427740 -2.56671000 -2.56626582 -2.58747363 -2.60320854 -2.60702634 -2.55950880 -2.40810013 -2.14125323 -1.71844494 -1.29334784 -1.10264719 -0.62486917 -0.42808846 -0.49882686 -0.52006209 -0.53208780 -0.53787261 -0.54242200
-0.46108907 -0.46581051 -0.46395543 -0.46147805 -0.46486789 -0.47016719 -0.47550756 -0.47817039 -0.47822583 -0.47971264 -0.47546548 -0.46961203 -0.46648139 -0.49546191 -0.59221268 -0.61193711 -0.65529925 -1.11753440 -2.10432506 -2.31866312 -2.36062789 -2.40034461 -2.44679856 -2.49474096 -2.53003097 -2.54126287 -2.54660153 -2.56037879 -2.55109191 -2.54286170 -2.54053712 -2.53407931 -2.52648044 -2.51101327 -2.52363706 -2.55821037 -2.57850337 -2.56471086 -2.56450748 -2.56888175 -2.56603432 -2.58182216 -2.60776806 -2.62717652 -2.62318873 -2.57272553 -2.37494469 -2.05749059 -1.54989791 -1.24168181 -1.10976446 -0.60252070 -0.43269330 -0.50734019 -0.52675396 -0.54082370 -0.54589838 -0.54893464
-0.45801723 -0.46132568 -0.45921996 -0.45832226 -0.45955598 -0.46248898 -0.46460831 -0.47113818 -0.47312495 -0.47555873 -0.47374025 -0.47097448 -0.46678650 -0.54722965 -0.68066019 -0.69318074 -0.72606128 -1.17794204 -2.15328217 -2.33524966 -2.38808227 -2.42232132 -2.46025825 -2.50139189 -2.53665495 -2.55260968 -2.56453657 -2.57753468 -2.57085323 -2.55442429 -2.52339292 -2.50454211 -2.49336123 -2.47449493 -2.48035216 -2.52112150 -2.54862547 -2.54848528 -2.54797721 -2.55011606 -2.55240107 -2.58122110 -2.60152459 -2.61146259 -2.59291101 -2.53010893 -2.35721493 -2.06464982 -1.56332517 -1.27916801 -1.08894730 -0.54660612 -0.45829120 -0.50819755 -0.52577066 -0.54249477 -0.54721910 -0.54797906
-0.45070764 -0.45226413 -0.45354915 -0.45369035 -0.45200643 -0.45427728 -0.45453438 -0.45767108 -0.46201313 -0.46794298 -0.46873257 -0.46443486 -0.46466091 -0.58892578 -0.79320085 -0.87640578 -0.90040028 -1.25420988 -2.16741419 -2.35721898 -2.39419365 -2.42614937 -2.45054293 -2.48282385 -2.51411080 -2.54225659 -2.56836748 -2.58377290 -2.57976341 -2.55216599 -2.52027893 -2.49760532 -2.47687364 -2.45643306 -2.47117591 -2.50565982 -2.52632856 -2.53836679 -2.53809810 -2.54279232 -2.55316782 -2.57674479 -2.59370255 -2.60529542 -2.55890727 -2.48507881 -2.35578585 -2.04800916 -1.47615528 -1.25758994 -1.05175388 -0.55343926 -0.47097647 -0.50819081 -0.52439791 -0.53870296 -0.54572219 -0.54670399
-0.44160721 -0.44343561 -0.44408703 -0.44507191 -0.44549668 -0.44507813 -0.44395489 -0.44672379 -0.45181406 -0.45851216 -0.45955685 -0.45387328 -0.45496807 -0.57801938 -0.88466001 -1.05166519 -1.12779593 -1.35576785 -2.12113190 -2.40254498 -2.42426157 -2.43942356 -2.45158768 -2.46717334 -2.48961759 -2.51942873 -2.54428554 -2.56825185 -2.57970166 -2.56905103 -2.55098605 -2.52591014 -2.49580336 -2.47335649 -2.49463058 -2.52249336 -2.53207588 -2.54086399 -2.55449581 -2.56514573 -2.56996894 -2.58839583 -2.60701942 -2.59404922 -2.55630040 -2.50230169 -2.38376832 -2.14415216 -1.64551818 -1.36543310 -1.01165032 -0.47291890 -0.46799374 -0.50746578 -0.51926750 -0.53059673 -0.53957510 -0.54165322
-0.43305942 -0.43159851 -0.43443039 -0.43663803 -0.43689761 -0.43673888 -0.43694288 -0.43825817 -0.44219750 -0.44873846 -0.45154515 -0.44926405 -0.44997284 -0.53877389 -0.87813509 -1.15100193 -1.27411413 -1.41630876 -1.95292091 -2.38266683 -2.40632510 -2.40157676 -2.41206932 -2.43207836 -2.45742512 -2.47232366 -2.48343444 -2.50072598 -2.51262355 -2.51711082 -2.50837064 -2.49067616 -2.45857239 -2.45435643 -2.47846532 -2.50807428 -2.52059293 -2.52263117 -2.53302574 -2.55174708 -2.56823826 -2.57617044 -2.57188106 -2.54466748 -2.50784302 -2.50595617 -2.31084704 -2.19272757 -1.90156257 -1.51077390 -0.97022593 -0.37659454 -0.48633048 -0.50875825 -0.51959419 -0.52812451 -0.53742486 -0.54219395
-0.43232343 -0.44070828 -0.42303720 -0.40303099 -0.40388864 -0.41864213 -0.42868662 -0.43322381 -0.43917584 -0.44223320 -0.45108053 -0.45229918 -0.41437924 -0.45457467 -0.75502276 -1.15510726 -1.33840859 -1.41038036 -1.69514930 -2.23057246 -2.35765409 -2.35644650 -2.37238288 -2.39831758 -2.42360473 -2.43496919 -2.43919301 -2.43633819 -2.43171287 -2.42682147 -2.41531014 -2.39457536 -2.38292933 -2.40435791 -2.41925979 -2.43907809 -2.46461630 -2.46789145 -2.46864367 -2.48197889 -2.51116371 -2.51987624 -2.52377510 -2.49085116 -2.43689251 -2.44652295 -2.22771430 -2.07891035 -1.84971750 -1.47538495 -0.91229242 -0.36486736 -0.49543774 -0.51397419 -0.52471840 -0.53395140 -0.53876060 -0.54245746
-0.37176728 -0.35857722 -0.37248066 -0.38755476 -0.39468789 -0.35560745 -0.36500284 -0.39553478 -0.35374972 -0.25317350 -0.12231375 -0.04930925 -0.07856517 -0.16698276 -0.43111253 -0.99751043 -1.39028060 -1.48511386 -1.62085867 -2.02592397 -2.37061357 -2.40068603 -2.41334081 -2.43138242 -2.44732332 -2.45464134 -2.45610404 -2.45391464 -2.44137001 -2.43777966 -2.42806196 -2.41964912 -2.41503334 -2.42300820 -2.41140962 -2.41405582 -2.44886494 -2.46031260 -2.47090411 -2.47195196 -2.49533343 -2.51353526 -2.53093147 -2.49979115 -2.43829083 -2.39264297 -2.30317211 -2.03580928 -1.59300756 -1.21703660 -0.75740844 -0.43573397 -0.50254232 -0.51911312 -0.52553785 -0.53391910 -0.54094476 -0.54799020
0.53771466 0.68160516 0.23270780 -0.30807939 -0.43208647 -0.32712728 -0.01691603 0.30813280 0.57330519 0.71430916 0.81790060 0.86243778 0.79709291 0.73974705 0.52221805 -0.16018742 -1.10672140 -1.69897652 -1.83962536 -1.93475914 -2.30858850 -2.45413613 -2.46841383 -2.48300385 -2.49103522 -2.48828840 -2.48387337 -2.48768377 -2.47840595 -2.47250223 -2.46467900 -2.45844984 -2.47686291 -2.46739721 -2.44668865 -2.44294429 -2.47112298 -2.48222184 -2.49311090 -2.50553918 -2.52236652 -2.54854250 -2.55705404 -2.51588273 -2.46392536 -2.31624866 -2.29424214 -2.06487370 -1.50856590 -1.10164690 -0.55992264 -0.45895919 -0.50332326 -0.51847953 -0.52577072 -0.53415722 -0.53906435 -0.54359269
1.23792124 1.42015588 0.98369038 0.54123491 0.23534605 0.33504009 0.72940928 1.02572012 1.14135087 1.07753682 0.90606481 0.77784675 0.75319761 0.88905060 0.95856571 0.64225024 -0.19507131 -1.16621733 -1.84014940 -2.15370679 -2.30652308 -2.48572040 -2.50882196 -2.52073312 -2.52126551 -2.51446915 -2.51021791 -2.51023912 -2.50980830 -2.50605893 -2.49740458 -2.48587036 -2.49208784 -2.47528410 -2.44811988 -2.45937133 -2.48484850 -2.49409151 -2.50651813 -2.53170347 -2.54259181 -2.56457114 -2.56015635 -2.52136922 -2.48727989 -2.30214477 -2.16036439 -1.87487471 -1.42993820 -1.05848980 -0.43258670 -0.46736410 -0.50830019 -0.52133602 -0.52344048 -0.52922440 -0.53717846 -0.53850681
0.18266851 -0.12229371 -0.04815077 0.47035912 0.86784327 0.95342827 0.70685410 0.30722845 -0.24088779 -0.57400858 -0.77987462 -0.92735034 -0.98678768 -0.88471025 -0.68748575 -0.32129407 -0.33244860 -0.60534680 -1.37708962 -2.07757688 -2.37963510 -2.47817302 -2.48660707 -2.49813581 -2.49356914 -2.49200606 -2.49135518 -2.49770212 -2.50191712 -2.49651623 -2.48395324 -2.47073364 -2.44759107 -2.40359330 -2.38222432 -2.42289114 -2.45170188 -2.46861243 -2.48637176 -2.51223111 -2.51606441 -2.52543736 -2.53702903 -2.53100586 -2.47384381 -2.39769173 -2.11864281 -1.68666863 -1.27775097 -0.87164474 -0.39698088 -0.48811758 -0.50967169 -0.51859719 -0.52650440 -0.53410721 -0.53812695 -0.53854585
-0.72137552 -1.27143466 -1.32539439 -0.93604982 -0.60255134 -0.59270030 -0.76456648 -1.12595093 -1.41956294 -1.57808185 -1.70616651 -1.82008111 -1.94561768 -1.98328614 -1.95189965 -1.69664931 -1.37075639 -1.27809691 -1.50248790 -1.95824993 -2.33200884 -2.44661188 -2.45678616 -2.47300839 -2.46803594 -2.47214317 -2.47913027 -2.49460816 -2.50039101 -2.48657560 -2.46013999 -2.44791865 -2.41525459 -2.37136531 -2.35174036 -2.40209985 -2.43580341 -2.45268273 -2.46176362 -2.47918153 -2.48229456 -2.48720956 -2.52092957 -2.53316760 -2.54333663 -2.64374447 -2.44569516 -1.71386278 -1.06137836 -0.58484375 -0.39582413 -0.49590579 -0.51017922 -0.51931059 -0.52693182 -0.53698564 -0.54066724 -0.53952986
-0.95001256 -1.82241368 -2.34197497 -2.24575686 -2.03141570 -1.80357933 -1.67101467 -1.76939058 -1.94035816 -2.07352686 -2.17174459 -2.24534011 -2.28338575 -2.32038069 -2.42115998 -2.46867776 -2.33797526 -2.20098639 -2.08239698 -2.15880871 -2.33018208 -2.43438649 -2.45232010 -2.46562099 -2.46847606 -2.47109437 -2.47988677 -2.51019573 -2.54011822 -2.51250052 -2.45182896 -2.42745233 -2.41145754 -2.39138889 -2.38635802 -2.42267966 -2.44813991 -2.45882177 -2.47415352 -2.49560928 -2.49130774 -2.49736714 -2.47736454 -2.42452431 -2.71918392 -2.83342791 -2.57885242 -1.54741979 -0.77337688 -0.42299163 -0.42782834 -0.50203735 -0.51127833 -0.51595914 -0.52490503 -0.53764939 -0.54361278 -0.54341328
-1.14724886 -1.71521258 -2.20075583 -2.30927730 -2.29761028 -2.22331166 -2.17019987 -2.17799091 -2.25950718 -2.33792019 -2.41514993 -2.42616320 -2.39779258 -2.37980723 -2.39455748 -2.42036676 -2.45677686 -2.43277407 -2.42401600 -2.39680052 -2.42412710 -2.45066118 -2.45996332 -2.46510935 -2.46329641 -2.46257496 -2.45426297 -2.47094512 -2.50281787 -2.49141002 -2.43610764 -2.39448333 -2.39671445 -2.40442944 -2.40598512 -2.42500544 -2.44636822 -2.46038437 -2.47357678 -2.48560190 -2.50387454 -2.50925589 -2.43211222 -2.36323738 -2.32830429 -2.25189376 -1.95511413 -1.18143237 -0.63062644 -0.50916785 -0.45030767 -0.49895200 -0.51321709 -0.52037954 -0.52404642 -0.53323072 -0.54305363 -0.54124612
-1.53933191 -1.76090908 -1.96630895 -2.10953307 -2.15071869 -2.20307660 -2.28299403 -2.34669447 -2.49856687 -2.73177552 -2.94875574 -2.97069550 -2.85462809 -2.79490232 -2.76723671 -2.75913763 -2.75624967 -2.74542785 -2.73513293 -2.74628806 -2.72481871 -2.69907761 -2.70735955 -2.72632074 -2.74008632 -2.72090721 -2.66259551 -2.62355876 -2.59715605 -2.59169436 -2.53890872 -2.48406482 -2.44939947 -2.44363284 -2.49200177 -2.56615162 -2.56386709 -2.54857183 -2.52558041 -2.50925899 -2.50540400 -2.50454712 -2.48859334 -2.31756711 -1.57460392 -1.27604127 -1.22084975 -1.04190278 -0.62791002 -0.41906977 -0.43206328 -0.46531311 -0.47733557 -0.48146290 -0.48470423 -0.49607041 -0.50365627 -0.50269264
-2.13498759 -2.34306765 -2.27196074 -2.28880882 -2.29760504 -2.37573743 -2.46937585 -2.75405955 -2.97003222 -3.00041366 -3.02615237 -3.01930571 -2.93733525 -2.91860533 -2.93054128 -2.96571922 -2.99867463 -3.01584649 -3.02574062 -3.06650567 -3.04022408 -3.02869415 -3.02727270 -3.05346441 -3.08286619 -3.06875157 -3.05410957 -3.04298162 -3.02262211 -2.99579954 -2.93147063 -2.89244652 -2.72416353 -2.69278336 -2.78688931 -2.95117760 -2.98091125 -2.91271234 -2.87565875 -2.80585694 -2.71020818 -2.65221763 -2.68196225 -2.47209048 -1.98919618 -1.46200073 -0.88250142 -0.61651736 -0.35951117 -0.30114865 -0.35626572 -0.37603197 -0.38627398 -0.36080372 -0.36552280 -0.37014028 -0.38681251 -0.38277179
