-0.35371917 -0.35874033 -0.58369952 -0.64130670 -0.53833526 -0.48886853 -0.55968344 -0.40167287 -0.27938703 -0.22891372 -0.29964307 -0.41789368 -0.43710595 -0.27553618 -0.25178468 -0.41044328 -0.32644621 -0.30221951 -0.37054071 -0.37825891 -0.39278972 -0.39591381 -0.39779377 -0.39628345 -0.39792073 -0.39736074 -0.39476955 -0.39453414 -0.39375362 -0.39836067 -0.39491382 -0.39159536 -0.38959488 -0.38898912 -0.38949376 -0.38981664 -0.38660336 -0.38526070 -0.38340020 -0.36664531 0.11031631 0.04360729 -0.46444571 -1.13737011 -2.03638148 -2.92255163 -3.13994288 -2.11789799 -0.68004459 0.22551212 0.54400641 0.50841546 0.41539776 0.42750746 0.10104197 -0.97300595 -2.51211596 -2.87345529
-0.41870654 -0.64347887 -0.92656398 -1.13832951 -1.07243741 -0.98675346 -1.02517939 -0.84316349 -0.53542674 -0.26029074 -0.35230657 -0.37663558 -0.35307616 -0.20730528 -0.29805997 -0.44888258 -0.36668479 -0.35595873 -0.26626632 -0.33256194 -0.39188710 -0.39401904 -0.39579749 -0.39542863 -0.39563110 -0.39558738 -0.39344797 -0.39401174 -0.39552143 -0.39357284 -0.39202353 -0.38997847 -0.39059207 -0.38784361 -0.38660482 -0.38511249 -0.38348764 -0.38121447 -0.37460026 -0.18672933 0.05249273 -0.07086346 -0.24712621 -0.74691927 -1.20907962 -1.88705301 -2.55836439 -2.76082754 -2.15558863 -1.33691740 -0.86389047 -0.79760915 -0.82898545 -1.05938017 -1.65424681 -2.58932257 -3.26633024 -3.00586772
-0.47320008 -0.72007704 -0.87755871 -1.17032433 -1.07439232 -0.75483662 -1.00116515 -1.11480045 -1.09794712 -1.03037179 -0.80729842 -0.84486240 -0.81888038 -0.72569191 -0.75477785 -0.92946976 -0.87794912 -0.70355386 -0.29630378 -0.36628732 -0.39094928 -0.39330098 -0.39438206 -0.39475676 -0.39355606 -0.39508262 -0.39447048 -0.39509785 -0.39200184 -0.39208594 -0.39007652 -0.39086458 -0.38909054 -0.38699216 -0.38419095 -0.38307354 -0.38106379 -0.37493342 -0.29568276 -0.00091615 -0.00740363 -0.20475975 -0.48065156 -0.81603974 -0.93985903 -1.24862707 -1.81517017 -2.38631582 -2.70165062 -2.59395933 -2.43361402 -2.29666424 -2.46181011 -2.63253570 -2.73399496 -2.80492973 -3.01253986 -2.63808441
-0.43586415 -0.74580079 -0.79490680 -0.97106463 -0.72820520 -0.57856083 -0.78394091 -1.14271772 -1.41553557 -1.34039044 -1.05716276 -1.19303262 -1.30002952 -1.10308444 -1.06110859 -1.63655567 -1.44048417 -1.08969271 -0.67674273 -0.47305816 -0.39343494 -0.39290914 -0.39426810 -0.39309391 -0.39436945 -0.39666182 -0.39563736 -0.39475349 -0.39432281 -0.39340439 -0.39343137 -0.39117697 -0.38778532 -0.38577217 -0.38488960 -0.38425213 -0.38015711 -0.37599492 -0.11512344 0.19698896 -0.15896477 -0.52289981 -1.01890266 -1.26088583 -1.10576320 -1.13985801 -1.41684628 -1.85221756 -2.28321314 -2.58443880 -2.64644909 -2.55794597 -2.47434163 -2.22941446 -2.34682393 -2.62365413 -2.60205412 -2.14719844
-0.44805565 -0.73412102 -0.58766174 -1.05423033 -1.02806830 -1.37519217 -1.17157865 -1.26867330 -1.05522156 -1.13963175 -1.13760078 -1.18250608 -1.12376416 -0.94410104 -1.30040586 -1.63855207 -1.72205079 -1.32289279 -0.78706121 -0.47659624 -0.39172599 -0.39119363 -0.39411098 -0.39241266 -0.39319584 -0.39219889 -0.39151919 -0.38963601 -0.39042014 -0.39085194 -0.38873950 -0.38831332 -0.38474053 -0.38335362 -0.38182065 -0.38038424 -0.37355292 -0.23956537 0.08644539 0.14312966 -0.29928651 -0.82642025 -1.66539025 -1.70988965 -1.51995039 -1.39832926 -1.46075809 -1.56659222 -1.71949673 -1.80206442 -1.85930908 -1.79074323 -1.67809033 -1.74654484 -2.13817334 -2.63499713 -2.23189068 -1.63986444
-0.39338160 -0.53510284 -0.43899575 -0.67456764 -0.72577900 -1.38317013 -0.87453443 -0.71027708 -0.27659103 -0.73808998 -0.49067837 -0.55409831 -0.45371532 -0.54709929 -0.86269623 -1.07850039 -1.01136792 -0.81347060 -0.48998919 -0.40683419 -0.39065221 -0.39089927 -0.38968650 -0.39047578 -0.39226297 -0.39059106 -0.38977677 -0.38706174 -0.38618696 -0.38433185 -0.38364106 -0.38112292 -0.38169032 -0.37805718 -0.37530440 -0.37498599 -0.27545780 -0.05516955 0.12630132 -0.06139386 -0.49548230 -1.30486810 -1.83275747 -1.85546196 -1.76527035 -1.72409642 -1.68266344 -1.69556034 -1.70299387 -1.69864285 -1.65370166 -1.55239654 -1.48385143 -1.57162201 -2.09578300 -2.74609089 -2.18878245 -1.11700022
-0.43267033 -0.42374486 -0.39668122 -0.48156419 -0.57135755 -0.68340075 -0.23073129 -0.14001450 -0.06428486 -0.47900134 -0.16676842 -0.09771001 -0.23249356 -0.37326100 -0.41180325 -0.42889860 -0.24935740 -0.17079608 -0.37611488 -0.45223325 -0.39319304 -0.39215040 -0.39039609 -0.39092818 -0.39014933 -0.39103547 -0.39080462 -0.38940981 -0.38679227 -0.38418901 -0.38106999 -0.38056913 -0.37632242 -0.37297893 -0.35266581 -0.28037006 -0.11949497 0.20441470 0.12876253 -0.29573339 -1.04076195 -1.80492043 -1.83994496 -1.82459021 -1.79673338 -1.79420006 -1.75485516 -1.72699749 -1.71607006 -1.72985017 -1.73300898 -1.66556931 -1.54477787 -1.55311680 -1.99288833 -2.63719130 -2.44778824 -1.27864432
-0.41369751 -0.39258689 -0.47654602 -0.43270352 -0.39876699 -0.38773239 -0.24641815 -0.39051965 -0.22456366 -0.48811302 -0.24057551 -0.31880209 -0.33172134 -0.45353833 -0.41154841 -0.28798521 -0.22301036 -0.22067791 -0.48390970 -0.47265214 -0.39649451 -0.39578557 -0.39598361 -0.39545435 -0.39113358 -0.39157534 -0.38886967 -0.38855031 -0.38707611 -0.38476253 -0.38107839 -0.37920725 -0.37150344 -0.28631678 -0.21053261 -0.09112114 0.17149128 0.44158119 -0.03624449 -0.79615438 -1.62425554 -1.75146234 -1.70117950 -1.68898892 -1.66639543 -1.70935988 -1.79285574 -1.76598144 -1.66584313 -1.82792616 -1.94871902 -1.90542102 -1.61206269 -1.53372574 -1.79435718 -2.42290568 -2.72900462 -1.80069053
-0.38614684 -0.41218150 -0.43215087 -0.37118861 -0.31032807 -0.34523249 -0.40912038 -0.44212133 -0.36373258 -0.50373667 -0.36739686 -0.40299883 -0.40872556 -0.47491232 -0.37510031 -0.38919178 -0.33211583 -0.41601813 -0.50453907 -0.41407642 -0.39550430 -0.39661440 -0.39635456 -0.39420611 -0.39178509 -0.38971826 -0.39019680 -0.38801485 -0.38697109 -0.38370112 -0.38326088 -0.37655270 -0.25487149 -0.15170227 -0.22757582 -0.16617954 0.04146297 -0.33656526 -1.09215891 -1.62944353 -1.75946641 -1.64042628 -1.61686969 -1.62380862 -1.60775137 -1.87309599 -2.25128770 -2.16817236 -1.71613109 -1.68131101 -1.94826555 -1.95002794 -1.85211754 -1.81906903 -1.93849456 -2.41006470 -2.93468642 -2.23516512
-0.37667140 -0.38698107 -0.39370707 -0.36448786 -0.35742414 -0.38820526 -0.42578223 -0.39643365 -0.39425740 -0.39951038 -0.39474973 -0.40619254 -0.40863147 -0.41356009 -0.39270192 -0.38393107 -0.39097407 -0.41880009 -0.40118712 -0.39667475 -0.39538884 -0.39547521 -0.39260840 -0.39039442 -0.38944235 -0.39016706 -0.38809526 -0.38544109 -0.38546529 -0.38291028 -0.37839150 -0.29044148 -0.11059336 -0.11012425 -0.25260234 -0.53843021 -1.18369186 -1.86565197 -2.06790590 -1.94192529 -1.72718108 -1.62661386 -1.64766288 -1.65050447 -1.69952106 -2.07027388 -2.62920833 -2.27483654 -1.15888035 -0.46080634 -0.76317042 -1.40782547 -1.98408282 -2.19739842 -2.02103686 -2.20370889 -2.83843756 -2.17441416
-0.37264100 -0.37567979 -0.37738502 -0.37715849 -0.38048929 -0.38097331 -0.38055059 -0.38349277 -0.38431263 -0.38560855 -0.38599986 -0.38806540 -0.39258912 -0.39041570 -0.39055994 -0.39100114 -0.38990939 -0.39279762 -0.39295048 -0.39255005 -0.39324409 -0.39241681 -0.39311853 -0.39065164 -0.39038152 -0.38825613 -0.38411471 -0.38360110 -0.37902069 -0.37682387 -0.37407055 -0.13026290 0.02366962 -0.14422253 -0.64882362 -1.45966589 -2.21900296 -2.21223974 -1.96710050 -1.80565238 -1.67989612 -1.65941143 -1.66773427 -1.67969251 -1.74875927 -2.04181004 -2.44053340 -2.21570873 -0.90821844 0.30333266 0.20040300 -0.91517615 -1.98577487 -2.00429368 -1.57093918 -1.37240422 -1.76574183 -1.69103563
-0.37568301 -0.37527141 -0.37762207 -0.38053757 -0.38091516 -0.38060173 -0.38271812 -0.38415569 -0.38676029 -0.38560748 -0.38731855 -0.38966364 -0.38902509 -0.39025247 -0.38939801 -0.39012691 -0.39096981 -0.39146879 -0.39093089 -0.39119056 -0.39027110 -0.39145443 -0.39135122 -0.39062631 -0.38805780 -0.38738608 -0.38543096 -0.38099295 -0.37635678 -0.37521657 -0.27792689 0.05397188 0.04536938 -0.35596004 -1.09797251 -1.73809683 -1.85650754 -1.73599529 -1.61688888 -1.55085123 -1.53104818 -1.52966189 -1.54935741 -1.57114983 -1.65521610 -1.80295050 -1.82714462 -1.93958104 -1.54689968 -0.86695576 -0.79637241 -1.15908897 -1.81955957 -1.75343990 -1.53320968 -1.23182678 -1.57434046 -1.67365468
-0.37552291 -0.37826070 -0.38077408 -0.38110316 -0.38260320 -0.38133922 -0.38461819 -0.38693851 -0.38636822 -0.38705522 -0.38907138 -0.38829246 -0.38854724 -0.38740158 -0.38936388 -0.38954389 -0.39058062 -0.39165524 -0.38909224 -0.38844487 -0.39020753 -0.39107004 -0.39106110 -0.38738033 -0.38756180 -0.38643080 -0.38343796 -0.37893000 -0.37734175 -0.37714392 -0.06046952 0.13737626 -0.15819094 -0.68535233 -1.19080138 -1.64528704 -1.60892510 -1.52310729 -1.50044763 -1.49982369 -1.50911832 -1.51886714 -1.52604938 -1.54505432 -1.67361414 -1.61192954 -1.49796641 -1.72618759 -2.04630756 -2.16110563 -1.97565007 -1.73843479 -1.66060662 -1.56814623 -1.92113900 -2.21530294 -2.48266268 -1.85308635
-0.37537447 -0.37830982 -0.38138717 -0.38114145 -0.38119316 -0.38322410 -0.38453135 -0.38508075 -0.38805875 -0.38867041 -0.38951871 -0.38905883 -0.38985941 -0.39055392 -0.38829830 -0.38810724 -0.38881084 -0.38715824 -0.38709939 -0.38882199 -0.38799787 -0.38641128 -0.38555270 -0.38399699 -0.38173404 -0.37990421 -0.37807137 -0.37609330 -0.37256134 -0.25598460 0.16333798 0.09972134 -0.31048277 -0.83604878 -1.52071691 -1.63951850 -1.59265554 -1.62238228 -1.61990666 -1.62469482 -1.63543999 -1.64274108 -1.64296496 -1.65361035 -1.69286954 -1.69850779 -1.56628382 -1.65696371 -2.01236701 -2.17079449 -2.05545902 -1.90531158 -1.63578606 -1.81762695 -2.43087530 -2.94939137 -2.81291819 -1.87352395
-0.37806296 -0.37976176 -0.37928367 -0.38139752 -0.38239518 -0.38313425 -0.38480061 -0.38738793 -0.38762045 -0.39003205 -0.38777885 -0.39163458 -0.39192069 -0.39086300 -0.38945970 -0.38796332 -0.38817653 -0.38645950 -0.38553959 -0.38762125 -0.38479820 -0.38378614 -0.38246092 -0.38105187 -0.37824750 -0.37466434 -0.37214142 -0.37057015 -0.35851830 -0.03995520 0.17279127 -0.13336253 -0.53913248 -1.17202973 -1.56102204 -1.60868037 -1.63707101 -1.66557693 -1.68351197 -1.69811988 -1.71559620 -1.70616043 -1.70520294 -1.71090126 -1.72176337 -1.71662188 -1.67680442 -1.65568066 -1.62310791 -1.70111096 -1.80183887 -1.77872980 -1.70934200 -1.92477763 -2.36378622 -2.81013989 -2.42329216 -1.46629870
-0.38124445 -0.38137639 -0.38238761 -0.38551143 -0.38428941 -0.38351789 -0.38730401 -0.38945654 -0.38801637 -0.38846993 -0.38943669 -0.39047393 -0.39181811 -0.39226010 -0.39024052 -0.38986817 -0.38864002 -0.38838434 -0.38646758 -0.38480553 -0.38580376 -0.38312146 -0.38261172 -0.38190520 -0.37890360 -0.37497157 -0.37144664 -0.34697104 -0.19686764 0.16947776 0.13888417 -0.15243465 -0.72770441 -1.48054719 -1.58830988 -1.57168484 -1.60799146 -1.64145839 -1.65720713 -1.67248714 -1.68010592 -1.67053926 -1.67265010 -1.68428493 -1.69941974 -1.70755911 -1.68158424 -1.62481213 -1.59308255 -1.60681725 -1.63806653 -1.65125489 -1.70026088 -1.97309780 -2.40386176 -2.57718158 -1.90902579 -1.03714621
-0.38187408 -0.38238043 -0.38614804 -0.38479730 -0.38428354 -0.38498172 -0.38888115 -0.38880157 -0.39010125 -0.39046711 -0.39046940 -0.39255682 -0.39266723 -0.39032584 -0.38902465 -0.38902399 -0.39073357 -0.38905698 -0.38635588 -0.38733813 -0.38486749 -0.38267142 -0.38043600 -0.37927687 -0.37423250 -0.37403446 -0.34746018 -0.19137208 -0.06764250 0.10276669 -0.01183575 -0.39176098 -1.23922992 -1.59025836 -1.59633040 -1.62484396 -1.64191878 -1.65072048 -1.66674030 -1.67894912 -1.68171871 -1.67597723 -1.66865373 -1.67171574 -1.69037306 -1.71391439 -1.69815803 -1.63775468 -1.58671963 -1.59092236 -1.65006089 -1.71762419 -1.87372410 -2.20796466 -2.69262147 -2.66328907 -1.80441117 -0.90439373
-0.38126659 -0.38180381 -0.38288856 -0.38344407 -0.38535360 -0.38566965 -0.38819909 -0.39019579 -0.39113456 -0.39212480 -0.39308885 -0.39104992 -0.39135191 -0.38677421 -0.38449752 -0.38706499 -0.38683870 -0.38691249 -0.38595825 -0.38514563 -0.38392001 -0.37995297 -0.37824699 -0.37431625 -0.37426451 -0.35058197 -0.19235983 -0.10553396 0.05448537 -0.08982456 -0.56824762 -1.27118611 -1.77126622 -1.63342893 -1.61867714 -1.67263544 -1.67290354 -1.65817773 -1.66752350 -1.69458592 -1.71072757 -1.70110333 -1.68832946 -1.68831897 -1.69884372 -1.71404123 -1.73746479 -1.71153617 -1.67313099 -1.72205162 -1.84627795 -2.03343678 -2.26976037 -2.46528602 -2.76473117 -2.46827674 -1.60029244 -0.75739795
-0.37914124 -0.38060412 -0.38189420 -0.38655958 -0.38558656 -0.38778242 -0.38835698 -0.38908446 -0.39244467 -0.38986570 -0.39094734 -0.39146513 -0.38906687 -0.38689682 -0.38651064 -0.38591719 -0.38690391 -0.38427123 -0.38352725 -0.38181970 -0.38195473 -0.37926331 -0.37325367 -0.37191951 -0.33158734 -0.19867359 -0.07827554 0.07377966 -0.04026873 -0.75270808 -1.48196161 -2.02377892 -1.76146185 -1.59055543 -1.59765518 -1.64414907 -1.66163301 -1.65549314 -1.66168046 -1.68286455 -1.70222580 -1.69846213 -1.68363369 -1.68283975 -1.68139565 -1.69792914 -1.72732806 -1.73503315 -1.82249963 -2.01779103 -2.11396289 -2.10998583 -2.14376688 -2.17748046 -2.03113556 -1.45447135 -0.92410213 -0.47074634
-0.38028568 -0.38216627 -0.38422742 -0.38432637 -0.38521406 -0.38677263 -0.38658327 -0.38927338 -0.38967794 -0.38825655 -0.38874540 -0.38988984 -0.38855761 -0.38803312 -0.38768798 -0.38662788 -0.38421199 -0.38208336 -0.38005599 -0.38076213 -0.37740695 -0.37350222 -0.36242753 -0.29134884 -0.17554305 -0.06280124 0.16028404 0.11268510 -0.65035635 -1.49536276 -2.01976299 -1.86068726 -1.64004362 -1.56149197 -1.57005906 -1.61876678 -1.63977933 -1.64337659 -1.65603888 -1.66305351 -1.68120265 -1.68091106 -1.66982043 -1.67039073 -1.67152214 -1.68287957 -1.69336605 -1.72848368 -1.94247949 -2.39327240 -2.34073377 -1.96799600 -1.45619941 -1.02781129 -0.54177290 -0.30309135 -0.20409557 -0.19784598
-0.38030696 -0.38073060 -0.38252646 -0.38409102 -0.38390759 -0.38389045 -0.38446021 -0.38677496 -0.38718036 -0.38550553 -0.38699523 -0.38693675 -0.38677734 -0.38852033 -0.38485393 -0.38413486 -0.38292131 -0.38035893 -0.37926456 -0.37741801 -0.37423372 -0.33098799 -0.22830468 -0.16008335 -0.13550521 0.14752895 0.00512380 -0.71242213 -1.46109951 -1.91973770 -1.81432760 -1.66016328 -1.56669223 -1.53676248 -1.56641996 -1.60898471 -1.62727201 -1.64033723 -1.65652370 -1.66124749 -1.67228401 -1.67651367 -1.67451632 -1.68266439 -1.68737614 -1.68056202 -1.67710626 -1.72664356 -2.06090569 -2.63450646 -2.45874119 -1.59115601 -0.55452567 -0.02455727 0.13010488 0.15657228 0.08823317 -0.30184010
-0.37882847 -0.38128135 -0.38138759 -0.38296926 -0.38393477 -0.38342434 -0.38424185 -0.38499948 -0.38564661 -0.38420099 -0.38568220 -0.38731489 -0.38575336 -0.38432717 -0.38201213 -0.38244027 -0.38083300 -0.37841526 -0.37581411 -0.37349576 -0.34918699 -0.18048300 -0.16555429 -0.24211043 -0.13871242 -0.40231976 -1.19306612 -1.70297217 -1.89994323 -1.72716057 -1.62170208 -1.63249195 -1.55193603 -1.50046575 -1.53425717 -1.58228505 -1.59637606 -1.61698353 -1.64560068 -1.65801632 -1.67105687 -1.67685854 -1.67161238 -1.67639244 -1.68827176 -1.67886567 -1.67001915 -1.73893511 -2.10006523 -2.70200038 -2.48392296 -1.44531417 -0.40106121 0.06099478 0.11119379 -0.05385050 -0.26508325 -0.45040065
-0.37836489 -0.38020095 -0.38281018 -0.38256243 -0.38448301 -0.38256985 -0.38372988 -0.38709754 -0.38637707 -0.38732055 -0.38830408 -0.38781440 -0.38497829 -0.38445041 -0.38156494 -0.38037977 -0.37846065 -0.37495488 -0.37441537 -0.36561173 -0.22330001 -0.11419040 -0.09580377 -0.25147960 -0.76799285 -1.67551076 -2.04607010 -1.96369290 -1.75249147 -1.61188531 -1.60125816 -1.63939416 -1.56683397 -1.48700583 -1.50788987 -1.55827880 -1.59094870 -1.61733484 -1.64076424 -1.65695989 -1.66951811 -1.67056787 -1.67214870 -1.67112982 -1.65713227 -1.63566780 -1.61469686 -1.68116379 -2.06459284 -2.67644262 -2.51271486 -1.54185402 -0.53767163 -0.12994230 -0.27312484 -0.39243689 -0.42897451 -0.46814620
-0.37720877 -0.37854329 -0.37970772 -0.38116834 -0.38047808 -0.38050193 -0.38431606 -0.38540792 -0.38452572 -0.38588360 -0.38440761 -0.38534617 -0.38463771 -0.38308072 -0.37910938 -0.37845373 -0.37607175 -0.37446970 -0.37132066 -0.30850756 -0.07526597 0.04235832 -0.25349349 -0.85270345 -1.63687336 -2.03732896 -1.90117621 -1.78067827 -1.65862429 -1.62709498 -1.62020946 -1.65602005 -1.61084259 -1.51917827 -1.52828181 -1.57876611 -1.61255682 -1.63154852 -1.64991510 -1.66679776 -1.67098987 -1.66826832 -1.68069184 -1.67923844 -1.65547204 -1.61840248 -1.57320702 -1.67017150 -2.09120202 -2.64338636 -2.55035043 -1.62851489 -0.74376100 -0.44257608 -0.43169844 -0.44196171 -0.41339907 -0.42240909
-0.37752262 -0.37863466 -0.37757388 -0.37934294 -0.37962794 -0.38066274 -0.38219646 -0.38261309 -0.38267606 -0.38157988 -0.38411924 -0.38285661 -0.38168111 -0.38045505 -0.37768358 -0.37621588 -0.37435505 -0.37054622 -0.37039435 -0.16782650 0.15794386 -0.06854980 -0.66739780 -1.27012217 -1.82785499 -1.83170104 -1.71341228 -1.63350236 -1.62581336 -1.63263893 -1.64758694 -1.67730510 -1.62965310 -1.54303145 -1.54152536 -1.58026385 -1.61481905 -1.64690518 -1.65838921 -1.66965246 -1.67489719 -1.67988980 -1.69022214 -1.70161557 -1.68050575 -1.63930929 -1.63011110 -1.80003798 -2.28131485 -2.69453502 -2.52600265 -1.56363881 -0.85061044 -0.52251959 -0.41634575 -0.41544592 -0.42218521 -0.42757100
-0.38036814 -0.37848142 -0.38094780 -0.38192692 -0.38024467 -0.38374615 -0.38233551 -0.38095358 -0.38410121 -0.38190320 -0.38116652 -0.37990844 -0.38054720 -0.38126549 -0.37823915 -0.37474871 -0.36977223 -0.36516300 -0.32879597 0.06243363 0.11578263 -0.31881854 -0.87698150 -1.49439490 -1.71021342 -1.62531805 -1.53713238 -1.52231753 -1.57093489 -1.61616421 -1.62631023 -1.64087999 -1.59664214 -1.49986660 -1.47622979 -1.52943861 -1.57843280 -1.61804080 -1.62901092 -1.64336956 -1.65538311 -1.65608406 -1.65219045 -1.66738904 -1.68171918 -1.67271984 -1.68199742 -1.94142926 -2.53438735 -2.63775444 -2.26421642 -1.30870962 -0.75444162 -0.45202732 -0.41847652 -0.42481464 -0.42431310 -0.42920044
-0.37734932 -0.37742823 -0.37920147 -0.38010204 -0.37924066 -0.38154715 -0.38146245 -0.38264188 -0.38060489 -0.37937316 -0.37689388 -0.37533146 -0.37651587 -0.37522069 -0.37311655 -0.37078884 -0.36701915 -0.36456141 -0.20110430 0.19125605 0.03490397 -0.43235663 -1.04742622 -1.56006122 -1.60754454 -1.56499124 -1.49641871 -1.46014559 -1.51724708 -1.58301830 -1.61215425 -1.62545717 -1.58416796 -1.50944579 -1.48621190 -1.54180372 -1.58608365 -1.62382400 -1.62853837 -1.64028227 -1.65259480 -1.65185487 -1.64380920 -1.65810847 -1.67925727 -1.66175735 -1.70953763 -2.09851027 -2.72781444 -2.43986797 -1.80055022 -0.87261951 -0.52810353 -0.44016621 -0.41823530 -0.41908354 -0.42798516 -0.43304184
-0.37619254 -0.37604487 -0.37751457 -0.37634242 -0.37879544 -0.37988672 -0.37805709 -0.37853512 -0.37958151 -0.37750334 -0.37486833 -0.37437749 -0.37098065 -0.37000471 -0.36903614 -0.36719587 -0.36423275 -0.36625156 0.03335264 0.17898476 -0.16394725 -0.68216145 -1.32591140 -1.58202076 -1.60283756 -1.61936927 -1.56002259 -1.45416999 -1.46902537 -1.54656982 -1.62550890 -1.64018846 -1.61329055 -1.58430767 -1.57419908 -1.61066592 -1.63718164 -1.65311074 -1.65222871 -1.66399956 -1.67611408 -1.67346501 -1.66523457 -1.67436349 -1.68230116 -1.66428006 -1.79378438 -2.31070280 -2.78435612 -2.30276537 -1.35403728 -0.50062615 -0.37078565 -0.45877400 -0.41170236 -0.41971985 -0.42798650 -0.43098605
-0.37287474 -0.37172180 -0.37368074 -0.37303501 -0.37376904 -0.37487754 -0.37545270 -0.37609756 -0.37659150 -0.37525830 -0.37138072 -0.36913946 -0.36798054 -0.36577094 -0.36482888 -0.36328718 -0.35975939 -0.30463600 0.20713401 0.13208459 -0.29339811 -0.97467935 -1.46130216 -1.59039819 -1.60435879 -1.64163482 -1.62544286 -1.49622321 -1.43460429 -1.50075352 -1.59714973 -1.63758087 -1.61840284 -1.60439181 -1.61582220 -1.62954748 -1.64419484 -1.66014600 -1.65987897 -1.67051864 -1.68424046 -1.68341351 -1.67087483 -1.67292583 -1.67903256 -1.66768134 -1.91524458 -2.54288101 -2.69502091 -2.03861690 -1.02469635 -0.32187000 -0.35818684 -0.44154328 -0.41180044 -0.41841149 -0.42723027 -0.42801884
-0.36859107 -0.37001154 -0.36873877 -0.36865798 -0.37168422 -0.37043408 -0.37106588 -0.37270927 -0.37091014 -0.37094542 -0.36965030 -0.36688325 -0.36515501 -0.36340231 -0.36093733 -0.35688761 -0.35612226 -0.15874113 0.24763042 0.07321407 -0.40725115 -1.09543884 -1.46140587 -1.55006790 -1.57707500 -1.62678003 -1.65476465 -1.59087777 -1.49155152 -1.49605894 -1.59005535 -1.62336481 -1.59955788 -1.58346820 -1.59402025 -1.60942602 -1.64842784 -1.66170645 -1.66184103 -1.66461909 -1.66825724 -1.67330909 -1.66442525 -1.66638601 -1.67361379 -1.69296861 -2.03324127 -2.71466041 -2.55941367 -1.75526428 -0.77133703 -0.34319434 -0.43720600 -0.39834011 -0.41028228 -0.41751334 -0.42708859 -0.42515814
-0.36391503 -0.36581016 -0.36891866 -0.36724761 -0.36975721 -0.36900815 -0.36805558 -0.36839664 -0.36629766 -0.36791581 -0.36723679 -0.36538404 -0.36287662 -0.36078331 -0.35895383 -0.35216242 -0.35201150 0.08345410 0.20709360 -0.08120747 -0.64335662 -1.23586953 -1.50308669 -1.54680455 -1.59425581 -1.63814521 -1.68306875 -1.69256210 -1.59613073 -1.56001687 -1.59973085 -1.62611234 -1.60869932 -1.59127212 -1.61001527 -1.62323856 -1.65471017 -1.67579019 -1.67955828 -1.67345202 -1.67615366 -1.68014312 -1.68139541 -1.68066025 -1.68642807 -1.74041712 -2.14590263 -2.79192734 -2.52444172 -1.63688099 -0.66270697 -0.42665413 -0.44904250 -0.40097114 -0.40818602 -0.41820359 -0.41869789 -0.42208362
-0.36056861 -0.36246771 -0.36561528 -0.36527342 -0.36655745 -0.36553782 -0.36397424 -0.36524156 -0.36569110 -0.36468410 -0.36401737 -0.36274818 -0.36087742 -0.35866150 -0.35440400 -0.35049480 -0.26176873 0.22996140 0.16066068 -0.12091802 -0.81262732 -1.35181558 -1.51718271 -1.53644490 -1.57176924 -1.61656618 -1.66726351 -1.70702577 -1.64525020 -1.59922445 -1.58856797 -1.61048245 -1.60463238 -1.59890139 -1.62197649 -1.61928320 -1.64506376 -1.66234660 -1.67477214 -1.67097187 -1.67065573 -1.67492998 -1.67121208 -1.67020082 -1.67671621 -1.75535619 -2.19458961 -2.78797507 -2.43331504 -1.48032570 -0.55694431 -0.43102446 -0.41279849 -0.40144229 -0.40658090 -0.41506934 -0.42028669 -0.42251998
-0.36325952 -0.36327583 -0.36161748 -0.36177155 -0.36276296 -0.36269689 -0.36274317 -0.36496046 -0.36337414 -0.36196929 -0.36079228 -0.36066604 -0.35755074 -0.35434058 -0.34985989 -0.33512452 -0.06458689 0.19346648 0.01967542 -0.28324243 -0.95188588 -1.38790953 -1.50765133 -1.52588224 -1.56258380 -1.60287249 -1.64372241 -1.68914056 -1.64706790 -1.60343921 -1.60194993 -1.61448014 -1.61431956 -1.61973202 -1.63581491 -1.64127529 -1.65426934 -1.66564369 -1.67404604 -1.67573440 -1.67098260 -1.67017925 -1.66436088 -1.66257608 -1.67518878 -1.76072347 -2.20049286 -2.73378468 -2.38082862 -1.25901365 -0.40578181 -0.27614418 -0.37540242 -0.39774221 -0.40901998 -0.41503364 -0.41880265 -0.42193249
-0.35977176 -0.36205280 -0.35923773 -0.35952529 -0.36004353 -0.36182839 -0.36215737 -0.36186102 -0.36052862 -0.36057019 -0.35876003 -0.35683554 -0.35382679 -0.35154241 -0.34698644 -0.22934926 0.09384613 0.06172902 -0.16743055 -0.63700014 -1.32181776 -1.50448465 -1.49942148 -1.53760374 -1.57081914 -1.59900606 -1.63184547 -1.67887354 -1.66642511 -1.61019969 -1.59462690 -1.60671711 -1.60849130 -1.62823009 -1.63698816 -1.65103364 -1.66289234 -1.66115737 -1.65895951 -1.66257417 -1.66755033 -1.67004704 -1.66152430 -1.65947521 -1.67415071 -1.77105927 -2.10977364 -2.56649995 -2.49939108 -1.27362931 -0.38021892 -0.17343503 -0.35978544 -0.39773095 -0.40493903 -0.41043290 -0.41447771 -0.41887152
-0.35735756 -0.35812265 -0.35916442 -0.35740489 -0.35833636 -0.35937685 -0.36036450 -0.35954815 -0.35848904 -0.35699412 -0.35597867 -0.35506085 -0.35112685 -0.34600165 -0.34279311 -0.03476531 0.15371513 -0.23423788 -0.66130841 -1.23397660 -1.56367433 -1.51563168 -1.50854802 -1.54067111 -1.56689620 -1.57959354 -1.60119677 -1.64503276 -1.64672339 -1.57576132 -1.51948571 -1.54282391 -1.57385695 -1.60985839 -1.60970986 -1.62533569 -1.62492275 -1.62861776 -1.62826717 -1.63169718 -1.63627934 -1.63342381 -1.63198996 -1.62785542 -1.64552450 -1.72731566 -1.93594551 -2.34470940 -2.70842028 -1.64941645 -0.72796065 -0.24443786 -0.34126681 -0.39777192 -0.40439191 -0.40785548 -0.41489223 -0.41618004
-0.35476404 -0.35526618 -0.35620520 -0.35714936 -0.35603568 -0.35606867 -0.35877186 -0.35611877 -0.35573456 -0.35568163 -0.35337731 -0.35050580 -0.34594852 -0.34129873 -0.28175297 0.23163155 0.09062670 -0.55438900 -1.10142839 -1.58783329 -1.56680310 -1.51519167 -1.53440368 -1.56229806 -1.57271981 -1.58567548 -1.60000157 -1.64545941 -1.65597606 -1.56292582 -1.47371328 -1.47816944 -1.53034818 -1.59229445 -1.60558772 -1.61455071 -1.61731339 -1.62649596 -1.62431324 -1.62352455 -1.62490821 -1.62068164 -1.61708212 -1.62171650 -1.63725698 -1.70082974 -1.79688370 -2.13461089 -2.86457658 -2.19443727 -1.22440290 -0.39713404 -0.30897769 -0.38925475 -0.40058964 -0.40991729 -0.41410783 -0.41669291
-0.35159630 -0.35315904 -0.35419133 -0.35222432 -0.35373366 -0.35393754 -0.35388458 -0.35406637 -0.35605407 -0.35294476 -0.34785849 -0.34618810 -0.34253061 -0.34469190 -0.12624475 0.26837820 -0.02151494 -0.65144956 -1.34471381 -1.56798768 -1.52468038 -1.53606355 -1.57799470 -1.60275185 -1.60543394 -1.61387348 -1.62636435 -1.66379714 -1.68784833 -1.61207330 -1.50307202 -1.47309685 -1.52425003 -1.60262954 -1.63689637 -1.65333831 -1.65033829 -1.65187395 -1.64643145 -1.64198673 -1.64642942 -1.64286411 -1.63914120 -1.64690590 -1.66925013 -1.70843816 -1.77974045 -2.04204154 -2.89652205 -2.58347106 -1.59323072 -0.60335714 -0.32794905 -0.38678145 -0.40164405 -0.40597898 -0.41170546 -0.41318402
-0.35055205 -0.34980744 -0.35206276 -0.35241845 -0.35057718 -0.35296378 -0.35338095 -0.35203272 -0.35098758 -0.34889105 -0.34620500 -0.34423688 -0.34207627 -0.34159362 0.07509299 0.25671017 -0.09861763 -0.82602620 -1.43472362 -1.53829491 -1.49362803 -1.53782272 -1.59499633 -1.61306190 -1.61879420 -1.62896347 -1.63479114 -1.67071688 -1.71042299 -1.65442359 -1.56145942 -1.51910865 -1.54563498 -1.60817838 -1.65377665 -1.67714143 -1.68038619 -1.67336476 -1.66376579 -1.66750312 -1.66771591 -1.66258883 -1.65353215 -1.67091978 -1.69730425 -1.69995487 -1.80331445 -2.00230527 -2.77692485 -2.63827133 -1.68370795 -0.75037771 -0.34898266 -0.38300830 -0.39904213 -0.40444055 -0.40934396 -0.41619974
-0.34762868 -0.35092455 -0.35016653 -0.35044026 -0.35054654 -0.34997994 -0.34898686 -0.34830931 -0.34734711 -0.34613121 -0.34340864 -0.34138536 -0.34002501 -0.32557982 0.17743021 0.25670785 -0.11399479 -1.00461483 -1.45033193 -1.53026259 -1.48826241 -1.52595544 -1.57554126 -1.59743941 -1.61329031 -1.62783575 -1.63448954 -1.66283596 -1.69231296 -1.66712058 -1.60419405 -1.56309807 -1.57240272 -1.59861147 -1.63461506 -1.66221058 -1.68042254 -1.67654395 -1.67085445 -1.67059994 -1.66304111 -1.65891099 -1.65034318 -1.67261362 -1.68376255 -1.67818105 -1.78827584 -2.01872301 -2.68751264 -2.56507373 -1.66136193 -0.84976286 -0.41588724 -0.38670179 -0.39765027 -0.40009907 -0.40942749 -0.41068605
-0.34478265 -0.34594372 -0.34880427 -0.34756717 -0.34729907 -0.34856048 -0.34606558 -0.34728047 -0.34462619 -0.34072527 -0.34065574 -0.33792117 -0.33422679 -0.30270475 0.17621914 0.33519131 -0.10768498 -0.99500680 -1.39299798 -1.51444650 -1.48152471 -1.50454128 -1.54574335 -1.58009768 -1.60327077 -1.61894262 -1.62657642 -1.64286590 -1.66405463 -1.65986288 -1.60289359 -1.55828798 -1.55429518 -1.56869066 -1.60824573 -1.63958406 -1.65991402 -1.66611171 -1.65588081 -1.65863335 -1.65577364 -1.64246738 -1.63579524 -1.65152276 -1.64912105 -1.64405620 -1.74267352 -2.16806364 -2.67807269 -2.47194719 -1.52734649 -0.81246185 -0.45143378 -0.39069545 -0.39325148 -0.39808565 -0.40420449 -0.40928814
-0.34279764 -0.34513405 -0.34711385 -0.34741610 -0.34591538 -0.34780404 -0.34864432 -0.34329197 -0.34240356 -0.34008497 -0.33746409 -0.33608395 -0.33272427 -0.27358755 0.18054333 0.40407616 -0.08441248 -0.91112739 -1.35316586 -1.49167514 -1.46867001 -1.48451257 -1.52806568 -1.57825172 -1.60884869 -1.62712169 -1.62751877 -1.63532412 -1.64781225 -1.63690877 -1.57906818 -1.54976487 -1.55232501 -1.57293093 -1.61070144 -1.63252854 -1.64871359 -1.65775406 -1.65014195 -1.65287006 -1.64007378 -1.63753176 -1.63993120 -1.65790606 -1.65304375 -1.63446820 -1.77335465 -2.34773946 -2.65640235 -2.30413246 -1.25216615 -0.62395495 -0.40556946 -0.38543627 -0.39496642 -0.40166029 -0.40838113 -0.41156372
-0.34419918 -0.34633678 -0.34822053 -0.34718660 -0.34747109 -0.34828186 -0.34609082 -0.34536907 -0.34248185 -0.34296697 -0.34128129 -0.33654499 -0.33264324 -0.24544692 0.21108294 0.39786127 -0.16342799 -0.89475608 -1.34985077 -1.49194336 -1.47017372 -1.48549056 -1.53532863 -1.58429623 -1.61378825 -1.63106167 -1.63715601 -1.64488983 -1.64675975 -1.63691545 -1.59204531 -1.57906938 -1.57481205 -1.60043812 -1.63695526 -1.64470661 -1.64327967 -1.65218496 -1.64444876 -1.63538885 -1.64228129 -1.64813006 -1.66012478 -1.68203521 -1.68257809 -1.65769982 -1.83800590 -2.49804688 -2.59706688 -2.07806325 -0.92322379 -0.41073295 -0.37646848 -0.39015579 -0.39789182 -0.40294224 -0.41127843 -0.41365454
-0.34222707 -0.34371918 -0.34467471 -0.34604025 -0.34445855 -0.34402338 -0.34272140 -0.34118679 -0.34236956 -0.34019211 -0.33857870 -0.33432329 -0.33315024 -0.20338368 0.23034719 0.35670853 -0.30406418 -1.02699411 -1.42558396 -1.51349247 -1.49901354 -1.51515853 -1.55874109 -1.60106504 -1.62647617 -1.64033747 -1.65095544 -1.65890443 -1.67823720 -1.67817152 -1.63811803 -1.59567952 -1.57825434 -1.60228622 -1.62640369 -1.62565744 -1.61794579 -1.62882710 -1.62538528 -1.62902832 -1.64436424 -1.65711582 -1.68332303 -1.68988585 -1.68219256 -1.64430106 -1.90351534 -2.54091620 -2.66888022 -2.00534654 -0.84192365 -0.41401556 -0.40128002 -0.38496324 -0.39352173 -0.39852908 -0.40546599 -0.41100645
-0.33722523 -0.33903265 -0.34100607 -0.34153649 -0.34105691 -0.33976090 -0.33992898 -0.33797672 -0.33444586 -0.33563900 -0.33195683 -0.33133692 -0.33006740 -0.16834730 0.27037418 0.32583907 -0.47338575 -1.19119132 -1.50902891 -1.53095710 -1.51431847 -1.52238023 -1.54667234 -1.57135224 -1.59317148 -1.61409676 -1.63418770 -1.65506423 -1.68224871 -1.68173635 -1.64996779 -1.58014178 -1.53946829 -1.54437077 -1.57409358 -1.58384180 -1.57982624 -1.59240758 -1.60258460 -1.61132121 -1.62489927 -1.64472568 -1.66839612 -1.66902423 -1.64049709 -1.58560550 -1.88780940 -2.48192668 -2.65229464 -1.98755252 -0.89728492 -0.43284804 -0.39493793 -0.38221806 -0.38962504 -0.39629430 -0.40180638 -0.40804595
-0.33524731 -0.33630884 -0.33836964 -0.33889902 -0.33972624 -0.34030867 -0.33702448 -0.33548689 -0.33282903 -0.33102569 -0.33204800 -0.32882336 -0.32610911 -0.14849077 0.28807732 0.37389165 -0.53930485 -1.26929522 -1.58573282 -1.56102610 -1.54792404 -1.54235744 -1.54649675 -1.55950093 -1.57319355 -1.58753049 -1.61055756 -1.63435125 -1.65355217 -1.67382276 -1.65751541 -1.58591986 -1.53365505 -1.53780472 -1.57650924 -1.59650826 -1.58971334 -1.59169400 -1.59543061 -1.61033916 -1.62911654 -1.65213215 -1.66762567 -1.65603578 -1.62208557 -1.57451928 -1.88177955 -2.45539069 -2.75798798 -2.05115414 -0.97457302 -0.46500587 -0.36114359 -0.38695636 -0.39088345 -0.39659381 -0.40414762 -0.40904608
-0.33450305 -0.33458945 -0.33501008 -0.33827972 -0.33814639 -0.33837050 -0.33921328 -0.33651954 -0.33563054 -0.33219665 -0.33172303 -0.33042249 -0.31815612 -0.17018662 0.26451480 0.52397245 -0.46801597 -1.25976396 -1.64328945 -1.60316110 -1.60365939 -1.57621658 -1.56722200 -1.57413292 -1.57632589 -1.58448565 -1.59617007 -1.60532999 -1.61917567 -1.64854836 -1.65352035 -1.61764789 -1.58225524 -1.57975209 -1.61495030 -1.63641906 -1.63625860 -1.62499893 -1.61847377 -1.63369977 -1.65963364 -1.69214773 -1.68660450 -1.66595340 -1.63219702 -1.58522546 -1.92274928 -2.54180336 -2.86556220 -2.12912631 -1.12951529 -0.56586403 -0.39178807 -0.38752535 -0.39246053 -0.39876789 -0.40419748 -0.40976015
-0.33248022 -0.33342952 -0.33395150 -0.33465877 -0.33565295 -0.33545908 -0.33581954 -0.33715019 -0.33324754 -0.33254203 -0.33224350 -0.32709232 -0.31181639 -0.19771093 0.12117870 0.67225397 -0.22037594 -1.14105463 -1.63703048 -1.58430851 -1.56561077 -1.54396284 -1.52846766 -1.52488947 -1.52940452 -1.54172325 -1.54731226 -1.54534662 -1.55150914 -1.56081927 -1.56846762 -1.54324806 -1.51161015 -1.51597488 -1.55055428 -1.57952893 -1.59158540 -1.59352505 -1.57817876 -1.58623648 -1.61392045 -1.64521718 -1.65239084 -1.62820768 -1.58151209 -1.54240382 -1.97838020 -2.58206892 -2.77250504 -2.08026052 -1.18428504 -0.66766781 -0.39435267 -0.39286759 -0.39712629 -0.40007210 -0.40650079 -0.40785909
-0.33082762 -0.32982528 -0.33126509 -0.33072516 -0.33051509 -0.33321697 -0.33246166 -0.33152398 -0.33053872 -0.32805941 -0.32671806 -0.32396591 -0.30617353 -0.22536574 -0.07997067 0.71412700 0.14923780 -0.87027270 -1.49008346 -1.58010232 -1.51929581 -1.51934457 -1.51536691 -1.51857698 -1.52927542 -1.54036891 -1.54193163 -1.54113197 -1.54358101 -1.53520477 -1.53124559 -1.50744224 -1.47180915 -1.46997046 -1.50262403 -1.52810538 -1.53920972 -1.54747272 -1.54495800 -1.54745185 -1.55999708 -1.59365153 -1.60260487 -1.58842039 -1.57346177 -1.56329262 -2.13639975 -2.73482680 -2.59729838 -1.72369325 -0.90276837 -0.57860142 -0.39501086 -0.39415187 -0.39870492 -0.40054086 -0.40545177 -0.41090181
-0.31269535 -0.31999877 -0.31034815 -0.28496343 -0.26798207 -0.30667007 -0.32623327 -0.32494655 -0.31827307 -0.30110025 -0.29209995 -0.27714732 -0.20562871 -0.08474927 -0.09127840 0.66975152 0.62304479 -0.45419800 -1.32611358 -1.70154309 -1.55319309 -1.56236184 -1.58343017 -1.58665812 -1.58270431 -1.58137226 -1.57955599 -1.58214819 -1.58956265 -1.57561350 -1.56203938 -1.54998088 -1.51653516 -1.50749767 -1.53558433 -1.55599701 -1.55170608 -1.55686772 -1.56145239 -1.56548631 -1.58645260 -1.59715080 -1.59195960 -1.60913849 -1.61663985 -1.71477616 -2.42415857 -2.83939934 -2.41846061 -1.38063121 -0.60090387 -0.43859670 -0.38885856 -0.38937813 -0.39330217 -0.39943206 -0.40276623 -0.40788361
-0.16933466 -0.00235776 0.31463334 0.37458560 0.21530613 -0.03477959 -0.19930291 -0.18862733 -0.05198619 0.17353335 0.32702452 0.37899309 0.44591933 0.55543178 0.52644855 1.01808167 1.51120210 0.64251542 -0.77249360 -1.66425562 -1.69776905 -1.63285804 -1.65168703 -1.65143836 -1.64440477 -1.63482738 -1.62885797 -1.62692773 -1.63576078 -1.63858008 -1.63396585 -1.62881958 -1.59025049 -1.56667757 -1.57981277 -1.61017907 -1.61518538 -1.60832632 -1.61233032 -1.62086391 -1.64686167 -1.64410019 -1.63521171 -1.63549531 -1.65579796 -1.93813014 -2.72853684 -2.71680570 -2.19281125 -1.08009386 -0.48580882 -0.42580515 -0.37993306 -0.38899234 -0.38964683 -0.39488214 -0.39831579 -0.40272352
-0.36675370 -0.36628538 -0.14208119 0.15330106 0.45305449 0.49699742 0.43164921 0.30327871 0.24362552 0.18520412 0.06138839 -0.20432775 -0.43287921 -0.48261285 -0.50522822 -0.23901463 0.84117067 1.07606709 0.09105782 -1.07216918 -1.56083608 -1.61101806 -1.62618637 -1.63487387 -1.63027048 -1.62745404 -1.62318921 -1.61732316 -1.62076676 -1.62968230 -1.63838160 -1.63666797 -1.58957303 -1.54232717 -1.55139029 -1.57105589 -1.59602690 -1.60001004 -1.60213947 -1.60573173 -1.64932966 -1.64658129 -1.62145770 -1.60949814 -1.64990115 -2.11081791 -2.87667990 -2.48887563 -1.76966047 -0.72869951 -0.46604484 -0.43608868 -0.38230574 -0.38818780 -0.39040178 -0.39572930 -0.40019917 -0.40146604
-0.62817842 -1.28939259 -1.83239114 -1.63193357 -0.76589179 -0.09798610 0.10997120 -0.09745210 -0.53940016 -1.04658139 -1.44971013 -1.76089287 -1.96297705 -2.01086164 -2.07751536 -2.20884228 -1.41417325 -0.38944429 -0.09979214 -0.69921154 -1.29434860 -1.51522160 -1.56992483 -1.58051825 -1.58352876 -1.58802319 -1.58639574 -1.58606982 -1.58644903 -1.59384584 -1.61764491 -1.60296023 -1.55225682 -1.49822867 -1.49676383 -1.50146472 -1.53892362 -1.55692363 -1.56430030 -1.57339060 -1.61147070 -1.60531187 -1.56540263 -1.55493104 -1.65785456 -2.30232930 -2.91539311 -2.39070463 -1.45817673 -0.49255559 -0.42362455 -0.40781450 -0.38130218 -0.39005327 -0.39374894 -0.39676797 -0.40450284 -0.40426251
-1.18067956 -2.10229945 -2.74109626 -2.75127459 -2.22520638 -1.61522794 -1.39003062 -1.63692796 -2.08626628 -2.40221643 -2.46300292 -2.46432543 -2.44954157 -2.43407011 -2.49402738 -2.75833035 -2.67478347 -1.94331157 -1.30785871 -1.17426348 -1.37436104 -1.51858985 -1.54378343 -1.55224264 -1.55891216 -1.56562626 -1.57859278 -1.57729173 -1.57591724 -1.58749962 -1.60989523 -1.58527613 -1.54518282 -1.49215102 -1.49789357 -1.50237894 -1.52447879 -1.54508007 -1.56083870 -1.56312132 -1.58450544 -1.58762085 -1.54733479 -1.56403148 -1.82411003 -2.56793165 -2.85839891 -2.41706800 -1.39744031 -0.60141313 -0.44857812 -0.37010935 -0.38443151 -0.39069387 -0.39046076 -0.39610466 -0.40395647 -0.40686661
-1.31409919 -1.84184587 -2.04300117 -2.31706333 -2.53581929 -2.55031872 -2.50537729 -2.43272495 -2.28966284 -2.04977775 -1.92909396 -1.83373892 -1.79796803 -1.80261552 -1.79940403 -1.95242143 -2.21232009 -2.21717691 -2.05510831 -1.64816129 -1.51952934 -1.54154456 -1.53767252 -1.54736114 -1.55024981 -1.56057668 -1.57507253 -1.57425749 -1.55957949 -1.57106578 -1.60543323 -1.59226954 -1.54244983 -1.51531577 -1.53959477 -1.54719758 -1.55808270 -1.57238948 -1.57973444 -1.57469904 -1.59026384 -1.59848869 -1.60121381 -1.75896323 -2.16278720 -2.69810772 -2.50102949 -2.11658669 -1.14341283 -0.57030958 -0.43533617 -0.37780669 -0.38623172 -0.38910931 -0.39086580 -0.39584607 -0.40131599 -0.40659383
-1.13139665 -1.59199584 -1.55570292 -1.65612972 -1.86570370 -2.03914165 -1.98194492 -1.81063759 -1.67707419 -1.57737935 -1.52816880 -1.49113095 -1.47563779 -1.45734668 -1.48819208 -1.47969246 -1.58719170 -1.72066152 -1.78777921 -1.73628914 -1.58904183 -1.53147042 -1.53616154 -1.53935647 -1.54218769 -1.55488133 -1.58126104 -1.57556129 -1.52807629 -1.51112878 -1.54569674 -1.56290209 -1.54532373 -1.53481615 -1.55492949 -1.57448506 -1.56504047 -1.56746995 -1.57516384 -1.58224976 -1.59506428 -1.61271107 -1.68459117 -1.99238098 -2.40349770 -2.27451396 -1.56708145 -0.93436003 -0.35912034 -0.38144359 -0.41116136 -0.37884045 -0.38522556 -0.38863578 -0.39053145 -0.39509499 -0.39799741 -0.40269908
-1.01897383 -1.54869461 -1.60597813 -1.42636704 -1.39270341 -1.37394381 -1.45010853 -1.50161636 -1.54608369 -1.53840923 -1.60970104 -1.72130728 -1.85975683 -1.91329002 -1.89860928 -1.86162543 -1.85219300 -1.80897689 -1.80809486 -1.81570792 -1.75500691 -1.71105063 -1.67828584 -1.64653361 -1.62175417 -1.61850834 -1.64076269 -1.63038337 -1.54191160 -1.46367562 -1.46584511 -1.50297403 -1.51352990 -1.51012170 -1.52223551 -1.51810479 -1.51156759 -1.51769257 -1.52718115 -1.53868258 -1.53665841 -1.54283893 -1.60173762 -1.89535379 -2.47800493 -2.00398397 -0.73152101 0.08933404 0.17560181 -0.33570832 -0.38662279 -0.37635282 -0.38503855 -0.39014217 -0.39450014 -0.39631310 -0.40192875 -0.40526250
-0.47548518 -1.29685616 -1.73701286 -1.72680628 -1.64303625 -1.62763751 -1.73158050 -1.88727987 -2.13961101 -2.18042302 -2.06106925 -1.85773706 -1.76409268 -1.74675691 -1.75837243 -1.76614678 -1.77756774 -1.80495739 -1.83473170 -1.85439742 -1.89693654 -1.97142041 -2.02287054 -2.02412391 -2.00899768 -2.01303411 -2.06447911 -2.11295056 -2.07991123 -1.99780309 -1.95504069 -1.94985938 -1.97975814 -1.96890295 -1.90652072 -1.85142374 -1.88963163 -1.94700897 -1.92338884 -1.89213920 -1.86826944 -1.81331646 -1.76076317 -1.98728251 -2.49761009 -2.33217096 -1.20651257 -0.30082822 -0.04042166 -0.30912417 -0.27437031 -0.28489038 -0.29981017 -0.31290057 -0.31348723 -0.31773382 -0.32867718 -0.33771259
0.29179868 -0.38516694 -1.24251461 -1.76710701 -2.03587222 -2.31127810 -2.53529263 -2.45433283 -2.23721623 -1.91652036 -1.38775218 -0.86838788 -0.59824896 -0.54214227 -0.56901211 -0.59977442 -0.63793337 -0.71788573 -0.80394846 -0.89046824 -0.99259478 -1.12603605 -1.25729406 -1.34359860 -1.35412979 -1.36880541 -1.41391551 -1.50995529 -1.56812835 -1.57563400 -1.56457782 -1.58472419 -1.74488950 -1.98819745 -2.06750107 -2.01306009 -1.92647958 -1.88697088 -1.84506416 -1.83969963 -1.94120240 -2.03525376 -2.13581443 -2.21601605 -2.54387736 -2.82781315 -2.19410944 -1.19085073 -0.63501978 -0.46107483 -0.39490485 -0.38731539 -0.38213336 -0.35153434 -0.32592899 -0.26784369 -0.21089309 -0.12982675
