-0.72423273 -0.80851406 -0.82678378 -0.78141457 -0.74219114 -0.56738251 -0.58229220 -0.56699997 -0.51796627 -0.66285908 -0.72453624 -0.73019403 -0.70012176 -0.64279509 -0.68183839 -0.69141299 -0.68211353 -0.71147090 -0.76510775 -0.77040082 -0.77097905 -0.77049059 -0.77243644 -0.77909279 -0.78232914 -0.78214586 -0.78354579 -0.78133255 -0.78368837 -0.78280282 -0.78191471 -0.78250420 -0.78018397 -0.77757758 -0.77293479 -0.76671731 -0.76426542 -0.76264703 -0.75833595 -0.75392604 -1.24739623 -2.28945541 -2.81137776 -2.49145842 -1.33867931 0.01797574 1.20842266 1.47580659 1.09163368 0.53012705 0.15792647 0.03751127 -0.17774729 -0.54813093 -0.97801024 -1.02959144 -0.40563744 0.76869231
-0.77123368 -1.13442051 -1.20095599 -0.84103984 -0.76413399 -0.71197617 -0.75618154 -0.57169253 -0.33557308 -0.46519473 -0.56187403 -0.52117091 -0.62636781 -0.47628629 -0.50415629 -0.76937491 -0.65828079 -0.54644483 -0.64751536 -0.74269921 -0.76888794 -0.77032918 -0.77506423 -0.77690828 -0.77669460 -0.77406716 -0.77461904 -0.77395123 -0.77347887 -0.77417856 -0.77347022 -0.77115196 -0.77033269 -0.76731402 -0.76277614 -0.75676602 -0.75400370 -0.75060946 -0.73899853 -0.76599479 -1.55819106 -2.58346653 -2.83184528 -2.36934114 -1.99116766 -1.05198526 0.24489075 1.01022398 0.92163348 0.72594118 0.43223083 0.17965300 -0.16316201 -0.62887585 -1.08332086 -1.39466977 -0.54217523 0.78526461
-0.85276747 -1.36270666 -1.30451918 -0.88540828 -0.85216725 -1.18971431 -0.96615750 -0.51215553 -0.28939101 -0.58866811 -0.78895158 -0.41716474 -0.42829537 -0.42751634 -0.47173026 -0.78921068 -0.46228430 -0.34950188 -0.54110909 -0.67804742 -0.77316922 -0.77407587 -0.77551132 -0.77552497 -0.77708161 -0.77339613 -0.77200812 -0.77054989 -0.77074504 -0.76841867 -0.76573545 -0.76400167 -0.76377589 -0.75831831 -0.75311244 -0.74991703 -0.74643278 -0.74135506 -0.71095616 -1.03989410 -1.93692529 -2.56710792 -2.13791203 -1.83937657 -2.04910922 -1.62311888 -0.80562222 -0.17088552 -0.02220093 -0.10805996 -0.24343392 -0.51146799 -0.83604670 -1.29335809 -1.73405766 -1.58870387 -0.45614535 0.81662983
-0.96422619 -1.44728625 -1.38353491 -0.99626201 -0.94833165 -1.38702476 -1.30544829 -0.85872692 -0.66184163 -1.05772305 -1.02941918 -0.65092605 -0.78095883 -0.91802293 -1.06987858 -1.25704002 -0.65686673 -0.42875645 -0.50412005 -0.80167788 -0.77612388 -0.77930844 -0.78134513 -0.78060031 -0.77791697 -0.77200627 -0.77182788 -0.77147847 -0.77002829 -0.76651847 -0.76546675 -0.76202154 -0.75865638 -0.75338799 -0.74991906 -0.74442089 -0.74172139 -0.73592854 -0.84128273 -1.54852450 -2.32928228 -2.38249516 -1.68061078 -1.52390575 -1.88061953 -1.81942129 -1.51656878 -1.15227079 -0.98643547 -0.92251253 -1.10059428 -1.31541932 -1.51908398 -1.68287385 -1.68713701 -1.47572362 -0.33544701 0.92141902
-0.92590082 -1.26581061 -1.26706493 -1.16414571 -1.30327439 -1.64672279 -1.51619041 -1.33543825 -0.97710133 -1.36827469 -1.37071955 -1.06240809 -1.08250916 -1.25035751 -1.50879741 -1.64645779 -0.94125199 -0.44369772 -0.68541276 -0.83921975 -0.78052843 -0.78523082 -0.78810096 -0.78818160 -0.78456670 -0.78142852 -0.77621305 -0.77167958 -0.77021927 -0.76820326 -0.76884073 -0.76294935 -0.75723690 -0.75308937 -0.74628431 -0.74418652 -0.73386633 -0.69586897 -1.20458949 -2.09533763 -2.56663370 -2.21381164 -1.43831372 -1.46213412 -1.73087943 -1.77114618 -1.72661829 -1.62657249 -1.48925769 -1.35840750 -1.34166813 -1.46874821 -1.60850859 -1.63607478 -1.64944053 -1.19197154 0.08807053 1.05888653
-0.87273920 -1.11240196 -1.10004461 -1.23736548 -1.18804133 -1.57448947 -1.37600350 -1.25763476 -1.06830871 -1.37153268 -1.29863608 -0.98170042 -1.01644158 -1.40862012 -1.54619873 -1.52657008 -0.82523727 -0.64822596 -0.85512823 -0.86280084 -0.78353024 -0.78594983 -0.79032612 -0.79020846 -0.78866220 -0.78647107 -0.78090096 -0.77736479 -0.77457160 -0.77196294 -0.76709086 -0.76327080 -0.75932199 -0.75299692 -0.74974626 -0.73980731 -0.71210027 -0.98887217 -1.75027680 -2.52700591 -2.60702538 -1.97123516 -1.57429802 -1.52621603 -1.63427949 -1.67291093 -1.75007367 -1.68498492 -1.60768056 -1.51527250 -1.46960986 -1.51331007 -1.62915254 -1.75676942 -1.72694004 -0.81534773 0.63913190 1.23515713
-0.76661932 -0.90297192 -1.12676632 -1.16370571 -1.28645384 -1.08134985 -0.84418017 -0.96030223 -0.93395329 -1.10567307 -0.94891793 -0.91476703 -0.79766387 -1.37225735 -1.27287710 -1.26749992 -0.82003528 -0.58732319 -0.78075922 -0.89387822 -0.78472227 -0.79095989 -0.79209924 -0.79238564 -0.79235142 -0.78712708 -0.78056282 -0.77653027 -0.77187806 -0.76935178 -0.76686394 -0.75982994 -0.75306964 -0.74871296 -0.73212910 -0.68995142 -0.82332712 -1.38601840 -2.14952636 -2.54680538 -2.34601307 -1.88739216 -1.77747130 -1.68158674 -1.69195402 -1.72619152 -1.76298773 -1.72240329 -1.65365744 -1.56491518 -1.49701846 -1.49751294 -1.58866191 -1.79394698 -1.78827810 -0.60808671 1.01297414 1.38843179
-0.73061609 -0.72291237 -0.88621497 -0.98240894 -0.84542042 -0.71810514 -0.71097696 -0.89484864 -0.82310826 -0.90112817 -0.81403118 -0.84367657 -0.71466202 -0.99827760 -0.91960382 -0.90472949 -0.76615292 -0.66109401 -0.88359433 -0.85845625 -0.78017759 -0.78553295 -0.78870922 -0.79102004 -0.78919959 -0.78253400 -0.77780902 -0.77259487 -0.76687700 -0.76429105 -0.75843018 -0.75174862 -0.74716133 -0.67429703 -0.68490005 -0.77737951 -1.05730069 -1.58891547 -2.10390186 -2.31639051 -1.99905241 -1.93970895 -1.84188414 -1.74075139 -1.70668364 -1.80906570 -1.92255974 -1.82021236 -1.70117998 -1.71220446 -1.70455527 -1.58056879 -1.55152237 -1.75970912 -1.81274128 -0.66562629 1.08449984 1.41060996
-0.71422708 -0.74800199 -0.74689579 -0.73298079 -0.63727659 -0.74153239 -0.74156952 -0.79103762 -0.74385041 -0.76632124 -0.73851746 -0.79985267 -0.67329514 -0.81129551 -0.74477279 -0.71969652 -0.79471475 -0.78573436 -0.85106373 -0.79637408 -0.77718699 -0.77917683 -0.78307897 -0.78172040 -0.78080094 -0.77964258 -0.77452618 -0.76736802 -0.76560295 -0.76157796 -0.75289315 -0.74564743 -0.69086236 -0.79603475 -0.97142208 -1.06934714 -1.14440656 -1.46789455 -1.92923772 -1.93051016 -1.90022111 -1.88705409 -1.79772031 -1.75343561 -1.82288086 -2.03063726 -2.07511544 -1.71731639 -1.71451664 -2.12017393 -2.24933386 -1.92053688 -1.77266729 -1.87187386 -1.79024732 -0.95550621 0.68275225 1.31956732
-0.72795719 -0.73077875 -0.73240352 -0.72925550 -0.75609124 -0.74909633 -0.75569797 -0.73722303 -0.74435657 -0.74460089 -0.76113790 -0.75592899 -0.75449193 -0.75949913 -0.74651450 -0.77999711 -0.77137667 -0.78105336 -0.76236516 -0.76910239 -0.77263272 -0.77289432 -0.77413529 -0.77270466 -0.77456009 -0.77006584 -0.76583105 -0.76455188 -0.75905186 -0.75393587 -0.74515891 -0.71676540 -0.90196711 -1.33898652 -1.55365086 -1.38720608 -1.27142358 -1.66189289 -1.84367406 -1.85194516 -1.85682642 -1.83372927 -1.78380334 -1.75502694 -1.88947618 -2.16209412 -1.82128143 -1.18436158 -1.37217438 -2.25368690 -2.60288501 -2.25782323 -2.00999331 -1.76146698 -1.73996150 -1.36702514 -0.04882198 1.02668428
-0.73768157 -0.74129337 -0.74146676 -0.74578393 -0.74879020 -0.75308716 -0.75559002 -0.75474596 -0.75631076 -0.76164228 -0.76526213 -0.76925874 -0.76949412 -0.77160120 -0.77115458 -0.76951712 -0.76921606 -0.76532847 -0.76573700 -0.76596308 -0.76635736 -0.76654762 -0.76387024 -0.76542330 -0.76290715 -0.76099628 -0.76092893 -0.75441110 -0.75127602 -0.74716097 -0.73418784 -0.81917655 -1.40741241 -2.01759887 -2.02814579 -1.74368680 -1.69558012 -1.81265342 -1.77361131 -1.80660999 -1.85252345 -1.82411349 -1.79962540 -1.77347541 -1.94162953 -2.10297656 -1.49499440 -0.43687996 -0.63220167 -1.78295207 -2.23911428 -2.10714507 -1.79065418 -1.43442881 -1.38410997 -1.41368771 -0.41349465 0.97205085
-0.74126142 -0.74412811 -0.74597335 -0.74910444 -0.75345701 -0.75679564 -0.75678498 -0.75907224 -0.75835001 -0.76235908 -0.76803303 -0.76983446 -0.77307588 -0.77093357 -0.77101725 -0.77314425 -0.76789784 -0.76454288 -0.76575446 -0.76504070 -0.76449829 -0.76475704 -0.76535505 -0.76517469 -0.76079935 -0.75958127 -0.75346512 -0.74857002 -0.74427515 -0.73194474 -0.69380826 -1.18310356 -2.01164913 -2.43171859 -2.33229685 -1.86612570 -1.69747257 -1.70634997 -1.71178818 -1.76575327 -1.77980161 -1.78477228 -1.76576614 -1.74406886 -1.86423039 -2.01236081 -1.36640894 -0.31485209 -0.40454653 -1.44545996 -1.91244626 -1.85076773 -1.59233844 -1.01985145 -0.92367607 -1.16786253 -0.14998306 1.11026216
-0.74706054 -0.74776709 -0.75075173 -0.75619447 -0.75736958 -0.75915748 -0.76134896 -0.76145518 -0.76201743 -0.76659840 -0.77243686 -0.77609569 -0.77522904 -0.77425224 -0.77568161 -0.77471977 -0.77369648 -0.76933765 -0.76593232 -0.76884967 -0.76830804 -0.76710075 -0.76442766 -0.76326603 -0.75890869 -0.75353265 -0.74917603 -0.74282777 -0.73686051 -0.72386694 -0.91001201 -1.72937000 -2.53727770 -2.66470051 -2.12034178 -1.73695326 -1.68753517 -1.65781808 -1.67415464 -1.68933380 -1.70443630 -1.70863199 -1.69834745 -1.68285716 -1.71762586 -1.75289404 -1.34835970 -0.69600922 -0.89869851 -1.52394474 -1.68167174 -1.71858847 -1.43944764 -1.00371802 -0.99671710 -1.02767861 -0.14214581 0.99992400
-0.74791485 -0.75147212 -0.75419509 -0.75632894 -0.76072520 -0.76399201 -0.76496929 -0.76600134 -0.76840067 -0.77035981 -0.77589649 -0.77752239 -0.77917975 -0.77804285 -0.77638149 -0.77795082 -0.77305990 -0.76835424 -0.76987761 -0.76974511 -0.76839560 -0.76806802 -0.76549578 -0.76179099 -0.75510925 -0.75120407 -0.74609387 -0.74154049 -0.72798038 -0.70081562 -1.26328266 -2.24253154 -2.77312279 -2.41987467 -1.83899558 -1.77019048 -1.71969795 -1.66841221 -1.68297327 -1.69967628 -1.70315194 -1.70236707 -1.69740236 -1.68454015 -1.68544710 -1.67218173 -1.57040989 -1.38729441 -1.36845827 -1.57925057 -1.49048078 -1.59726405 -1.49371898 -1.26445138 -1.32955027 -1.04719281 0.17705539 0.91775399
-0.74977446 -0.75264823 -0.75598055 -0.76016939 -0.76308352 -0.76686752 -0.76692683 -0.76700318 -0.76989448 -0.77332699 -0.77761102 -0.78035837 -0.77971965 -0.77992505 -0.78014398 -0.77759176 -0.77091616 -0.76641083 -0.76768094 -0.76957285 -0.76813072 -0.76515776 -0.76310337 -0.76086634 -0.75463104 -0.74863899 -0.74413294 -0.73710513 -0.72569287 -0.91620809 -1.79242861 -2.68667030 -2.73389268 -2.08383679 -1.85890555 -1.82540464 -1.74191260 -1.71485889 -1.72816610 -1.74048150 -1.73438561 -1.73418212 -1.73396921 -1.72213566 -1.68294263 -1.67481327 -1.68360424 -1.64515996 -1.64248121 -1.62514341 -1.50294125 -1.57617199 -1.57060528 -1.66336870 -1.49936020 -0.70577151 0.54946011 0.81103784
-0.75096315 -0.75220591 -0.75753444 -0.75783259 -0.76222247 -0.76640153 -0.76708573 -0.76693785 -0.76964295 -0.77346039 -0.77725899 -0.78221363 -0.78217852 -0.78193200 -0.78069741 -0.77458048 -0.76982647 -0.76548129 -0.76291132 -0.76367927 -0.76303500 -0.76067090 -0.75627172 -0.75435710 -0.75075489 -0.74639368 -0.74085903 -0.71102989 -0.68538815 -1.27380991 -2.23790145 -2.74467087 -2.36526465 -1.87417769 -1.86701190 -1.80569398 -1.76114213 -1.74544203 -1.75981224 -1.76409018 -1.75208318 -1.74903834 -1.75109112 -1.74024594 -1.70034957 -1.64906383 -1.62617338 -1.64245319 -1.66713798 -1.68141949 -1.63112617 -1.56783223 -1.64770186 -1.71162164 -1.33311307 -0.27055365 0.76806659 0.65978515
-0.74616766 -0.74953955 -0.75173783 -0.75544804 -0.75993353 -0.76108778 -0.76405966 -0.76628417 -0.76639926 -0.76952326 -0.77642620 -0.77800286 -0.77660662 -0.77704567 -0.77529484 -0.76814729 -0.76525038 -0.76107305 -0.75936854 -0.75818551 -0.75672138 -0.75371450 -0.75179052 -0.74863440 -0.74524009 -0.73570371 -0.70964617 -0.69298762 -1.04761720 -1.74650204 -2.39692712 -2.40855408 -1.93489087 -1.86609232 -1.86654949 -1.80407572 -1.77048421 -1.77218044 -1.78232849 -1.78160262 -1.75754905 -1.75789618 -1.76675081 -1.76257706 -1.73034418 -1.67267621 -1.62742460 -1.61636055 -1.65706813 -1.69651842 -1.68906879 -1.65844095 -1.69529283 -1.68618691 -1.18577087 0.04965580 0.84699649 0.40584624
-0.74408489 -0.74592525 -0.74884617 -0.75339961 -0.75615311 -0.75989556 -0.76116949 -0.76217169 -0.76186150 -0.76708770 -0.76876134 -0.77264392 -0.77265960 -0.77109599 -0.77045286 -0.76554447 -0.76150477 -0.76018727 -0.75697362 -0.75388557 -0.74897337 -0.74739301 -0.74441862 -0.74127460 -0.73677576 -0.70725894 -0.70371991 -1.04075813 -1.55431747 -2.03452587 -2.19435596 -1.98759055 -1.77301276 -1.87051511 -1.83907306 -1.81578052 -1.79217720 -1.79294848 -1.80766451 -1.79744041 -1.77397490 -1.76697576 -1.77669644 -1.77759528 -1.75884521 -1.70858848 -1.64448202 -1.61924696 -1.68873215 -1.80437124 -1.77951086 -1.68759763 -1.72419918 -1.78756940 -1.18104064 -0.03579808 0.43509385 -0.05396750
-0.74090576 -0.74343079 -0.74610549 -0.74890304 -0.75592881 -0.75752747 -0.76017129 -0.76210546 -0.76038903 -0.76280177 -0.76754057 -0.76769948 -0.76655459 -0.76539898 -0.76557034 -0.76439399 -0.76060867 -0.75747901 -0.75279599 -0.74789339 -0.74321467 -0.73974079 -0.73704022 -0.73003906 -0.69489020 -0.69572264 -1.02905428 -1.54856610 -1.93608356 -2.02190924 -2.05395794 -1.73698890 -1.82266307 -1.86326003 -1.84746075 -1.82904017 -1.80038440 -1.80598176 -1.82007706 -1.80911124 -1.78330982 -1.77427948 -1.78207636 -1.78923965 -1.78224063 -1.74248219 -1.67880034 -1.65223074 -1.73244357 -1.80414104 -1.67941773 -1.60635698 -1.70892119 -1.79379678 -1.29811037 -0.38485095 -0.07612214 -0.40363827
-0.73881614 -0.74405754 -0.74532807 -0.75128579 -0.75520086 -0.75779039 -0.75988102 -0.76015127 -0.75792104 -0.76190114 -0.76465374 -0.76525438 -0.76425922 -0.76497364 -0.76609057 -0.76333040 -0.75918418 -0.75492239 -0.75110495 -0.74503988 -0.73961097 -0.73455733 -0.71964747 -0.66202343 -0.69659781 -0.97092825 -1.41547692 -1.81561816 -2.01423192 -2.09194565 -1.79754794 -1.73554814 -1.75555265 -1.80371869 -1.84716761 -1.83213401 -1.80327284 -1.81227982 -1.82163465 -1.81194937 -1.78690755 -1.77719402 -1.77896094 -1.78558671 -1.78407097 -1.75492454 -1.70465362 -1.69633043 -1.79923379 -1.67841125 -1.23468733 -0.97405517 -1.05706084 -1.38755536 -1.14961958 -0.53683776 -0.42792216 -0.67978197
-0.74075758 -0.74470472 -0.74801850 -0.74882060 -0.75449461 -0.75757569 -0.75737846 -0.75510794 -0.75584924 -0.76004511 -0.76218879 -0.76179045 -0.76373863 -0.76262426 -0.76371855 -0.76073378 -0.75650752 -0.75365472 -0.74532914 -0.74219906 -0.73804873 -0.70400012 -0.66961902 -0.76481670 -0.94670153 -1.23404646 -1.49313140 -1.78381360 -2.03706789 -1.84528911 -1.77096903 -1.70350230 -1.68385339 -1.78059018 -1.84453762 -1.84308493 -1.81218374 -1.81769848 -1.82325268 -1.81166077 -1.78862500 -1.77622497 -1.77784693 -1.78282952 -1.77646983 -1.75061512 -1.71286750 -1.73878670 -1.83532202 -1.42044914 -0.46689111 -0.04386318 -0.39477226 -0.90542954 -0.83593482 -0.64737910 -0.67643964 -0.78798026
-0.74567908 -0.74783421 -0.75027382 -0.75375187 -0.75726360 -0.75766742 -0.75920093 -0.75735098 -0.75927311 -0.76297051 -0.76509464 -0.76428998 -0.76425022 -0.76263183 -0.76078463 -0.75763053 -0.75487441 -0.74975133 -0.74335492 -0.74024230 -0.71666658 -0.71454769 -0.95197201 -1.20723391 -1.32385957 -1.32487655 -1.51110435 -1.85795069 -1.81332564 -1.79556596 -1.73457432 -1.63314390 -1.64464831 -1.75808811 -1.83229518 -1.83963108 -1.81971550 -1.81827164 -1.81667697 -1.80215526 -1.78337443 -1.77267992 -1.77985585 -1.77474999 -1.75229228 -1.73635471 -1.71695268 -1.76130068 -1.85211945 -1.11792982 0.31279984 0.75033265 0.18678609 -0.59268820 -0.72837228 -0.76498747 -0.79998720 -0.91124016
-0.74655449 -0.74916542 -0.75174737 -0.75394624 -0.75615048 -0.75888002 -0.75976574 -0.75774354 -0.76143098 -0.76525795 -0.76483440 -0.76138711 -0.76069903 -0.75792092 -0.75542074 -0.75420928 -0.75115651 -0.74575043 -0.73903507 -0.72756940 -0.69771826 -1.05013692 -1.50358748 -1.69540787 -1.51575363 -1.58198476 -1.72686577 -1.72538316 -1.73952866 -1.76103723 -1.68249130 -1.60826874 -1.60666621 -1.72565043 -1.80800879 -1.82684004 -1.82063615 -1.81338954 -1.81166410 -1.79383624 -1.77929819 -1.77043557 -1.75982261 -1.73937988 -1.71235061 -1.69764054 -1.70409966 -1.77071381 -1.81469488 -0.90019876 0.75508100 1.21589923 0.39403692 -0.54810756 -0.75562310 -0.87345272 -0.87279987 -0.88442492
-0.74088120 -0.74377990 -0.74880534 -0.75060397 -0.75237888 -0.75586194 -0.75605816 -0.75934762 -0.76276028 -0.76185817 -0.76069880 -0.75872105 -0.75554496 -0.74846745 -0.74780053 -0.74468631 -0.74513030 -0.74142230 -0.73026532 -0.70818651 -0.96187824 -1.62098134 -2.06323767 -2.00220251 -1.85171461 -1.72537029 -1.64460957 -1.68856645 -1.74052036 -1.73289454 -1.68185544 -1.59987998 -1.57984078 -1.70731044 -1.80025256 -1.83189130 -1.82690954 -1.81329215 -1.80096745 -1.78626704 -1.77457988 -1.76607573 -1.74210429 -1.70851529 -1.66861582 -1.65029550 -1.65425456 -1.73515201 -1.77684987 -0.76936150 0.93532765 1.29711473 0.28660712 -0.69352120 -0.81886220 -0.85471797 -0.84448642 -0.85560530
-0.73911422 -0.73945743 -0.74323589 -0.74543995 -0.74821204 -0.74994344 -0.75206017 -0.75527251 -0.75620973 -0.75820333 -0.75625789 -0.75354826 -0.74960643 -0.74271816 -0.73856413 -0.73734534 -0.73332405 -0.72907400 -0.71886384 -0.79905236 -1.45387030 -2.22604990 -2.47910571 -2.20718479 -1.77570760 -1.68012178 -1.67074680 -1.73024523 -1.75093114 -1.74171531 -1.69235229 -1.60593975 -1.57436240 -1.70016146 -1.80649996 -1.85323429 -1.83906960 -1.80828726 -1.80230832 -1.79168046 -1.78360462 -1.77113664 -1.74012244 -1.69715071 -1.65968883 -1.63821542 -1.64205396 -1.74375570 -1.76777041 -0.64299595 0.94440579 1.11691391 0.08813807 -0.80323404 -0.79213589 -0.82180887 -0.83819717 -0.85172820
-0.72816390 -0.73118418 -0.73460948 -0.73555738 -0.74048573 -0.74084955 -0.74258113 -0.74756086 -0.74901849 -0.74832773 -0.74849284 -0.74590617 -0.74022359 -0.73441154 -0.73065990 -0.72781581 -0.72495455 -0.71932018 -0.70848525 -1.06174922 -1.96869898 -2.65145564 -2.59898973 -1.95194364 -1.74383748 -1.69453049 -1.68211222 -1.74419272 -1.77192652 -1.76224327 -1.70128012 -1.60298276 -1.56600344 -1.68576133 -1.79802036 -1.84529448 -1.82884073 -1.79444981 -1.79375899 -1.78706694 -1.77746642 -1.76437247 -1.74595952 -1.70517886 -1.66329765 -1.62977231 -1.65742862 -1.80324972 -1.71728039 -0.43320081 0.97317666 0.85497153 -0.18748040 -0.85531992 -0.78721225 -0.81670624 -0.83543342 -0.84784186
-0.72716808 -0.72840488 -0.73121804 -0.73186505 -0.72986299 -0.73274851 -0.73542947 -0.73714018 -0.74000585 -0.74079758 -0.74125761 -0.73960787 -0.73469156 -0.72972339 -0.72145033 -0.71599215 -0.71367139 -0.70717520 -0.77062005 -1.48737800 -2.50336313 -2.85089517 -2.31449223 -1.80509293 -1.70438588 -1.61968148 -1.63845730 -1.72597814 -1.77376914 -1.77569473 -1.70317566 -1.59551132 -1.55953395 -1.66291416 -1.76928937 -1.81786191 -1.79620767 -1.77442718 -1.77927148 -1.77731383 -1.75929439 -1.74486089 -1.73238242 -1.70394802 -1.65759873 -1.61698699 -1.68547606 -1.83766687 -1.42737412 -0.01461958 1.04198337 0.53137195 -0.49225801 -0.85357207 -0.78114253 -0.81237382 -0.82391232 -0.83989733
-0.72713542 -0.72593200 -0.72612584 -0.72615129 -0.72362483 -0.72697783 -0.73033834 -0.73148501 -0.73215985 -0.73149890 -0.73348969 -0.73288822 -0.72760957 -0.72384846 -0.71626741 -0.71004558 -0.70529497 -0.69420207 -0.98657984 -1.95772505 -2.83900905 -2.75966525 -2.08738112 -1.81460690 -1.68242502 -1.57689559 -1.58778095 -1.68929672 -1.77165473 -1.79446530 -1.72635901 -1.61393738 -1.58588660 -1.68175268 -1.77577937 -1.80918825 -1.79212797 -1.77783537 -1.77705121 -1.77484405 -1.75579250 -1.73891616 -1.73303699 -1.71158624 -1.65700769 -1.60906720 -1.74691999 -1.84536636 -0.97474319 0.53395188 1.06385040 0.20007263 -0.66777056 -0.85660142 -0.78853130 -0.80441499 -0.81914502 -0.83751351
-0.72734940 -0.72683030 -0.72079837 -0.71904814 -0.71836913 -0.72105378 -0.72355711 -0.72418648 -0.72555029 -0.72527778 -0.72507519 -0.72454119 -0.72183698 -0.71606940 -0.71196896 -0.70718497 -0.69928592 -0.70802480 -1.26692283 -2.39197469 -2.98555613 -2.55515480 -1.97926688 -1.81622267 -1.68801618 -1.58388066 -1.54263473 -1.64076078 -1.74683273 -1.78950429 -1.73916745 -1.64544797 -1.63651800 -1.72281396 -1.78847945 -1.80759299 -1.79594827 -1.78388822 -1.78252637 -1.77689672 -1.75688803 -1.74012756 -1.73585188 -1.71097624 -1.64324856 -1.61866093 -1.79509938 -1.71998715 -0.46382764 0.97565860 0.91832751 -0.12779386 -0.81080091 -0.80556566 -0.78824395 -0.80431116 -0.81952161 -0.83498710
-0.72787929 -0.71947092 -0.71615666 -0.71462786 -0.71287900 -0.71690446 -0.71977931 -0.71928918 -0.72029364 -0.71959585 -0.71938312 -0.71883732 -0.71838158 -0.71300429 -0.70907801 -0.70255560 -0.68880999 -0.78090501 -1.66808379 -2.78096032 -2.93342328 -2.34796262 -1.92412484 -1.80270326 -1.71546257 -1.61389410 -1.54480124 -1.59194005 -1.70050073 -1.77046323 -1.73860919 -1.66964626 -1.66783142 -1.74668956 -1.79142570 -1.80792284 -1.79210246 -1.78378117 -1.77602446 -1.77274323 -1.76139355 -1.74290133 -1.73669493 -1.70620561 -1.64622009 -1.64786017 -1.83494055 -1.47343719 0.08534446 1.29673493 0.73339874 -0.39300469 -0.83197528 -0.76622480 -0.78603661 -0.80478114 -0.81465632 -0.83098191
-0.71630555 -0.71381098 -0.71009564 -0.70851690 -0.70903271 -0.71416473 -0.71455342 -0.71391559 -0.71578759 -0.71524978 -0.71729070 -0.71354985 -0.71041107 -0.70910150 -0.70344210 -0.69812608 -0.68618423 -0.99936461 -2.05840874 -2.99672437 -2.80940509 -2.14203119 -1.87819338 -1.80576420 -1.75466418 -1.68250155 -1.59999764 -1.58482826 -1.66961801 -1.74788773 -1.73885953 -1.68678629 -1.69345117 -1.75489080 -1.79328442 -1.80411887 -1.80557060 -1.78770447 -1.77321851 -1.77428544 -1.76614296 -1.74991000 -1.73856258 -1.71609831 -1.66409492 -1.67769444 -1.84813976 -1.21552956 0.53142089 1.37015498 0.50456309 -0.56512570 -0.80927002 -0.76589447 -0.78841174 -0.80121469 -0.81565464 -0.83041996
-0.70745325 -0.70481604 -0.70301920 -0.70601636 -0.70660377 -0.70652264 -0.70919228 -0.71037692 -0.71085882 -0.71140277 -0.71292347 -0.71046883 -0.70591694 -0.70122969 -0.69619852 -0.68780017 -0.67467564 -1.26488805 -2.39849997 -2.99937057 -2.52088547 -2.01975369 -1.84474444 -1.81493783 -1.79096532 -1.73729253 -1.67050648 -1.61968577 -1.65667427 -1.72947979 -1.73212707 -1.70189548 -1.72569549 -1.77090716 -1.79468858 -1.81114924 -1.80103338 -1.78905380 -1.77462077 -1.77334416 -1.77216125 -1.75724697 -1.74483669 -1.72688353 -1.67945850 -1.70485950 -1.81203425 -0.91888416 0.85631931 1.35859430 0.34007218 -0.69755346 -0.76672375 -0.76976579 -0.78902668 -0.80416530 -0.81573260 -0.82577133
-0.69805783 -0.69911289 -0.69992989 -0.70036620 -0.70149004 -0.70230383 -0.70332897 -0.70390636 -0.70815045 -0.70735300 -0.70377105 -0.70353991 -0.69778514 -0.69352615 -0.68877792 -0.67143565 -0.77932906 -1.67415488 -2.68237782 -2.80831146 -2.20634627 -1.90503120 -1.80993640 -1.80903292 -1.79126620 -1.76236701 -1.71560872 -1.64917469 -1.64894247 -1.70176780 -1.72084570 -1.72239363 -1.75619316 -1.77915645 -1.79058802 -1.80134749 -1.79910064 -1.78430235 -1.77510679 -1.77467263 -1.77065253 -1.75455105 -1.74559736 -1.73078680 -1.68747759 -1.72678769 -1.74899173 -0.62523514 1.12398481 1.39978492 0.33771780 -0.67157954 -0.73757708 -0.76643652 -0.78548169 -0.80037624 -0.81363118 -0.82377523
-0.69442528 -0.69353300 -0.69376457 -0.69498259 -0.69597286 -0.69748908 -0.69562238 -0.69836837 -0.70163637 -0.69926226 -0.69746107 -0.69437641 -0.69206232 -0.68525839 -0.66884047 -0.63271958 -1.13429809 -2.08811116 -2.69752288 -2.38245344 -1.91741824 -1.83608317 -1.79844475 -1.79575765 -1.78706503 -1.77307153 -1.74341965 -1.67195857 -1.63964176 -1.69080353 -1.71506214 -1.75937355 -1.79745758 -1.79563117 -1.79374325 -1.79796076 -1.79219425 -1.78796577 -1.77944362 -1.77505231 -1.77216554 -1.75568378 -1.75177085 -1.73920667 -1.69506860 -1.71989286 -1.67223191 -0.47497621 1.25062406 1.49338937 0.50080085 -0.50017858 -0.71640253 -0.76354235 -0.78518933 -0.79684979 -0.80749869 -0.81977481
-0.69059378 -0.69076824 -0.69078279 -0.69033134 -0.69042319 -0.69317353 -0.69454765 -0.69208217 -0.69227290 -0.69183832 -0.68982804 -0.68763822 -0.68316966 -0.67736709 -0.66401267 -0.88030201 -1.67161810 -2.44542170 -2.58994222 -2.03360558 -1.84738207 -1.81088042 -1.77487159 -1.76907158 -1.76522863 -1.76661074 -1.74543953 -1.67457795 -1.61365271 -1.64742887 -1.70665169 -1.78153872 -1.82403076 -1.80406570 -1.79100192 -1.78606415 -1.78055370 -1.77007473 -1.76782238 -1.76479995 -1.76264036 -1.75007892 -1.74446416 -1.73983252 -1.69542861 -1.68450308 -1.65885806 -0.59586728 1.15116394 1.55152798 0.75764000 -0.29608023 -0.69022167 -0.75779074 -0.77755845 -0.79129994 -0.80220032 -0.81400162
-0.68274784 -0.68499523 -0.68585485 -0.68449944 -0.68468481 -0.68829495 -0.68833899 -0.68900543 -0.68859261 -0.68507355 -0.68400979 -0.68036127 -0.67516559 -0.66624594 -0.67270237 -1.24100339 -2.26019645 -2.74142265 -2.42224813 -1.79534233 -1.79688656 -1.77843010 -1.76072788 -1.73927164 -1.74414003 -1.74600255 -1.73132443 -1.65303731 -1.56391191 -1.57734919 -1.66378868 -1.77971566 -1.82915986 -1.79317772 -1.76893067 -1.75969923 -1.74877357 -1.74268055 -1.74360752 -1.74341214 -1.73901880 -1.72989726 -1.73056614 -1.72258151 -1.67747331 -1.62936234 -1.65268314 -0.90776819 0.77743161 1.55514228 0.97034091 -0.03641099 -0.63180727 -0.74729127 -0.76819801 -0.78601724 -0.79693598 -0.80754119
-0.68307006 -0.68148744 -0.67980200 -0.68277383 -0.68488866 -0.68571556 -0.68845350 -0.68843919 -0.68183851 -0.68314952 -0.68024665 -0.67384255 -0.66929871 -0.65662742 -0.81860149 -1.69841897 -2.77237844 -2.88378882 -2.16627049 -1.75880659 -1.78366184 -1.77813172 -1.76197958 -1.74108696 -1.74591160 -1.75411510 -1.73754930 -1.65586841 -1.54692674 -1.53118873 -1.63492715 -1.77721965 -1.82819414 -1.79931092 -1.77597475 -1.75841820 -1.74263251 -1.73371148 -1.73663163 -1.73963177 -1.73404121 -1.72789621 -1.73215830 -1.72385263 -1.67736280 -1.59918118 -1.65595424 -1.25477993 0.22828627 1.47679400 1.15000570 0.15375245 -0.57918888 -0.73853570 -0.76324910 -0.77897286 -0.78969479 -0.80445147
-0.67879730 -0.68000597 -0.67905825 -0.67880833 -0.68065077 -0.68738407 -0.68615317 -0.68445528 -0.68446124 -0.68109858 -0.67413867 -0.66793460 -0.66329175 -0.66387933 -1.02247119 -2.11714935 -3.09033322 -2.81344867 -2.04027534 -1.73962772 -1.76116443 -1.78727758 -1.77379715 -1.75967681 -1.76045561 -1.76235139 -1.74739254 -1.68057311 -1.56484306 -1.52848208 -1.61952829 -1.76487887 -1.82725537 -1.81800938 -1.80043340 -1.77540505 -1.74855018 -1.74025333 -1.73740363 -1.74099278 -1.73740029 -1.73536754 -1.74688745 -1.73802233 -1.67983198 -1.59149504 -1.65860045 -1.52286863 -0.20735285 1.35570753 1.21976602 0.26142633 -0.57066530 -0.73398334 -0.76209891 -0.77676350 -0.79019219 -0.80108130
-0.67806882 -0.67589045 -0.67444706 -0.67750454 -0.68141174 -0.68563133 -0.68526995 -0.68353724 -0.68112361 -0.67722923 -0.67216671 -0.66623753 -0.65849835 -0.66984463 -1.24190784 -2.47078013 -3.24058390 -2.74975634 -2.03004766 -1.71482253 -1.75386131 -1.79093647 -1.79045975 -1.77576745 -1.76739550 -1.76323247 -1.75294065 -1.69932520 -1.59430158 -1.54276204 -1.62434387 -1.74939454 -1.82158589 -1.83093166 -1.81699359 -1.78428257 -1.75922883 -1.74737430 -1.74400532 -1.74600172 -1.74038911 -1.73667455 -1.75274312 -1.73981500 -1.67004406 -1.57511640 -1.64166892 -1.64837813 -0.47344026 1.19967115 1.22722840 0.24782565 -0.60136181 -0.72722787 -0.75751710 -0.77512372 -0.78435391 -0.79724783
-0.66739351 -0.67082304 -0.67019194 -0.67143971 -0.67547506 -0.67578536 -0.68078202 -0.67782223 -0.67436475 -0.67125660 -0.66256350 -0.65754879 -0.65596753 -0.67715347 -1.39988339 -2.72571588 -3.28563833 -2.75903821 -2.00566840 -1.68346465 -1.74552917 -1.79505670 -1.80189371 -1.78660548 -1.77105510 -1.76214051 -1.75451303 -1.71635795 -1.62098300 -1.57291532 -1.63190544 -1.73534191 -1.80595064 -1.83408499 -1.82044768 -1.79361868 -1.76548934 -1.75305486 -1.74828494 -1.74839330 -1.73836184 -1.74189770 -1.75382304 -1.72483861 -1.64940608 -1.55978429 -1.66435671 -1.74555087 -0.55416429 1.10012722 1.19183481 0.13983901 -0.69755179 -0.72519922 -0.75398403 -0.76652688 -0.77810818 -0.79164040
-0.66290081 -0.66486353 -0.66487235 -0.66471982 -0.66946483 -0.67214113 -0.67346770 -0.67391145 -0.67085171 -0.66558701 -0.65955460 -0.65622598 -0.65168989 -0.68896228 -1.48242211 -2.84720469 -3.25046659 -2.72686386 -1.93355155 -1.66147733 -1.72115231 -1.78873980 -1.80453682 -1.78417611 -1.76492536 -1.74550462 -1.73764014 -1.70911264 -1.63281739 -1.58756149 -1.63157737 -1.70757127 -1.78092873 -1.81753433 -1.80732071 -1.78532994 -1.76296663 -1.75149727 -1.75158727 -1.74476445 -1.74371243 -1.73911309 -1.73963439 -1.69368112 -1.61017585 -1.53282332 -1.68943346 -1.75327373 -0.45422032 1.16161299 1.08762991 -0.02311670 -0.75410223 -0.73242921 -0.75378990 -0.76862592 -0.77945256 -0.78887302
-0.65761393 -0.66077638 -0.66022140 -0.66217047 -0.66557938 -0.66877508 -0.67194855 -0.67096668 -0.66864371 -0.66591942 -0.65715241 -0.65398848 -0.64766556 -0.68660015 -1.55096018 -2.89908075 -3.17861032 -2.66760087 -1.85359859 -1.64040887 -1.70775080 -1.77735221 -1.80399644 -1.78837633 -1.76521325 -1.75140095 -1.73973715 -1.70659089 -1.64033782 -1.59568918 -1.63142514 -1.68997395 -1.77179539 -1.80940735 -1.79836583 -1.78322434 -1.76420784 -1.75776196 -1.75872433 -1.75857043 -1.75287652 -1.75324202 -1.74161172 -1.67613721 -1.59486508 -1.52473664 -1.73607051 -1.69999588 -0.20616749 1.27811003 1.03133988 -0.16880572 -0.74914163 -0.73296839 -0.75526875 -0.77216256 -0.77952504 -0.79174483
-0.65724474 -0.65870750 -0.65775096 -0.65956503 -0.66069615 -0.66500056 -0.66911358 -0.67151606 -0.66833085 -0.66650468 -0.66220373 -0.65679115 -0.64580023 -0.72559690 -1.64519632 -2.97181487 -3.11986375 -2.58005476 -1.79303634 -1.63917649 -1.69938159 -1.76944613 -1.79652369 -1.79020071 -1.77449691 -1.76595366 -1.75507426 -1.72047901 -1.65629900 -1.60723102 -1.62792170 -1.68570316 -1.76388657 -1.80646849 -1.80151427 -1.78253841 -1.76347804 -1.76147115 -1.76430655 -1.76466072 -1.76732075 -1.76858699 -1.73328209 -1.66704404 -1.59302628 -1.54472125 -1.79063797 -1.63935137 0.06943773 1.45449698 0.90282732 -0.25178948 -0.76631057 -0.74403048 -0.76478034 -0.77650058 -0.78537709 -0.79445887
-0.65347123 -0.65475368 -0.65398234 -0.65451097 -0.65832114 -0.66188157 -0.66422635 -0.66668403 -0.66674024 -0.66710961 -0.66113335 -0.65336758 -0.64509094 -0.77920818 -1.78635859 -3.08094049 -3.11780572 -2.55248308 -1.77557719 -1.63987410 -1.68769252 -1.74733889 -1.78220558 -1.78807282 -1.78255856 -1.78316498 -1.77457190 -1.74384141 -1.68020070 -1.62801111 -1.61565781 -1.66082168 -1.74007857 -1.79077411 -1.78022659 -1.75863862 -1.75215364 -1.75602663 -1.76169777 -1.77324653 -1.77579093 -1.76345789 -1.71669030 -1.63420212 -1.57441795 -1.55118561 -1.83130956 -1.57555187 0.22419056 1.50966358 0.84389675 -0.34248751 -0.73648953 -0.75121421 -0.77090424 -0.78316718 -0.79085624 -0.80042922
-0.64655238 -0.64668542 -0.64637685 -0.64770305 -0.65054101 -0.65229243 -0.65466434 -0.65854186 -0.65888143 -0.65949112 -0.65478367 -0.64940834 -0.64272344 -0.82303697 -1.89723361 -3.18569613 -3.20111418 -2.60298514 -1.78494358 -1.64356911 -1.66693628 -1.70968473 -1.74756062 -1.76019108 -1.77516782 -1.77965331 -1.77728820 -1.75254476 -1.70556235 -1.64428449 -1.61155248 -1.63876545 -1.71400225 -1.77151334 -1.76055634 -1.73423874 -1.73518050 -1.74119508 -1.75786459 -1.77243578 -1.77590263 -1.74531281 -1.68536997 -1.60489178 -1.56021821 -1.54745805 -1.85999036 -1.55980074 0.31206563 1.51581860 0.79068071 -0.34187886 -0.70266575 -0.75014955 -0.76696277 -0.78239751 -0.78986108 -0.79884928
-0.63459748 -0.63417810 -0.63634938 -0.63614565 -0.63850605 -0.64126664 -0.64091015 -0.64452028 -0.64657378 -0.64802378 -0.64661574 -0.64036232 -0.63676572 -0.83258235 -1.93281341 -3.25192761 -3.31339455 -2.73974228 -1.86788142 -1.66717911 -1.66737485 -1.70033038 -1.72741568 -1.74891579 -1.76357687 -1.76711237 -1.76793921 -1.75714123 -1.72730505 -1.67122173 -1.63223648 -1.64220428 -1.72000170 -1.78886366 -1.77583897 -1.74870050 -1.74725270 -1.75231862 -1.76844060 -1.79448664 -1.78562784 -1.74367976 -1.67108154 -1.59737670 -1.56769717 -1.56928098 -1.94594300 -1.62323022 0.29233733 1.49681115 0.75931072 -0.39542636 -0.70227963 -0.74865937 -0.76346791 -0.77592635 -0.78595448 -0.79014105
-0.62246877 -0.62309813 -0.62335485 -0.62703693 -0.62572706 -0.62492931 -0.62739724 -0.63014650 -0.63553095 -0.63621998 -0.63350099 -0.62827057 -0.62852746 -0.78685123 -1.83472478 -3.18234634 -3.44250607 -2.96570992 -2.04807639 -1.68423748 -1.66556585 -1.68571937 -1.70487368 -1.72020364 -1.72760379 -1.72810233 -1.72592068 -1.71896398 -1.70249689 -1.66225481 -1.62396944 -1.64210224 -1.72050560 -1.77805018 -1.77428627 -1.75208414 -1.74222291 -1.74569404 -1.77446067 -1.79490900 -1.78439760 -1.73626614 -1.65107298 -1.58507240 -1.57055819 -1.57842791 -1.99046576 -1.65742457 0.31439608 1.42227006 0.54598230 -0.54333341 -0.72074139 -0.74727190 -0.76104039 -0.77221948 -0.78087193 -0.78552651
-0.61058384 -0.61248493 -0.61237299 -0.61409467 -0.61574465 -0.61475104 -0.61540025 -0.61782616 -0.62185818 -0.62699360 -0.62462956 -0.61827374 -0.61760372 -0.73525232 -1.57811272 -2.94931769 -3.49547625 -3.20455980 -2.25393653 -1.71227872 -1.65411687 -1.65596056 -1.66668284 -1.67165303 -1.67570043 -1.67652130 -1.67632604 -1.67030334 -1.65251899 -1.61872888 -1.57928360 -1.59943867 -1.66848671 -1.72229815 -1.73212492 -1.72558129 -1.71480119 -1.71666491 -1.74235153 -1.76134551 -1.75322390 -1.70424902 -1.62004054 -1.56871903 -1.53952038 -1.63074255 -2.04937291 -1.41840565 0.47772625 1.31898677 0.31202567 -0.69913691 -0.72143340 -0.75038952 -0.76281476 -0.77052355 -0.78193557 -0.78863835
-0.59475470 -0.59450954 -0.57178867 -0.56400996 -0.58278000 -0.60436356 -0.60564375 -0.60880452 -0.60832995 -0.59114158 -0.56486779 -0.53938991 -0.49275014 -0.53137839 -1.14034534 -2.50272584 -3.40535235 -3.37260413 -2.56487513 -1.88880980 -1.66689730 -1.66330361 -1.66142225 -1.66168642 -1.66103876 -1.66072440 -1.66196322 -1.65586054 -1.63417280 -1.60314703 -1.57614338 -1.58715010 -1.64011931 -1.68746150 -1.71393883 -1.71212518 -1.69737506 -1.69849086 -1.71777487 -1.73863351 -1.72102177 -1.67931998 -1.61677027 -1.57456064 -1.53366446 -1.72561777 -2.10539079 -1.04338956 0.79930592 1.18623734 0.03841426 -0.79431540 -0.72481269 -0.75050390 -0.76385152 -0.77198559 -0.78105450 -0.79121470
-0.51578480 -0.43123925 -0.29379290 -0.22181924 -0.30839136 -0.44263771 -0.52266699 -0.49961960 -0.44064620 -0.35367540 -0.26690686 -0.14017308 0.01102506 0.02531899 -0.35511118 -1.51839542 -2.74548507 -3.23000789 -2.83010197 -2.16857934 -1.75148809 -1.70471132 -1.69420898 -1.68196738 -1.67667007 -1.67565703 -1.67500222 -1.67062986 -1.64950609 -1.61607218 -1.59688962 -1.59675312 -1.63037419 -1.68509877 -1.72523642 -1.72787344 -1.71241331 -1.71345794 -1.72872746 -1.74176145 -1.72398269 -1.67479038 -1.63121998 -1.61030388 -1.56106424 -1.82559466 -2.02457476 -0.54484618 1.09117723 0.93355745 -0.32887909 -0.81332350 -0.73953873 -0.75417370 -0.76347691 -0.77436459 -0.78393054 -0.79064381
-0.57917494 -0.01271120 0.60214072 0.73352689 0.49061659 0.02708374 -0.29037526 -0.29780862 -0.20357060 -0.04948014 0.13797435 0.35254931 0.56659138 0.63784277 0.56884813 -0.04985606 -1.40351307 -2.42117524 -2.61373901 -2.26245689 -1.89937127 -1.74396348 -1.72294366 -1.70456445 -1.70117283 -1.69494605 -1.69974267 -1.69542778 -1.67417622 -1.64733446 -1.62691510 -1.59478641 -1.61360383 -1.68494594 -1.74660635 -1.74303210 -1.73009109 -1.73222625 -1.74333870 -1.75168252 -1.71971714 -1.67732656 -1.65213144 -1.64864600 -1.63957238 -1.89796543 -1.68412745 0.04731141 1.29777217 0.60568374 -0.59074324 -0.80745327 -0.74156874 -0.75379878 -0.76442814 -0.77335489 -0.78137648 -0.78885525
-1.16610181 -0.24919015 0.71649790 1.09138596 0.86870748 0.39986891 -0.06884562 -0.25977328 -0.24647772 -0.26063108 -0.27569306 -0.21447943 -0.14110509 -0.09022078 0.08998284 0.08301337 -0.59191579 -1.64719820 -2.19056273 -2.08346915 -1.84112024 -1.73926151 -1.72763097 -1.71316373 -1.70977473 -1.70648313 -1.70826113 -1.70012259 -1.68886340 -1.66934347 -1.63347709 -1.58506501 -1.59604645 -1.67321455 -1.73373759 -1.73394597 -1.72440839 -1.72803402 -1.73951542 -1.74263096 -1.70580947 -1.66081202 -1.65107143 -1.66446817 -1.75016582 -1.98715198 -1.20417666 0.58803988 1.29628468 0.25260121 -0.74195969 -0.75242376 -0.74324638 -0.75412619 -0.76348144 -0.77363378 -0.77896845 -0.78699648
-1.86580372 -0.98736042 -0.15879400 0.30009055 0.34748578 0.00795557 -0.42008430 -0.64564228 -0.78085732 -0.92175537 -1.04650235 -1.01527190 -0.91496426 -0.92977637 -0.81238812 -0.56654823 -0.68742669 -1.32286406 -1.87396586 -1.86279416 -1.77421010 -1.70868301 -1.71092856 -1.70099413 -1.70096982 -1.69895363 -1.69961441 -1.69021416 -1.68217623 -1.67167187 -1.62681305 -1.56964493 -1.57772171 -1.65761542 -1.70490181 -1.70089531 -1.70643961 -1.70737696 -1.71590149 -1.71871996 -1.68018579 -1.62364364 -1.63944209 -1.73285925 -1.91776431 -1.99688864 -0.77517974 0.92407018 1.00944591 -0.12387305 -0.81930149 -0.73019040 -0.74237525 -0.75460148 -0.76628512 -0.77316678 -0.78263158 -0.79053450
-2.45182753 -1.54195952 -0.87449133 -0.52294117 -0.51740408 -0.79367650 -1.13387632 -1.39512336 -1.47181678 -1.45856583 -1.41408324 -1.43284166 -1.41654503 -1.42640579 -1.36113894 -1.15979838 -1.09052098 -1.35684264 -1.68825781 -1.84065366 -1.74246252 -1.69917953 -1.69680202 -1.69336629 -1.70335376 -1.69848919 -1.69691992 -1.68495512 -1.68027115 -1.68096137 -1.63976276 -1.58765578 -1.60309184 -1.65728402 -1.68872976 -1.69286561 -1.70118248 -1.70034635 -1.70589125 -1.70594513 -1.66290629 -1.60976386 -1.66888475 -1.83371007 -1.95845735 -1.68642044 -0.39694700 0.77557260 0.43748981 -0.49951512 -0.79766572 -0.72734499 -0.74331057 -0.75714952 -0.76482898 -0.77315444 -0.78160226 -0.78657764
-2.57489061 -1.90975714 -1.46453989 -1.28009295 -1.25695860 -1.29923618 -1.45403612 -1.49316764 -1.54717124 -1.53109109 -1.52636743 -1.55463254 -1.57620156 -1.62268043 -1.63722920 -1.60067415 -1.50258470 -1.52359676 -1.58521330 -1.69710648 -1.72139657 -1.69103825 -1.68641889 -1.69202590 -1.70417249 -1.69960415 -1.68100536 -1.65780902 -1.66291726 -1.68477011 -1.66268420 -1.62894392 -1.63682699 -1.66977596 -1.68808901 -1.68539786 -1.70677555 -1.70219159 -1.70303917 -1.70613158 -1.66788208 -1.62666965 -1.68140924 -1.76005960 -1.61432230 -0.98476470 0.09937204 0.58349186 -0.06678975 -0.65701652 -0.77208847 -0.73164588 -0.74272305 -0.75320572 -0.76591682 -0.77450722 -0.77908045 -0.78726268
-2.73695159 -2.16393185 -1.67683697 -1.51459348 -1.49720156 -1.49016106 -1.47123516 -1.56394541 -1.61917508 -1.64110231 -1.66830778 -1.74719179 -1.84369099 -1.87885869 -1.91105330 -1.93032193 -1.86126173 -1.85052633 -1.81762385 -1.76152945 -1.79238701 -1.76911390 -1.76082063 -1.74507594 -1.74425781 -1.74741781 -1.71632802 -1.64795828 -1.63896263 -1.67973185 -1.67454374 -1.64208138 -1.64747536 -1.66652811 -1.67935228 -1.67357385 -1.67954874 -1.67753875 -1.67869055 -1.66862488 -1.64326429 -1.60619235 -1.66211903 -1.64956760 -1.04107571 0.03887520 0.77225363 0.64911038 -0.26771718 -0.75646782 -0.74174875 -0.73410368 -0.74644059 -0.75725508 -0.76485997 -0.77423066 -0.78018022 -0.77864897
-3.14933300 -2.61284685 -2.06044745 -1.73880422 -1.64712572 -1.69008422 -1.79569316 -1.81945539 -1.75100470 -1.76817465 -1.95044148 -2.19944048 -2.39618587 -2.47767639 -2.49999523 -2.50241184 -2.49435019 -2.49226570 -2.46302247 -2.43120670 -2.42925954 -2.40296841 -2.35452938 -2.31909156 -2.33226562 -2.35599017 -2.31659079 -2.21069360 -2.14147758 -2.12940145 -2.09246063 -2.00984120 -2.01555014 -1.99803102 -1.92865241 -1.86896789 -1.89111137 -1.91733873 -1.89647675 -1.86308205 -1.81000698 -1.74101627 -1.76496398 -1.71634710 -0.79671705 0.64160728 1.27974629 0.65227574 -0.19551775 -0.53320622 -0.51410931 -0.53602254 -0.56501806 -0.58442557 -0.60352737 -0.62715137 -0.64443201 -0.65328807
-3.05584335 -3.04424477 -2.77996755 -2.53317904 -2.37888551 -2.23543525 -2.15303302 -2.02635241 -1.83603513 -1.81563461 -1.93625987 -2.06034374 -2.19048166 -2.25960183 -2.30857682 -2.34157014 -2.38473535 -2.45041466 -2.48279166 -2.50224590 -2.59722352 -2.63958740 -2.62479138 -2.62334514 -2.66628838 -2.72662091 -2.76416922 -2.72802448 -2.71093917 -2.76134348 -2.78308821 -2.82770014 -2.82369471 -2.64778304 -2.45766020 -2.39516068 -2.45616293 -2.53692532 -2.55854225 -2.57780337 -2.49740863 -2.35798383 -2.29415798 -2.22249818 -1.25530255 0.37477434 0.70325738 0.23777741 -0.34503764 -0.53938001 -0.49912441 -0.50278378 -0.49197131 -0.44136053 -0.42157859 -0.42675585 -0.39705965 -0.33065811
