230 230 230 230 231 233 230 231 231 233 231 234 232 232 231 232 233 231 232 233 233 234 234 234 233 234 233 233 236 234 236 237 237 235 235 236 238 237 237 236 238 238 236 236 238 237 238 236 238 238 240 238 239 240 240 240 239 239 239 240 238 238 238 238 238 238 238 238 238 240 238 239 236 237 236 236 236 237 237 236 236 237 235 236 236 235 234 232 233 232 233 235 232 229 229 232 234 234 234 235 236 237 235 236 237 237 236 237 238 239 238 238 239 238 238 239 239 238 240 240 240 240 240 241 241 239 242 244
230 230 230 230 232 232 230 231 231 232 233 233 232 232 232 232 233 234 232 232 233 232 233 234 235 235 233 233 236 235 235 234 236 237 237 235 235 237 236 235 235 238 236 236 238 237 236 236 237 238 237 237 236 238 238 239 238 239 240 238 237 237 235 237 238 238 238 237 238 238 237 237 236 238 238 237 237 235 235 235 235 236 236 235 235 235 234 232 234 234 233 232 226 208 205 229 235 234 235 236 236 237 236 236 237 236 236 236 237 237 238 237 239 238 238 239 238 238 241 240 239 242 228 217 246 243 243 240
228 230 230 231 231 231 232 232 231 232 232 231 232 232 233 232 231 233 232 234 235 234 234 234 234 235 234 236 235 235 235 236 236 236 236 236 236 237 236 235 236 236 237 237 238 238 237 237 237 238 239 238 241 239 240 238 240 239 239 238 239 238 238 239 238 238 238 240 238 238 238 239 239 239 238 235 236 236 236 237 236 236 236 236 236 235 233 234 235 233 233 233 217 159 145 199 238 236 234 236 236 237 237 237 237 238 238 236 239 237 238 240 239 239 240 238 240 239 240 240 240 238 157 230 246 244 242 243
229 229 231 231 230 229 231 231 231 230 230 229 232 232 230 231 231 231 233 232 233 234 234 234 233 234 234 236 235 235 235 232 234 237 236 236 236 235 235 236 236 237 235 240 239 236 236 236 237 237 237 238 238 238 239 238 236 238 237 237 238 238 236 239 237 237 237 237 236 238 238 238 238 237 237 236 236 235 235 236 235 237 235 234 236 235 235 233 233 232 233 231 188 76 41 88 207 234 233 235 236 237 237 234 236 236 236 234 238 238 237 240 239 238 238 239 239 238 239 241 245 164 178 247 243 230 235 243
229 229 229 232 232 230 229 229 230 230 231 231 231 231 231 232 230 232 234 234 233 234 232 234 235 235 234 235 235 234 235 234 236 235 236 236 237 237 237 237 237 236 237 240 238 237 238 238 238 237 239 240 239 239 240 237 238 238 239 238 238 239 239 241 239 236 237 238 239 240 238 239 237 235 237 236 236 236 237 238 238 236 236 236 235 236 235 233 234 233 232 202 64 15 15 13 52 186 226 235 235 236 236 236 239 237 236 235 237 238 238 238 241 240 241 239 237 237 244 231 136 52 216 245 229 216 241 246
229 229 228 230 232 230 228 228 229 231 231 230 230 232 230 232 232 232 232 231 232 233 234 232 233 235 234 232 234 233 233 234 235 234 235 236 236 235 235 235 237 235 235 237 236 237 237 237 237 236 237 237 238 239 238 237 237 237 237 238 239 237 236 237 237 236 238 236 237 238 238 237 235 234 237 236 235 235 236 236 235 233 233 235 233 233 233 232 233 232 222 88 18 25 27 26 19 61 187 228 233 235 234 234 237 236 236 236 236 237 237 238 238 240 238 237 239 240 189 79 26 99 226 235 207 226 244 245
229 230 230 231 231 230 230 231 231 231 231 231 231 232 231 231 232 232 231 231 232 233 233 235 234 235 234 235 234 234 236 236 234 235 235 236 236 235 236 235 236 237 238 236 236 237 236 237 237 237 237 239 238 237 238 238 239 239 239 239 237 236 237 238 238 237 237 237 238 237 238 237 237 236 237 236 236 236 237 237 236 234 236 236 234 234 233 232 232 233 135 26 32 34 33 30 27 22 95 193 230 234 234 233 234 235 236 236 237 237 236 238 237 237 238 241 222 123 44 27 72 173 205 180 189 241 245 244
230 230 230 231 231 231 232 230 231 231 231 231 231 232 232 233 233 233 233 233 233 233 234 233 235 236 234 236 235 236 236 236 236 237 237 236 234 235 237 237 236 237 237 237 237 237 238 238 237 236 237 239 239 239 240 240 238 238 240 241 239 237 238 239 239 239 240 241 240 240 238 239 237 238 238 238 236 237 236 236 237 235 233 236 236 236 233 233 234 223 61 22 31 25 20 20 20 20 32 120 198 232 233 233 234 235 234 235 236 236 237 238 237 237 242 175 68 26 30 38 105 143 129 130 194 241 246 246
229 231 230 229 231 231 231 230 231 231 231 231 233 239 240 241 236 231 231 238 237 233 233 234 233 238 239 234 235 234 235 236 236 236 236 236 234 236 236 235 237 237 235 234 235 235 237 237 237 238 237 238 237 238 237 238 237 238 239 236 239 238 238 239 237 237 237 239 237 238 238 236 236 237 237 238 236 237 235 235 236 236 235 235 233 234 231 231 237 174 26 25 30 21 14 12 14 19 16 69 139 212 234 233 233 233 234 236 237 235 238 241 241 235 142 34 19 29 22 46 75 78 102 153 209 234 246 247
230 230 231 231 230 230 230 230 230 230 231 237 217 135 108 120 194 239 235 178 184 237 234 235 237 203 158 234 236 235 235 235 234 235 235 236 236 237 236 236 237 238 236 235 236 235 238 237 237 237 235 238 237 240 237 237 238 238 237 237 237 238 239 239 237 237 238 238 236 237 237 237 237 238 237 237 236 236 237 238 235 235 234 234 233 232 231 231 237 117 18 28 50 35 20 13 11 14 15 34 97 165 224 235 234 231 227 225 226 231 213 171 151 93 23 24 27 23 25 38 44 70 120 180 216 234 246 245
230 231 232 230 229 230 230 230 231 232 236 200 45 80 131 99 27 174 249 93 109 247 237 234 240 181 110 236 238 236 238 242 238 235 234 236 238 241 239 234 236 236 237 237 238 238 236 236 237 238 239 240 236 237 238 238 237 236 236 237 239 239 239 238 238 238 239 237 237 237 236 237 237 236 235 235 235 235 235 234 235 234 233 234 232 230 231 232 232 87 23 36 96 76 57 27 12 12 13 16 29 44 73 90 96 98 84 77 70 86 53 23 18 17 19 21 20 17 32 40 49 81 142 195 222 236 241 243
231 230 229 231 231 232 231 231 232 233 230 64 99 241 243 246 109 56 246 99 116 218 195 235 238 231 223 236 223 231 208 197 236 238 238 242 206 190 218 242 235 236 236 236 236 237 238 238 236 238 238 238 237 237 237 238 236 238 238 236 237 239 238 238 236 238 237 237 237 237 237 237 235 236 236 236 236 235 233 233 236 234 232 233 231 231 232 232 214 56 29 36 70 75 53 27 13 11 14 17 15 14 11 9 10 16 18 20 20 16 20 22 19 17 15 15 15 17 32 36 51 99 157 202 224 236 243 246
231 231 231 232 231 231 232 231 231 236 198 26 208 239 233 237 218 195 244 105 49 74 49 89 238 170 76 245 114 78 73 46 102 239 231 107 54 65 40 158 239 235 237 236 236 239 238 237 237 239 237 236 237 236 237 236 237 238 239 236 239 238 237 237 236 237 237 236 237 237 237 237 235 237 235 235 234 235 234 235 235 235 234 233 231 231 230 226 141 23 29 44 61 115 76 25 9 10 11 14 15 14 14 12 14 18 18 22 24 20 19 16 15 14 14 14 14 21 30 36 57 118 175 206 225 240 245 244
230 230 231 232 231 231 231 231 231 237 180 38 223 233 233 234 235 238 243 102 43 225 210 28 203 167 57 247 92 49 231 205 28 207 195 66 221 255 136 54 241 236 235 235 237 238 237 237 236 237 238 237 237 237 238 238 236 234 235 236 236 235 236 236 235 234 236 236 236 237 236 235 233 235 234 234 233 234 232 232 233 232 232 229 230 229 225 156 37 19 25 42 38 58 40 24 14 12 13 13 14 13 13 13 15 14 15 17 18 20 17 18 14 13 14 14 15 23 34 36 64 133 182 210 230 239 241 242
230 230 231 230 231 232 231 230 231 236 182 36 221 234 233 232 235 241 242 96 107 247 233 52 185 167 59 246 89 119 249 230 48 187 244 211 161 143 81 56 236 235 235 235 237 236 237 237 238 235 237 237 236 236 237 236 235 234 235 235 233 235 234 233 233 234 233 235 234 233 234 234 232 233 233 233 233 232 232 232 232 230 231 228 228 229 184 51 20 37 37 21 27 77 51 21 17 17 21 21 19 19 17 18 18 21 21 22 23 24 24 23 20 19 18 19 23 30 38 44 75 138 179 210 231 238 239 241
229 229 230 230 229 229 230 230 230 236 202 26 202 238 232 237 207 113 233 98 113 245 231 51 185 166 59 246 89 123 246 228 49 191 205 50 68 106 107 59 236 236 236 236 237 236 237 236 237 236 236 236 237 236 236 236 236 236 236 236 235 235 235 233 233 235 235 233 233 234 234 233 233 233 234 233 233 232 231 232 232 231 229 229 226 223 133 29 22 34 31 19 39 51 28 21 22 22 28 18 16 17 15 15 15 19 20 22 21 24 26 23 20 19 19 20 21 30 47 52 87 141 184 215 233 237 238 240
232 232 231 231 231 231 232 232 232 231 234 77 83 233 244 242 114 40 242 99 114 247 233 52 187 167 60 247 89 124 249 229 48 198 139 71 255 255 136 52 238 238 237 238 237 238 238 237 238 239 238 238 237 238 237 237 238 237 237 238 237 237 237 236 236 236 235 235 234 236 234 234 234 234 232 233 233 234 233 233 231 231 230 229 227 182 54 23 16 22 21 14 44 48 30 22 25 14 14 10 9 9 10 10 10 13 15 19 16 16 20 17 11 11 11 12 14 28 67 84 111 150 184 216 233 239 240 242
230 232 232 232 231 230 229 231 231 231 236 207 40 49 111 70 30 183 251 94 110 247 232 47 187 165 55 248 86 121 249 230 42 194 177 34 136 116 37 46 234 238 238 238 238 238 239 239 240 238 239 237 238 240 238 237 240 238 236 236 236 237 237 236 236 237 237 237 235 234 234 233 235 235 232 234 234 233 233 232 232 231 230 228 220 116 19 18 12 12 19 11 9 19 25 10 6 12 9 6 6 6 6 8 7 13 15 15 17 18 22 15 9 10 9 8 14 31 86 114 158 174 192 218 235 240 243 242
231 231 230 231 231 230 228 233 232 233 233 236 220 149 103 131 212 241 240 190 196 239 233 176 220 215 179 240 189 201 242 234 175 223 240 185 125 165 217 177 234 238 237 237 239 240 238 240 241 240 239 238 238 239 236 236 237 238 237 239 238 238 237 237 237 237 234 235 236 236 235 236 235 232 233 234 234 234 234 231 232 232 233 229 156 37 14 12 9 9 8 8 9 5 5 5 5 6 6 5 5 6 6 7 9 15 19 16 20 20 16 14 11 10 12 9 9 34 94 131 197 217 220 230 239 241 243 244
230 231 231 232 232 230 232 233 232 231 233 233 236 242 244 244 236 233 234 240 238 235 237 241 238 238 241 237 242 241 237 238 245 238 239 244 246 244 241 245 239 239 238 238 237 237 237 239 239 238 240 238 237 237 239 237 237 236 237 238 236 237 237 238 237 237 236 236 236 235 234 234 234 234 232 233 234 235 233 232 233 230 226 177 60 17 15 12 12 9 9 8 10 12 8 6 6 6 6 6 8 7 6 7 11 13 20 16 16 21 20 19 16 15 14 14 11 23 51 119 215 231 234 236 238 243 244 243
231 231 229 230 231 231 232 232 233 231 234 234 233 234 235 236 234 233 235 235 233 234 235 236 234 235 236 237 237 236 236 235 235 237 240 238 238 237 237 237 239 239 238 238 237 238 236 240 239 242 242 237 238 239 241 238 235 236 237 236 236 236 236 237 237 237 237 236 236 235 233 233 233 234 233 232 233 233 232 232 230 229 208 83 20 18 15 12 13 12 10 10 12 13 8 7 9 9 6 5 7 7 8 8 12 9 10 10 15 18 20 19 21 19 16 17 13 15 15 88 212 235 237 239 240 243 241 242
232 231 230 230 233 233 233 231 233 233 233 232 233 234 234 234 234 235 233 233 233 233 233 235 235 236 236 235 234 234 235 235 235 237 237 236 236 236 236 237 237 239 236 237 239 237 239 238 238 239 241 240 239 239 241 240 238 237 238 237 236 237 237 236 237 236 235 235 235 235 235 235 234 234 234 233 232 231 230 230 230 228 135 32 21 17 13 11 11 7 7 5 7 6 7 8 9 8 6 7 6 5 5 6 8 7 7 9 10 18 21 22 22 24 19 16 17 16 24 91 183 221 234 238 240 241 242 241
231 230 232 230 231 232 233 231 234 232 235 234 232 233 232 234 234 235 235 233 234 232 234 236 235 235 236 236 237 237 236 235 235 238 237 236 236 234 234 236 239 237 237 238 237 237 238 237 237 237 238 238 237 237 236 236 236 238 237 237 237 237 236 237 236 236 235 235 234 234 234 233 232 233 233 232 230 230 230 230 227 139 36 23 20 14 13 13 10 7 7 6 4 6 5 7 9 7 5 8 9 6 7 7 6 6 7 9 9 12 22 22 21 17 16 18 14 15 24 84 128 174 222 238 240 240 241 241
231 233 232 231 232 232 233 232 232 233 233 231 232 234 233 233 234 235 235 235 233 234 233 235 236 237 235 235 238 236 237 236 237 239 239 239 237 236 236 235 239 237 236 238 238 238 240 238 240 238 237 239 238 239 239 237 236 237 236 236 234 235 235 236 236 235 234 234 234 235 234 232 233 233 231 229 230 229 231 216 135 42 26 25 19 17 16 15 12 10 10 9 9 10 9 8 9 10 8 8 11 11 11 10 10 9 10 10 12 13 19 24 23 18 16 17 21 18 26 78 119 177 224 235 239 240 243 244
232 233 232 232 230 233 232 232 232 233 234 232 232 235 233 234 236 236 234 235 236 237 234 236 236 237 237 235 236 236 236 237 238 237 237 239 238 235 237 237 238 238 237 238 238 238 239 240 238 238 238 238 237 237 237 237 238 239 237 237 236 236 235 235 235 233 233 233 233 232 233 233 232 231 229 229 226 204 150 81 37 27 25 21 18 17 19 19 13 9 10 8 12 9 9 8 10 10 8 9 11 13 13 11 11 12 12 13 12 14 17 25 24 19 14 17 20 22 25 70 119 188 231 240 241 246 244 244
232 232 232 232 232 233 231 232 234 233 233 235 234 235 233 234 235 235 235 236 235 235 235 235 237 236 236 236 236 235 236 236 238 237 237 237 238 238 237 237 237 237 237 238 239 237 239 239 239 239 239 239 239 237 236 239 240 237 235 237 235 236 235 236 235 233 233 234 233 232 233 232 231 231 229 190 123 57 28 18 24 21 17 14 13 12 14 12 8 5 6 6 7 7 4 5 4 4 5 6 9 11 33 57 41 15 8 8 8 7 13 24 20 16 10 11 16 22 19 54 104 175 230 241 242 242 242 245
233 232 231 231 231 231 231 231 233 233 233 233 233 233 235 235 235 235 233 235 236 235 234 234 236 236 236 236 236 236 237 236 235 235 236 235 236 238 236 234 235 236 236 236 238 236 236 237 237 238 236 235 237 238 238 237 237 235 235 235 235 235 235 234 233 232 233 233 233 232 231 230 229 226 194 89 23 18 27 24 19 17 12 10 10 11 12 10 8 6 7 6 6 7 7 6 5 4 5 4 10 115 187 185 183 91 11 8 6 7 14 23 22 16 10 18 31 21 16 54 102 158 226 238 243 242 243 248
232 232 233 233 233 233 233 233 233 234 234 235 233 232 234 236 234 234 234 235 235 235 235 235 236 236 235 237 236 236 235 236 235 236 239 236 236 237 237 236 238 236 236 237 237 238 236 237 236 237 237 236 235 236 238 236 235 234 235 238 236 234 236 235 235 233 234 234 233 231 231 230 229 182 65 22 20 20 23 21 22 17 13 12 13 10 12 11 8 6 7 5 6 8 9 9 8 7 6 5 9 174 229 187 200 175 31 8 11 10 16 27 24 17 36 111 152 38 16 43 98 141 219 240 244 243 244 244
232 233 231 234 233 234 234 234 232 234 234 234 234 234 233 236 236 235 235 235 234 236 236 235 235 237 236 237 237 237 237 236 237 237 238 235 237 236 236 237 237 236 236 237 237 236 237 236 236 236 236 236 236 236 237 235 236 236 237 236 235 236 235 234 234 235 232 233 232 232 232 232 211 93 22 24 23 22 25 23 18 15 16 11 12 9 13 12 7 5 7 6 6 6 9 9 8 9 9 9 4 119 223 195 210 162 30 14 13 11 18 27 26 40 141 137 187 52 15 40 97 139 220 238 242 244 246 244
232 232 231 232 232 234 235 234 234 232 234 233 234 233 235 235 236 235 235 235 234 234 235 235 235 235 236 237 235 235 236 235 237 237 235 235 236 235 234 236 235 234 237 235 235 235 236 237 235 236 236 236 236 236 236 235 235 235 236 235 235 235 234 233 232 233 233 232 230 230 228 218 117 28 24 23 21 22 21 18 17 16 15 13 13 9 11 13 10 8 10 8 8 8 9 8 10 9 9 10 8 18 141 208 190 81 14 19 17 13 17 25 20 58 194 181 165 33 16 47 101 133 214 239 242 243 244 244
231 233 233 232 232 233 233 233 233 234 235 234 235 233 234 235 235 234 235 235 236 236 234 236 236 236 237 238 238 236 236 237 237 236 237 236 237 236 236 235 236 236 237 236 237 236 236 236 236 236 236 236 236 237 236 236 236 234 234 234 235 233 232 231 232 232 232 230 230 230 229 164 38 23 25 25 24 22 18 16 16 16 19 14 14 14 11 13 12 10 11 10 10 10 11 10 10 12 10 11 11 11 18 57 52 16 16 21 21 18 18 27 21 25 142 158 63 21 19 55 100 125 210 238 243 243 244 247
231 233 232 231 234 233 233 232 233 233 233 233 236 235 235 235 234 234 234 235 236 234 234 234 234 235 237 234 236 236 236 235 234 235 236 236 235 234 234 233 236 236 236 236 235 235 234 235 233 233 235 235 234 236 233 235 235 234 234 233 231 233 232 231 231 231 231 230 229 228 207 78 28 30 29 27 26 24 21 20 20 20 22 20 19 16 16 17 17 15 15 13 13 13 13 15 14 19 23 18 16 17 17 14 16 20 24 30 22 22 26 31 24 21 36 38 26 28 26 71 102 132 218 239 240 241 242 244
233 232 231 234 234 234 232 234 234 234 233 234 236 236 235 234 235 236 234 234 235 236 235 236 236 236 237 236 237 237 237 236 237 236 237 236 236 236 235 234 235 236 236 236 236 235 235 236 235 234 235 235 233 233 234 234 233 232 233 233 232 233 231 232 230 229 231 230 228 227 147 36 30 29 29 28 23 23 20 18 17 17 18 19 15 16 16 14 14 15 13 11 14 15 13 14 13 17 23 23 19 17 16 18 18 17 19 22 20 23 27 29 24 26 33 31 29 26 31 88 104 133 220 241 242 241 244 245
233 233 232 234 235 235 235 235 236 233 234 237 234 235 234 236 236 237 235 236 237 236 236 236 237 237 237 237 237 238 237 237 238 236 238 238 237 236 237 236 237 237 235 236 234 236 236 235 234 237 236 238 236 236 236 235 234 233 232 233 233 232 232 233 230 231 231 228 228 216 84 23 25 24 24 20 17 14 13 12 11 10 11 11 10 9 8 7 8 9 8 6 8 7 8 7 8 10 11 17 16 11 11 13 11 11 9 11 14 17 18 20 19 18 21 22 22 18 46 96 102 143 223 241 244 244 245 248
234 232 232 235 235 235 235 234 234 235 235 235 235 233 236 236 235 236 236 237 236 236 237 237 236 237 237 237 237 235 237 236 238 236 237 238 238 237 237 235 236 236 236 237 236 235 236 237 234 235 236 236 237 235 234 235 235 233 234 233 232 231 231 232 230 230 229 227 231 163 32 21 21 22 21 18 14 11 9 8 8 8 9 8 7 6 5 3 7 5 7 4 3 5 6 6 5 6 8 10 9 9 11 9 8 8 7 8 13 14 13 15 16 16 17 18 17 19 77 101 105 169 233 241 243 245 246 247
233 233 235 235 234 235 236 235 234 235 235 236 235 235 238 237 236 236 236 236 235 235 238 237 237 236 237 238 237 236 240 237 236 237 237 239 238 237 237 237 235 236 239 236 236 236 236 238 237 235 234 235 234 234 235 235 233 233 232 231 232 231 231 231 231 230 228 228 221 88 18 21 22 21 20 14 11 11 9 8 8 9 8 6 6 7 4 3 7 7 6 4 5 6 5 6 7 8 6 5 8 8 10 11 11 12 10 9 13 13 13 16 18 17 18 17 17 45 93 100 115 199 239 241 244 247 248 248
233 235 235 235 236 236 235 235 236 236 233 236 236 237 237 236 237 237 236 235 235 237 236 237 238 239 239 239 238 237 237 237 239 239 237 238 237 237 237 237 236 237 237 238 237 237 237 237 236 236 235 235 235 235 236 235 234 233 234 232 232 232 231 231 231 230 228 232 163 30 23 18 20 23 16 13 11 9 7 7 8 6 6 7 5 5 5 5 5 5 6 3 5 5 5 7 9 8 7 7 8 7 10 13 12 11 10 11 13 11 11 16 18 19 18 14 21 75 99 101 146 229 243 246 247 246 251 249
234 233 232 233 234 234 235 233 235 236 235 235 235 235 235 236 236 238 235 236 235 238 236 236 238 239 239 239 236 236 236 237 235 237 238 237 237 236 235 235 236 238 237 236 236 234 236 237 235 235 235 235 233 233 234 234 234 233 234 232 231 232 232 231 230 229 229 221 82 16 23 22 21 22 19 14 12 10 8 8 8 7 7 4 5 5 6 5 6 7 5 5 5 5 5 6 7 10 11 9 11 11 11 9 8 11 10 11 11 12 14 22 19 21 18 16 27 86 97 109 189 239 242 243 245 247 248 248
235 234 233 233 235 235 234 234 234 234 236 235 236 236 236 236 236 238 235 237 236 237 239 238 239 239 239 237 238 237 238 237 237 236 236 237 236 235 236 236 237 237 237 235 235 236 236 236 236 236 234 234 234 233 234 234 231 230 233 231 231 231 232 231 230 229 234 154 25 23 22 23 23 18 18 14 11 11 10 8 9 9 9 9 8 7 7 7 6 7 8 7 6 4 6 7 7 9 13 14 18 16 12 10 12 12 11 13 13 14 14 19 21 22 18 20 47 90 97 141 221 240 243 243 247 247 248 249
235 234 232 234 234 234 235 234 234 236 235 237 236 237 237 237 236 238 235 236 237 238 238 238 237 236 237 237 237 237 238 235 236 238 238 237 237 235 234 236 237 236 236 235 235 236 235 235 234 235 235 235 235 235 233 233 233 231 233 231 231 230 230 230 228 228 224 87 18 21 19 19 20 18 15 11 7 8 6 5 8 8 7 7 7 5 5 6 5 5 7 4 4 5 3 5 5 5 8 13 16 13 11 12 12 10 9 10 11 11 13 16 16 18 16 17 60 88 91 167 235 240 242 243 245 245 245 246
233 235 233 233 234 234 234 234 234 235 234 234 235 236 236 238 237 236 237 236 236 236 237 236 238 237 237 237 238 237 236 237 236 237 236 236 236 236 235 236 235 236 236 235 235 235 235 236 235 235 236 234 233 233 233 232 232 232 230 231 231 231 230 229 228 232 144 24 20 18 17 21 18 15 9 6 5 6 6 6 6 5 5 3 5 3 3 4 4 6 6 3 3 3 2 4 4 5 6 8 12 11 11 9 8 8 7 7 8 12 15 15 18 15 14 20 64 88 110 189 233 238 240 244 247 245 246 246
234 235 235 235 233 234 235 236 237 234 234 235 236 236 235 236 237 236 236 236 236 237 235 236 237 239 240 237 237 240 238 238 239 238 236 236 236 237 236 234 235 236 237 236 236 234 234 234 236 235 235 235 233 233 233 232 231 232 232 233 230 229 228 229 228 144 26 19 20 17 16 17 16 11 7 6 6 6 5 4 7 5 5 4 3 3 2 3 3 3 4 3 4 4 4 4 6 4 3 6 9 9 12 11 8 8 6 8 9 11 13 15 18 14 14 41 82 84 129 213 231 237 240 243 248 246 247 250
235 235 236 234 234 236 234 235 235 236 234 235 236 236 236 236 236 235 235 236 237 234 235 235 237 237 237 235 237 237 236 237 236 237 236 238 237 235 235 235 234 234 236 234 234 233 233 235 235 234 234 236 233 232 231 231 230 232 231 231 229 229 228 228 121 19 19 18 17 14 13 16 14 9 7 6 6 6 5 6 8 3 4 4 2 3 3 5 5 4 4 2 4 4 4 4 4 2 3 6 7 8 13 14 11 9 10 11 11 10 12 17 18 23 40 69 84 90 126 210 236 237 242 244 244 248 249 251
233 232 235 234 233 234 232 234 233 233 234 235 235 235 236 235 236 235 235 234 237 235 237 236 237 237 236 236 237 236 236 237 236 236 234 236 235 234 236 234 236 235 235 234 234 233 233 234 234 233 235 234 233 231 232 232 231 230 228 229 228 228 226 134 21 17 18 17 15 13 15 17 15 11 9 5 5 7 6 9 9 6 4 4 4 3 3 3 3 6 4 3 4 5 4 4 3 4 3 5 6 7 10 12 12 12 12 10 11 15 25 45 57 69 80 88 82 97 168 224 230 236 239 243 246 246 246 248
233 232 234 233 233 232 234 235 235 234 233 234 235 234 235 235 236 237 236 236 237 236 236 236 237 237 237 236 236 237 235 236 235 236 234 236 237 235 236 235 235 235 235 234 234 234 232 234 234 233 232 232 231 231 230 231 231 229 228 228 226 223 133 25 20 18 14 15 16 14 15 15 16 15 11 7 5 6 7 9 7 5 5 5 4 3 4 3 4 6 6 4 6 5 4 4 3 5 4 6 6 7 11 11 12 14 16 20 28 37 60 83 90 89 88 93 100 147 212 231 235 234 237 243 242 247 245 245
231 232 233 234 234 233 233 234 232 234 235 233 234 233 234 235 235 235 235 236 234 236 235 237 236 236 235 235 236 236 235 236 236 236 237 236 237 235 234 235 235 234 235 235 235 234 232 233 232 232 231 231 231 232 231 230 231 229 228 227 224 126 22 17 19 16 16 15 15 13 14 13 17 16 10 7 6 7 6 6 7 5 6 5 3 4 3 4 6 7 5 4 4 3 3 4 4 4 5 6 5 6 9 10 10 11 25 56 68 76 88 96 96 106 139 154 188 220 223 229 232 240 239 241 243 246 247 248
233 232 231 232 233 232 232 233 234 232 233 234 233 235 236 236 235 235 236 235 235 234 237 236 237 236 236 237 236 234 236 236 235 236 236 237 236 235 235 236 234 233 236 234 233 234 232 232 232 231 231 231 231 231 229 230 230 227 226 225 138 28 19 19 17 17 16 14 14 13 10 13 15 13 11 8 6 5 6 9 8 3 5 6 5 4 3 2 3 5 6 5 4 3 4 4 5 5 6 4 4 8 9 10 12 13 31 78 90 101 103 107 130 175 218 226 231 233 234 229 229 239 241 241 241 247 249 250
233 232 232 233 233 232 232 234 233 235 235 235 235 235 234 236 237 236 236 236 236 236 235 234 237 235 236 236 236 235 236 236 236 236 235 235 236 235 235 235 235 232 233 233 234 234 233 231 231 231 231 231 231 230 227 228 227 228 220 125 31 19 22 20 18 16 15 14 13 13 11 13 13 13 10 9 7 6 10 7 4 4 5 7 5 4 4 4 4 4 6 4 4 5 5 5 5 5 4 5 7 9 10 12 10 13 34 82 116 165 169 182 207 225 234 231 233 235 235 233 230 235 244 245 244 244 249 250
233 233 234 233 232 233 233 232 232 233 235 235 235 235 235 237 236 235 235 233 234 234 236 236 237 236 235 235 235 234 234 236 238 236 235 235 235 235 235 234 233 233 233 233 233 234 232 231 231 231 229 231 230 228 226 226 228 193 97 28 25 25 30 25 18 12 16 14 14 13 15 16 16 12 10 7 6 7 10 9 7 6 6 5 5 5 5 4 6 6 5 3 4 4 4 6 6 6 5 6 10 9 8 11 12 16 35 79 138 215 226 230 233 233 236 234 234 239 235 237 236 236 242 243 247 247 247 248
233 233 232 233 233 234 235 233 233 234 234 236 235 235 236 236 237 236 235 234 234 236 236 236 237 237 235 234 235 235 237 235 235 236 236 235 234 235 236 233 233 233 233 233 232 233 232 231 231 229 229 229 227 225 226 211 124 47 21 24 25 26 28 30 17 12 13 12 13 13 11 19 20 14 8 8 7 7 8 8 5 6 5 4 4 4 4 5 4 4 4 2 4 4 4 5 6 5 5 7 7 8 9 11 14 16 35 83 142 221 235 233 236 236 237 238 235 241 239 240 245 238 244 242 250 247 247 248
233 234 232 233 234 235 235 235 235 233 234 236 236 235 234 235 236 236 236 235 235 235 236 236 237 236 236 236 238 236 237 236 235 237 237 235 235 235 236 233 233 234 233 232 232 232 232 232 232 231 229 227 229 227 182 85 29 30 29 24 24 25 26 22 14 12 11 11 12 12 14 19 21 17 10 8 11 12 9 8 6 4 5 6 5 2 3 3 5 4 4 5 5 5 4 4 5 7 9 9 8 7 11 11 15 19 32 84 152 221 235 236 237 241 241 239 239 245 247 243 247 241 245 242 248 249 248 248
233 234 233 233 233 235 235 235 235 233 234 237 235 234 234 234 235 236 235 235 234 234 235 235 237 235 236 236 236 236 235 235 235 235 234 234 235 235 235 233 232 233 232 231 232 232 232 230 231 230 228 226 207 125 47 22 31 30 26 22 23 25 22 15 14 12 12 10 11 12 15 18 21 19 11 7 10 9 12 10 6 5 6 6 5 4 4 5 5 6 6 6 6 6 5 4 5 10 11 11 11 7 10 12 17 21 34 84 149 226 234 236 239 236 240 240 244 243 244 244 246 245 241 246 247 250 252 249
235 233 233 233 233 233 233 235 233 234 236 235 235 234 234 234 235 235 235 233 233 233 235 235 236 235 235 235 235 235 235 235 235 235 236 234 234 235 233 234 233 234 233 231 232 233 231 229 230 229 228 199 100 34 27 25 27 27 23 18 20 24 15 13 12 11 12 11 11 12 14 19 24 18 11 7 6 9 12 7 7 6 5 6 5 5 6 7 4 7 5 7 8 7 6 7 11 15 13 14 10 11 11 14 19 24 35 83 148 226 236 238 239 239 240 247 241 242 244 246 245 248 247 248 244 248 251 252
234 234 235 234 233 233 233 234 234 235 234 234 234 236 236 235 236 235 234 234 235 235 236 238 237 236 237 235 236 237 236 235 235 235 234 234 235 234 233 232 233 233 232 233 232 233 231 229 228 228 206 113 34 31 28 27 26 23 18 17 18 18 13 13 14 12 10 9 11 12 14 19 22 17 13 10 7 11 12 7 6 4 3 5 6 5 6 6 4 5 5 8 7 7 9 11 11 19 14 16 12 10 13 17 23 25 38 83 146 224 236 238 241 242 241 242 243 243 244 247 246 246 247 245 246 248 251 252
233 233 235 235 235 235 236 234 234 236 237 235 235 235 235 236 236 236 234 236 235 237 236 240 236 236 236 236 236 238 235 235 235 235 236 234 234 234 233 234 233 233 234 231 231 233 231 230 228 211 128 42 28 27 25 23 21 14 13 14 18 14 11 11 13 10 9 8 9 10 12 15 19 15 11 9 5 10 11 5 5 4 6 6 4 4 4 5 5 5 4 4 3 7 12 14 8 14 12 14 17 9 12 14 19 22 42 87 144 223 235 238 240 245 245 246 249 245 242 247 247 248 250 245 249 246 251 252
233 233 235 235 235 235 235 235 234 236 235 236 236 235 237 236 237 237 236 237 237 238 237 236 236 234 236 237 236 236 234 234 235 234 236 234 233 235 234 233 233 233 232 231 231 231 230 228 220 154 43 27 25 22 20 18 16 14 14 18 21 14 9 12 12 12 10 9 10 9 13 15 18 15 11 9 8 10 11 4 4 5 8 6 4 4 5 3 4 5 4 4 6 7 11 14 13 10 8 8 17 16 13 15 19 22 52 87 154 226 236 239 241 243 243 245 247 247 249 250 247 248 252 248 249 251 251 253
233 233 234 235 233 235 233 235 235 234 234 234 235 236 234 235 235 235 236 235 236 237 236 237 236 233 235 236 235 232 232 229 233 232 232 232 234 234 234 232 231 231 231 230 230 230 229 226 191 84 28 27 25 21 19 17 16 14 16 22 18 11 8 9 10 12 10 6 8 11 13 16 18 19 15 9 7 12 9 6 5 4 7 6 5 6 6 4 6 6 4 4 5 6 7 9 10 12 9 7 9 14 13 17 21 27 66 92 165 229 236 240 242 240 240 243 245 245 246 248 247 248 248 246 247 247 249 249
231 231 234 234 232 232 232 234 234 233 234 234 233 233 235 236 234 235 235 235 236 236 236 236 236 235 235 235 234 234 231 230 232 232 233 232 234 233 233 233 232 232 230 230 227 226 227 216 135 41 26 22 20 18 16 18 14 12 15 18 15 9 9 9 9 10 9 9 8 10 13 18 19 17 16 10 7 11 6 5 5 6 6 5 5 5 4 3 6 5 4 3 4 5 6 6 8 7 9 7 8 10 14 19 20 41 75 97 184 232 236 238 239 242 242 244 246 245 246 247 247 248 246 247 248 247 249 247
231 231 232 232 233 232 230 230 231 233 233 234 233 233 233 232 232 235 234 235 235 235 234 233 233 233 232 235 233 232 231 230 233 231 231 232 230 231 231 231 230 230 231 228 226 224 220 185 78 29 24 22 20 19 17 16 15 14 17 20 15 11 10 12 13 11 10 11 10 10 14 19 20 22 18 12 8 10 8 7 7 5 6 5 5 6 4 4 6 8 7 6 7 8 7 7 9 10 10 11 11 14 17 19 21 61 84 117 205 233 235 236 237 241 240 242 244 243 247 246 246 247 247 250 248 249 247 247
232 232 232 232 232 232 232 234 232 233 233 232 235 234 234 233 233 231 233 233 233 233 233 234 235 234 233 233 234 233 233 232 232 233 232 232 230 232 230 229 230 230 230 227 226 225 217 150 47 28 24 24 22 21 20 19 18 16 19 24 19 14 14 13 15 13 13 10 12 13 14 19 22 25 19 14 11 12 9 8 8 7 8 7 8 7 7 7 8 7 9 9 7 7 9 8 8 13 13 14 16 18 21 21 40 77 94 167 222 231 237 238 239 241 241 243 243 243 244 247 245 245 245 249 248 248 249 248
233 233 232 233 232 232 233 233 232 234 233 231 233 233 233 232 234 234 234 234 235 234 234 233 235 234 235 235 234 234 234 232 232 233 232 231 229 230 230 229 230 230 229 228 227 224 207 104 28 23 22 22 20 19 18 16 18 15 20 21 18 15 13 12 10 11 10 10 10 14 15 17 22 22 12 9 7 8 6 6 7 8 9 8 6 8 4 4 7 5 8 7 7 7 6 7 9 11 14 14 18 17 18 19 53 84 125 206 230 232 236 238 239 240 244 245 242 243 244 247 243 248 248 248 249 248 248 248
232 232 232 232 232 232 232 232 232 233 233 232 233 232 231 232 232 233 235 234 233 234 234 234 233 232 234 233 233 234 233 232 232 230 231 229 231 229 230 229 230 230 230 228 228 225 176 53 22 20 20 19 16 17 14 12 11 13 17 21 20 17 12 9 11 9 8 8 11 10 11 12 19 18 8 6 6 6 6 6 7 5 5 5 5 5 3 4 5 5 7 4 5 5 5 6 10 13 11 12 15 18 20 16 52 87 170 224 230 232 235 240 239 239 242 243 244 246 245 246 242 247 247 249 248 247 248 247
232 232 231 231 232 232 231 232 231 231 231 233 231 232 232 232 233 232 232 234 233 233 232 233 233 233 232 233 229 233 231 231 231 229 230 231 230 226 230 228 228 228 227 226 225 204 95 27 23 18 18 18 18 15 12 10 13 14 17 22 21 18 14 12 11 10 9 10 10 9 10 12 15 15 10 8 10 7 7 6 7 3 5 6 5 4 4 5 4 5 7 6 6 5 4 9 13 17 14 12 16 17 15 29 66 97 188 229 232 235 238 238 238 240 240 243 242 245 242 244 248 249 249 247 247 246 247 247
234 232 229 231 231 229 230 232 231 230 232 233 231 231 233 231 233 230 231 231 232 233 233 232 232 234 233 231 231 232 232 232 229 228 229 230 230 229 229 227 227 228 226 225 223 182 64 23 26 19 18 17 14 13 11 11 11 14 16 16 19 23 19 12 8 9 9 8 9 11 9 11 15 10 7 6 9 7 5 5 7 7 6 4 3 4 4 4 6 6 7 5 6 6 6 7 12 13 13 13 15 13 15 47 78 121 199 228 232 233 235 239 240 239 241 242 241 243 243 242 245 246 245 246 246 247 248 249
234 233 230 231 230 231 233 235 232 231 233 231 232 232 231 232 231 233 232 231 232 232 230 231 231 232 233 230 231 231 231 232 230 230 229 229 228 229 228 226 227 227 225 223 220 150 44 24 21 20 16 15 11 11 9 9 10 12 16 16 24 22 19 12 7 8 10 8 7 10 9 15 17 9 5 5 7 6 4 5 6 3 5 4 3 4 5 5 4 5 6 5 5 5 6 6 9 11 12 13 12 16 16 60 85 157 219 228 231 235 235 236 237 239 240 241 242 243 242 246 244 245 245 246 247 245 247 249
233 235 235 232 228 232 236 236 231 230 230 230 231 231 231 232 232 233 232 233 231 232 231 231 230 231 232 231 231 230 231 230 229 230 230 230 228 227 227 226 226 226 224 223 209 102 29 26 22 22 20 17 14 16 12 11 13 11 13 15 21 20 22 16 10 10 10 9 10 10 10 16 12 8 8 11 10 7 7 6 7 7 7 6 4 5 5 5 6 6 7 6 6 8 7 9 10 11 14 14 13 19 25 67 106 194 225 229 232 235 235 236 238 241 240 243 244 243 243 245 242 242 245 247 246 246 247 246
236 235 234 233 230 231 234 234 230 229 230 230 231 231 232 231 230 232 232 229 231 231 230 232 231 231 231 231 231 230 230 231 229 230 230 230 229 227 226 226 226 225 224 224 184 55 25 24 25 24 22 16 15 15 11 11 11 11 13 13 15 21 23 22 11 8 9 7 11 11 15 19 13 7 8 13 10 6 5 5 7 5 6 7 6 5 4 6 7 6 8 5 7 7 8 8 12 13 13 12 15 15 29 75 118 210 228 231 235 236 236 238 240 241 240 241 241 243 244 243 245 246 246 244 245 246 248 247
233 234 233 234 232 228 228 230 230 231 230 230 230 230 230 230 229 229 231 231 232 230 231 231 232 231 231 231 231 230 228 228 231 229 230 228 228 228 228 227 225 223 222 222 157 38 25 23 20 20 18 14 12 10 11 8 10 10 10 8 9 15 18 17 9 7 9 8 9 9 14 19 13 8 5 9 8 8 5 2 4 3 4 5 6 5 5 4 5 4 6 4 6 5 6 8 9 10 9 11 15 16 28 75 135 219 229 232 234 235 237 237 238 240 239 242 241 243 244 243 245 248 245 247 248 248 249 248
229 230 233 232 233 232 230 228 230 230 229 231 230 230 231 231 232 230 230 231 231 231 231 230 230 231 231 230 231 230 229 228 230 230 230 230 229 229 226 226 225 225 223 219 130 29 24 21 19 19 16 13 10 10 10 8 8 8 9 7 10 10 10 17 13 8 9 7 8 11 13 13 10 8 4 8 7 7 5 3 5 4 5 6 5 5 5 3 3 3 6 5 6 5 5 7 8 8 8 12 16 16 28 72 149 225 230 232 234 236 237 238 240 241 240 241 241 241 245 245 247 246 246 246 246 247 249 248
228 227 231 232 234 233 229 228 228 229 228 230 230 230 231 230 231 230 231 230 230 231 231 230 230 231 230 229 231 231 230 229 230 229 228 227 227 227 227 225 225 223 222 196 74 20 20 18 17 17 16 12 12 12 8 7 7 7 7 7 8 10 8 16 16 9 5 5 8 10 13 9 7 6 5 9 7 4 3 3 5 4 3 3 3 5 6 3 3 5 5 6 5 4 6 7 7 8 8 13 18 16 38 78 146 222 231 232 234 235 238 238 239 241 241 241 241 241 245 246 244 243 244 244 245 245 248 246
228 228 229 228 231 230 229 230 230 228 230 231 230 230 230 230 229 230 230 230 230 231 232 232 230 231 231 230 231 231 230 229 228 228 227 226 227 227 227 225 225 222 220 141 26 24 24 22 18 18 18 12 13 13 10 8 8 9 8 8 8 8 12 16 18 8 9 7 9 14 14 9 9 8 9 10 8 6 5 4 6 5 4 4 6 6 6 4 5 6 7 7 6 5 8 8 6 9 10 15 19 18 48 82 162 223 230 232 236 236 236 239 240 239 240 241 241 242 244 243 244 244 244 244 246 244 246 243
227 228 229 228 229 229 230 230 229 229 229 231 230 230 230 230 229 230 229 229 230 230 231 231 231 231 228 229 229 229 230 229 230 227 227 226 226 228 226 225 225 222 214 128 29 25 26 24 22 19 18 16 16 12 11 11 9 10 9 7 9 9 11 13 15 10 8 8 9 15 15 9 9 7 9 10 9 8 6 4 6 5 6 6 6 6 6 7 6 6 6 7 8 7 6 7 10 11 11 16 20 18 49 103 192 224 231 233 234 235 236 237 237 238 241 241 242 239 243 244 245 242 243 244 245 243 246 242
227 228 230 229 229 229 228 228 229 229 230 230 230 230 230 230 230 231 231 229 228 231 230 230 231 230 229 228 229 229 229 229 228 227 227 225 225 226 224 224 224 224 200 87 23 24 24 23 21 18 17 16 15 12 12 11 8 9 9 8 8 8 11 12 17 11 8 8 10 15 14 8 7 7 10 9 7 7 6 5 5 7 6 7 5 5 7 6 5 6 7 7 8 8 8 7 10 10 11 15 23 21 50 114 209 226 231 233 234 236 237 238 239 238 241 241 242 241 242 244 244 242 246 246 246 246 245 243
229 229 228 228 228 230 229 228 228 229 230 229 229 230 229 229 229 230 230 229 228 231 229 231 230 229 230 230 229 228 228 229 227 226 226 224 224 224 224 223 223 220 139 28 20 18 20 21 18 17 14 12 9 11 10 8 7 8 6 7 8 7 9 11 15 12 9 6 7 13 13 6 6 6 6 5 3 4 5 3 4 6 4 5 4 4 4 5 5 5 6 4 7 6 5 6 5 9 10 16 20 18 45 118 210 230 230 233 235 236 238 239 241 240 241 242 242 244 242 242 245 244 244 246 246 248 246 245
228 228 227 226 229 229 229 227 229 229 229 229 230 228 229 229 229 229 229 229 229 230 231 229 228 228 228 229 228 228 228 227 226 225 225 224 224 224 224 224 223 194 76 21 21 18 19 18 20 18 15 11 10 10 9 8 8 8 6 6 6 5 7 8 15 11 9 9 8 16 12 6 5 5 4 6 5 5 5 4 5 4 5 4 4 4 5 5 4 5 6 6 7 4 4 5 7 8 9 16 20 15 30 112 209 228 232 233 234 235 235 238 241 242 243 241 241 245 242 240 244 245 245 245 245 245 243 245
227 227 228 228 229 229 228 228 228 228 229 230 229 228 228 229 228 228 230 230 229 230 229 226 228 228 227 227 228 227 227 226 225 225 224 223 223 222 222 221 201 95 24 22 21 19 21 21 19 16 15 11 10 10 11 10 9 9 8 9 8 7 9 11 19 15 13 12 12 16 14 7 7 9 7 8 6 6 6 6 8 7 6 6 7 7 6 6 6 6 8 7 7 7 8 7 9 9 9 14 19 20 22 80 194 229 232 233 233 234 236 239 239 240 239 239 242 243 242 244 242 243 245 245 243 245 244 243
228 230 228 227 229 229 229 228 227 227 228 227 229 229 228 229 228 228 229 229 230 229 227 224 228 230 229 227 228 227 228 226 226 225 224 224 224 225 224 210 112 29 28 25 25 25 23 23 21 17 14 14 13 14 13 10 12 12 11 9 10 9 11 16 20 20 16 14 14 15 13 11 9 11 12 11 9 9 9 8 9 9 9 8 8 8 8 8 10 7 9 7 10 8 8 10 10 10 13 18 20 23 27 52 152 222 231 232 233 233 235 236 237 237 238 240 241 240 242 245 243 245 244 246 246 243 243 245
227 229 229 228 229 227 229 228 227 227 229 225 229 230 228 229 228 228 226 228 229 229 228 226 228 229 229 227 226 227 228 226 225 225 224 225 223 222 221 175 54 27 26 24 24 23 22 20 17 16 13 13 13 14 11 12 11 10 11 10 10 10 10 18 18 18 19 16 16 14 10 9 8 11 9 8 9 9 9 9 7 7 8 9 9 8 9 9 10 9 10 9 9 8 10 10 9 11 14 19 19 21 27 42 117 209 229 231 232 234 235 237 239 238 240 240 241 240 240 242 244 244 243 243 245 244 245 243
225 226 227 227 227 227 226 227 227 227 227 227 227 226 227 228 229 227 225 228 227 229 227 228 228 228 228 226 225 225 225 225 225 224 222 223 224 221 215 144 37 25 24 22 22 20 19 20 16 14 13 11 11 12 12 11 11 9 10 9 10 10 11 16 18 17 17 19 18 15 9 8 9 11 9 10 8 9 8 6 6 8 8 8 7 7 8 8 8 7 8 8 10 8 9 10 9 10 13 19 19 20 25 35 89 190 227 230 234 233 234 236 240 238 238 239 240 239 240 240 242 243 241 243 243 243 243 243
225 225 227 227 227 227 228 227 225 227 226 224 225 227 228 228 228 226 227 227 227 229 227 225 226 228 227 225 224 225 225 224 224 223 221 222 223 223 192 73 24 24 22 21 21 22 22 16 15 13 12 10 10 10 9 11 9 8 7 8 7 7 10 14 16 17 18 19 19 12 10 8 9 8 7 7 6 7 6 6 6 8 9 7 7 6 5 6 7 7 9 7 7 7 8 8 6 10 14 18 16 18 19 26 66 164 224 230 233 235 235 234 236 237 238 239 239 240 239 240 242 241 244 242 244 242 242 246
226 227 227 227 229 228 228 228 227 227 227 227 226 228 229 228 228 227 228 227 228 229 226 226 227 229 227 225 224 226 225 225 225 224 226 225 223 221 152 29 22 20 18 19 20 20 18 13 12 10 8 9 9 9 7 7 9 7 6 5 4 6 7 8 14 18 17 17 18 12 8 4 6 7 5 5 4 6 6 4 6 6 6 4 6 6 6 5 6 6 8 5 5 5 4 5 6 7 9 13 12 15 19 23 42 124 213 230 232 235 236 236 236 238 241 240 240 239 239 240 242 243 244 245 243 243 245 245
226 226 226 228 228 227 227 228 226 227 227 228 227 228 229 226 230 228 228 227 227 227 226 227 228 228 226 224 225 224 225 225 225 225 224 223 222 218 144 31 19 17 18 21 22 20 19 14 11 11 10 11 10 10 8 7 8 8 9 6 6 7 7 10 13 18 17 17 17 10 8 5 9 8 8 4 4 7 5 5 8 5 5 5 8 6 5 5 6 6 8 6 5 4 4 7 7 9 15 13 13 18 21 25 37 93 189 226 231 233 234 235 236 237 240 240 239 242 241 241 242 245 244 244 243 247 247 245
223 226 225 224 226 226 228 225 225 225 225 226 225 226 226 226 227 227 227 227 226 224 226 227 226 226 224 223 224 223 224 224 224 222 222 222 221 210 119 29 22 20 18 22 23 22 22 14 14 12 12 12 11 12 11 8 10 9 9 9 9 7 8 10 13 17 19 17 15 13 10 7 13 7 7 6 6 6 6 6 8 7 6 7 7 9 6 6 9 9 9 7 9 8 7 10 10 11 17 15 15 21 24 28 41 92 177 221 228 231 234 235 234 236 238 239 238 240 237 240 240 240 239 238 241 243 242 244
225 225 225 225 226 226 226 226 226 225 226 226 226 226 227 228 227 226 227 228 227 224 225 225 224 225 225 224 225 224 224 224 223 222 222 222 220 190 57 23 22 19 19 22 21 19 17 14 13 11 10 11 10 12 11 8 9 9 7 7 9 7 6 10 12 16 15 14 15 12 8 8 12 8 7 7 5 5 4 4 7 6 6 5 5 12 6 5 7 6 7 6 8 7 6 8 8 12 17 16 15 22 23 26 38 96 184 220 227 231 232 233 236 236 236 237 238 240 238 238 239 241 242 241 244 243 243 244
226 227 226 226 227 227 227 228 226 227 227 226 227 227 228 228 228 227 227 229 228 226 227 227 226 226 225 225 224 224 223 223 225 223 223 220 220 170 45 24 20 18 18 18 21 16 18 16 15 10 12 10 8 12 8 5 7 8 6 8 7 6 8 7 10 15 14 14 11 9 11 8 12 7 4 5 4 5 5 5 6 6 7 5 4 6 7 7 6 6 8 6 7 5 5 7 8 12 15 13 14 20 22 26 36 81 179 223 228 233 233 235 235 238 237 237 241 240 239 238 241 240 247 244 243 244 246 245
226 226 226 226 226 227 227 227 226 227 228 228 227 226 228 229 228 227 228 227 227 228 227 225 225 226 225 225 224 224 224 225 225 223 223 220 220 177 42 21 19 19 18 14 19 18 20 16 14 13 12 11 8 12 8 8 7 7 6 7 7 7 6 6 12 15 15 15 10 11 10 12 12 5 5 7 5 6 5 5 7 6 8 7 6 6 6 6 9 7 8 7 7 4 7 7 10 17 15 12 18 20 26 29 40 78 165 218 229 232 233 235 236 236 238 237 240 239 238 239 242 243 241 242 241 243 245 243
225 224 226 227 227 227 225 226 225 227 226 227 227 226 226 229 225 226 228 229 226 228 226 226 225 226 224 223 225 224 223 224 223 223 223 220 219 161 40 24 20 20 17 15 20 19 18 15 15 12 14 12 10 10 7 8 8 9 9 8 7 6 6 7 11 13 15 16 13 12 11 10 11 8 8 8 6 7 6 4 6 5 7 6 8 6 5 7 12 9 7 7 8 8 8 8 12 19 14 14 19 23 27 34 48 88 165 214 228 234 232 234 236 237 237 237 243 241 240 241 242 246 244 242 245 245 249 248
224 224 225 227 228 227 226 226 226 225 226 225 225 227 225 227 226 225 227 226 227 225 225 225 226 226 224 224 225 224 224 223 222 223 222 222 219 162 38 23 22 21 17 19 20 20 20 18 18 14 12 11 10 13 9 8 9 9 9 10 8 9 9 9 13 16 16 14 15 12 14 13 10 9 8 7 7 8 6 6 9 6 7 8 7 6 8 8 9 9 9 8 8 8 9 10 13 17 15 15 20 22 24 32 65 125 190 214 229 231 233 234 234 234 237 237 238 239 238 239 240 240 240 242 243 244 246 246
224 224 225 227 224 226 226 226 226 226 226 226 226 227 227 227 227 226 227 226 226 227 225 223 225 225 224 225 223 224 224 222 221 223 221 221 219 160 34 22 20 19 16 17 17 18 19 17 16 12 12 9 8 9 7 7 9 7 8 8 8 7 8 9 14 12 13 13 14 12 9 13 7 7 6 8 6 7 6 3 8 7 7 8 6 6 7 7 8 8 7 6 6 7 8 9 16 15 11 14 18 20 19 30 71 161 211 223 229 232 235 234 235 235 236 236 238 238 239 239 241 242 242 243 241 244 246 245
222 224 224 224 225 225 224 224 226 224 225 225 226 226 226 226 225 225 225 225 225 225 222 221 225 223 224 224 222 221 222 222 222 221 220 221 220 158 32 21 22 19 17 17 16 21 21 18 13 13 13 10 11 10 6 8 8 6 7 9 8 7 8 12 14 13 12 14 12 11 11 14 9 6 7 7 5 7 8 5 10 8 5 8 6 6 9 7 6 6 7 6 5 5 8 12 16 13 15 16 18 25 23 34 74 171 219 225 228 232 232 233 235 235 236 236 235 237 237 238 241 237 242 241 241 241 241 242
222 222 221 223 223 225 223 223 223 224 223 223 224 225 226 224 224 225 224 224 223 224 222 222 224 219 218 221 223 222 222 222 221 220 220 219 220 138 27 23 23 21 19 17 19 19 22 20 15 12 12 10 9 9 7 9 9 8 7 9 9 9 8 9 12 11 10 12 11 10 11 12 8 7 7 7 6 7 8 7 9 7 8 8 7 7 5 7 7 8 6 5 5 6 5 13 14 9 15 20 20 24 27 41 97 183 216 224 229 231 231 233 232 235 235 235 236 238 234 236 238 238 238 239 238 239 239 241
222 223 224 222 223 224 224 224 224 224 224 224 224 225 226 224 225 225 224 224 225 225 222 223 222 220 221 224 223 222 221 222 222 221 220 222 213 103 24 22 21 18 17 18 19 18 17 18 14 13 12 10 8 9 9 10 8 7 6 7 8 7 6 7 12 11 11 14 12 10 9 10 8 7 8 7 7 9 7 7 9 7 7 8 7 9 7 5 6 6 5 5 6 6 8 13 13 8 12 18 20 21 20 38 123 204 223 227 230 232 233 234 235 237 235 237 240 238 232 237 240 241 239 241 241 240 243 244
224 223 223 224 225 224 224 226 225 224 226 225 225 225 226 226 226 225 225 224 226 225 223 226 225 222 224 224 223 223 222 223 223 222 222 222 204 94 23 21 19 16 15 16 19 17 17 16 12 12 11 10 8 9 7 7 7 8 8 6 7 7 6 6 8 12 12 14 12 10 11 12 14 9 9 8 9 10 11 6 9 7 6 8 9 7 9 4 6 5 5 5 5 7 9 18 11 9 15 17 21 21 21 32 123 209 225 231 231 233 234 236 236 238 236 240 241 241 234 237 240 241 241 246 242 243 244 244
223 223 225 224 224 225 225 226 224 224 225 225 225 226 226 226 226 226 226 226 226 227 226 225 225 225 224 223 223 224 222 221 222 223 222 220 200 75 23 23 19 17 16 15 18 13 17 16 13 12 10 10 9 9 9 8 10 8 7 6 5 7 9 7 6 10 13 12 14 12 14 13 16 10 7 8 10 12 9 9 9 7 8 9 9 7 7 4 6 7 8 5 8 6 14 19 12 13 17 19 21 19 16 26 108 210 224 229 232 234 233 234 237 238 239 239 239 238 238 241 239 241 242 245 247 244 245 246
223 223 224 223 225 225 225 225 224 224 225 225 223 224 225 226 226 226 226 226 225 226 225 225 225 225 225 223 222 221 222 222 222 222 220 219 185 51 24 21 20 16 15 15 16 15 19 16 14 13 12 10 11 11 11 10 9 8 8 8 6 6 7 7 8 10 14 13 15 17 16 15 13 10 11 9 11 13 9 10 9 7 8 9 10 10 8 6 8 7 8 8 9 9 16 16 12 18 20 18 19 18 18 33 100 204 227 229 233 232 235 236 236 236 239 240 239 239 239 238 240 242 241 243 245 245 244 245
223 223 224 224 225 225 225 225 225 224 224 224 224 224 224 225 225 225 227 224 226 227 226 224 224 224 224 225 223 222 223 223 222 221 221 218 173 45 23 21 18 17 18 13 18 16 15 18 17 15 14 13 14 14 11 11 10 9 8 9 8 8 10 9 11 11 13 15 16 17 17 14 14 12 11 10 10 14 11 11 8 9 9 11 9 10 7 6 7 7 6 8 9 11 17 15 17 21 20 16 18 21 23 41 136 209 225 231 232 233 234 236 238 236 239 239 240 241 238 240 242 238 242 244 244 243 244 243
224 222 224 223 224 223 225 225 223 223 224 224 224 224 224 225 224 225 224 226 225 226 227 225 225 224 224 224 224 224 223 223 223 222 221 216 167 47 21 19 17 17 16 13 15 15 15 16 15 12 11 12 11 13 12 10 9 9 10 9 8 8 8 8 9 10 11 13 13 17 16 14 14 11 9 8 9 14 11 9 9 8 9 10 9 8 8 6 8 7 8 9 8 10 18 12 17 19 18 16 16 19 20 33 130 221 225 231 232 234 235 236 238 239 240 239 239 241 240 243 242 240 244 244 245 245 245 244
222 222 223 223 223 223 223 223 223 223 223 223 223 225 223 224 224 223 223 223 223 224 226 224 224 223 223 222 223 223 222 222 221 220 221 214 176 54 20 18 17 15 12 12 12 13 14 16 13 13 12 11 10 11 13 11 11 9 8 8 9 8 7 8 8 10 10 9 10 13 14 15 12 9 7 6 7 9 9 8 9 9 8 9 7 6 6 6 4 6 8 8 8 11 15 10 14 16 15 13 13 16 19 30 108 214 229 231 233 234 235 235 237 238 238 238 239 238 239 240 242 240 239 243 243 245 242 244
222 222 223 223 223 223 223 223 223 223 224 224 224 224 224 224 223 222 224 222 223 224 224 224 224 223 222 224 223 221 220 222 221 220 218 210 184 75 18 19 17 16 14 11 12 14 16 15 12 13 13 13 13 12 13 12 13 10 11 11 12 11 10 11 10 11 11 11 12 15 14 16 11 11 7 10 11 12 10 7 11 12 9 9 7 6 5 7 8 6 8 6 8 15 15 12 14 17 15 14 16 19 23 30 106 214 229 231 233 234 236 237 236 238 238 240 241 240 239 241 241 242 238 243 244 244 243 244
221 221 221 222 222 222 222 222 222 223 222 222 222 222 223 223 221 223 222 222 222 224 222 223 224 222 221 221 220 221 221 220 220 219 216 214 202 96 19 17 16 15 11 11 12 11 12 13 13 13 15 13 12 12 12 12 10 11 12 12 13 11 12 12 11 12 10 12 17 14 13 14 9 11 10 9 9 10 7 8 9 9 9 10 7 7 6 6 6 7 7 7 14 22 15 11 14 18 14 16 16 19 22 34 101 204 230 231 233 233 234 236 235 237 238 238 238 240 240 239 242 240 241 241 242 242 245 241
221 222 220 222 222 219 221 222 222 222 222 222 222 220 222 222 222 223 222 222 223 223 223 224 222 223 222 220 219 220 218 218 219 220 216 214 204 129 24 17 16 15 13 14 13 13 14 14 13 15 16 13 12 12 11 11 11 11 11 11 11 12 13 12 10 13 12 16 22 20 16 16 14 12 13 12 10 10 9 9 10 9 9 10 9 10 9 5 6 8 8 9 12 19 15 12 13 17 16 17 17 17 22 36 133 210 226 232 233 233 234 234 235 237 237 238 239 239 237 239 239 239 240 241 244 243 243 243
220 220 220 220 222 220 220 221 219 220 221 221 221 219 221 221 221 221 221 222 222 221 222 222 221 221 221 219 220 220 217 218 218 217 215 213 211 161 43 23 20 19 19 19 18 15 17 17 17 20 15 16 15 18 14 12 16 15 15 15 14 15 17 17 15 18 19 20 21 25 20 18 18 15 16 17 14 15 15 11 14 14 14 16 15 12 12 10 11 12 11 15 17 19 18 17 20 21 22 23 23 23 29 49 137 216 228 232 233 232 233 234 234 237 237 236 237 237 237 240 240 241 238 239 240 242 242 242
220 221 220 218 219 219 219 219 219 220 221 218 220 218 219 220 220 220 220 221 220 221 221 221 221 221 220 218 219 219 218 216 217 218 216 213 207 181 78 25 23 20 18 19 18 18 17 17 17 20 18 16 15 17 16 16 16 16 14 14 15 15 15 16 17 17 18 15 18 23 22 20 16 16 15 16 16 17 18 14 16 12 15 17 16 10 11 11 14 12 13 13 17 19 19 16 19 22 24 24 22 26 31 69 174 222 227 230 231 233 233 233 237 235 237 236 238 235 234 238 239 239 241 240 239 241 240 241
217 218 219 219 217 217 217 218 218 219 222 219 219 219 218 220 218 219 220 221 219 220 220 220 220 221 220 219 219 219 219 219 217 216 215 215 210 195 129 29 19 18 16 15 16 16 16 15 12 13 14 11 11 14 11 10 11 12 11 11 11 10 10 13 13 14 15 13 15 14 16 18 14 12 12 14 13 12 15 13 13 11 11 13 13 10 9 10 12 11 9 10 13 15 11 13 16 20 22 22 21 22 30 91 195 227 229 233 234 236 235 234 236 234 238 237 239 235 239 239 239 237 240 240 241 240 241 241
218 218 220 219 217 217 218 219 219 217 219 220 218 219 219 220 219 219 219 219 219 220 222 220 218 219 218 217 218 218 218 218 218 215 215 216 214 201 170 52 16 18 15 14 16 12 14 12 11 10 10 10 10 13 12 11 10 12 10 13 11 12 11 10 11 13 14 15 14 12 14 15 15 13 14 13 10 10 13 14 12 8 10 11 13 9 8 7 13 11 9 9 14 14 12 14 15 17 20 22 20 21 42 140 210 227 228 230 233 233 234 234 235 235 235 237 238 237 240 238 238 237 240 241 241 240 238 241
219 219 219 219 218 220 220 219 217 218 218 218 219 219 220 218 218 219 219 219 219 220 220 220 220 219 220 218 218 216 217 217 218 218 217 217 215 207 181 92 21 15 14 12 15 10 12 13 12 10 10 12 11 12 13 11 12 12 11 12 12 11 13 11 10 14 15 15 14 12 14 15 13 12 13 13 10 11 12 13 13 10 10 11 12 8 8 8 9 9 11 9 15 11 10 14 15 17 22 24 22 23 53 163 224 226 229 231 234 234 236 236 236 237 238 236 238 237 240 240 241 240 243 241 242 243 240 241
218 217 218 218 218 219 218 217 217 218 218 217 217 219 219 217 217 218 217 218 218 218 218 219 220 219 218 217 217 216 215 216 215 218 217 217 215 210 190 143 41 15 12 13 14 11 13 11 10 9 11 9 9 9 10 9 11 9 11 10 10 11 11 10 10 13 12 14 12 12 14 17 15 13 13 10 9 9 11 12 10 11 9 10 10 9 7 6 8 10 10 10 14 10 10 11 16 17 20 24 22 31 83 183 225 229 230 233 233 234 235 237 237 237 236 236 239 239 241 241 239 240 245 244 242 243 240 242
217 218 219 218 218 217 217 218 218 219 219 219 217 217 218 218 218 218 218 218 218 218 219 219 218 220 218 213 211 210 212 214 215 215 211 215 217 211 197 175 100 22 13 13 12 13 12 11 11 10 10 9 9 10 9 10 10 8 11 11 10 10 8 10 9 13 11 11 11 11 14 16 17 15 13 12 10 11 11 13 9 9 10 12 10 8 8 7 7 10 12 14 14 10 11 12 14 19 17 22 23 38 132 208 224 229 232 231 234 235 234 236 234 238 237 238 240 238 241 240 239 241 245 243 243 243 240 245
217 219 218 219 218 218 217 209 182 134 166 210 218 216 215 216 218 218 218 218 218 216 217 216 194 177 174 150 124 103 96 125 153 156 126 134 184 208 206 194 160 54 16 12 15 15 12 12 11 11 11 11 11 11 10 11 11 11 12 10 10 11 11 11 11 10 13 11 13 13 15 19 19 15 14 13 12 12 12 12 12 10 10 11 10 9 10 9 9 10 14 15 12 11 12 13 12 19 21 23 25 57 159 219 226 229 231 232 234 234 235 232 235 237 238 238 239 238 238 239 239 239 244 241 244 243 241 243
217 219 217 217 218 211 161 87 48 32 34 120 214 216 216 214 216 217 218 216 211 191 166 136 112 51 41 37 32 28 23 26 30 32 32 28 43 86 173 204 183 112 27 16 17 16 14 12 12 12 11 12 10 13 11 11 12 12 12 12 10 11 11 11 12 12 11 12 14 13 16 20 20 15 18 16 14 13 14 12 13 11 13 14 11 7 11 11 10 11 19 17 13 13 10 13 13 16 22 24 29 77 190 225 226 229 232 234 235 235 235 234 235 237 238 238 237 236 237 239 239 239 244 240 244 243 243 244
217 217 216 218 214 131 40 29 28 31 28 38 118 162 194 211 215 212 194 164 117 69 47 31 29 32 28 27 29 31 28 28 27 27 26 27 25 19 30 98 183 164 70 15 18 17 19 15 14 14 14 12 13 15 15 15 12 12 15 12 14 15 13 13 13 13 14 12 15 16 18 26 22 16 19 15 15 14 17 14 14 13 13 15 12 12 11 10 12 15 21 17 15 12 12 14 17 17 20 22 35 88 195 228 229 231 233 232 235 236 235 235 236 237 237 237 239 236 239 238 239 240 242 243 243 240 240 242
217 217 215 217 164 44 29 30 29 30 30 29 33 63 111 163 165 123 71 43 31 30 29 28 29 28 28 26 27 26 27 27 26 26 26 27 24 25 21 17 57 143 110 17 16 17 17 17 15 14 15 13 13 15 13 14 13 14 15 12 13 13 12 15 13 13 13 13 16 14 20 25 18 18 19 16 13 15 18 14 13 13 12 16 13 11 13 10 13 16 21 18 15 11 11 14 18 19 20 24 42 107 195 225 231 232 233 233 235 234 235 234 236 238 238 238 238 239 237 240 238 240 240 241 244 241 242 243
218 216 217 202 80 29 30 29 27 27 28 27 25 29 37 48 42 29 26 26 28 28 28 26 27 27 25 25 24 24 26 25 24 25 24 24 22 22 22 22 15 30 44 18 18 17 15 13 13 15 13 12 13 14 13 11 12 11 12 13 11 13 13 11 14 13 11 12 16 14 21 24 14 14 17 15 11 13 17 14 12 10 11 16 13 9 11 11 13 11 17 20 15 12 12 13 15 16 22 27 48 123 206 227 230 232 231 232 234 237 235 234 235 237 239 238 236 236 238 239 239 243 239 240 243 243 242 244
216 215 216 182 53 29 27 27 25 24 27 27 24 27 28 28 26 27 27 26 26 27 26 27 26 26 25 25 24 23 24 24 22 24 21 22 24 22 21 23 21 18 14 16 16 17 15 15 15 13 14 14 14 16 14 14 13 12 13 14 11 11 14 14 12 12 12 12 15 18 21 18 15 14 18 14 12 14 16 12 13 12 14 16 13 11 11 12 13 13 20 22 17 13 13 15 16 16 23 45 74 141 208 229 231 233 232 232 233 235 233 234 236 238 237 237 238 239 239 238 237 237 239 240 241 240 242 243
215 215 214 138 34 28 27 26 23 24 24 27 24 26 27 25 27 28 25 25 26 25 24 24 25 24 25 23 23 23 23 23 22 22 22 22 23 22 23 20 21 18 17 16 17 16 14 15 16 14 15 16 13 16 13 14 14 12 14 14 13 12 13 16 14 13 12 13 14 20 20 17 16 14 16 13 12 15 15 13 12 12 12 15 11 11 11 13 14 12 14 20 20 14 15 16 20 23 26 64 130 175 210 227 231 230 231 233 234 235 234 235 236 235 237 236 239 237 239 239 237 235 239 241 241 243 242 244
218 215 211 110 29 28 28 27 26 25 26 28 26 26 26 26 26 25 25 24 25 25 24 25 26 24 24 23 23 24 23 25 22 22 21 21 22 21 24 22 19 18 18 17 19 19 16 15 16 17 16 18 14 16 16 14 15 14 14 15 16 16 17 17 16 14 15 14 14 21 22 18 16 14 15 12 12 15 16 14 12 10 12 14 14 13 14 12 13 13 15 20 23 16 19 19 30 41 53 90 166 204 219 227 228 231 231 236 233 235 236 236 236 235 237 237 238 241 240 239 235 237 240 243 245 244 242 245
211 212 207 132 35 28 29 27 27 26 25 27 26 27 28 27 26 25 27 27 25 25 25 26 25 23 25 22 23 24 21 24 23 22 21 23 23 22 22 22 21 19 19 18 19 21 19 18 17 18 18 16 15 17 18 18 17 15 15 15 16 17 19 18 17 16 18 16 17 21 18 16 15 13 17 14 15 15 16 16 15 14 16 15 14 14 12 12 16 15 17 18 20 19 23 34 65 84 106 133 181 217 223 228 232 232 233 235 235 236 233 233 236 237 239 239 240 242 241 241 238 241 239 243 246 246 246 246
213 212 211 155 36 27 26 27 26 26 25 27 25 26 28 26 26 26 25 24 25 23 24 25 23 22 21 21 22 21 22 22 21 21 21 21 21 20 18 18 18 20 20 18 18 19 17 18 18 17 18 17 17 17 16 17 16 16 15 13 15 18 26 25 19 18 17 16 17 17 17 17 16 16 18 15 15 16 16 15 15 13 16 15 15 11 13 15 15 13 16 13 15 17 17 50 112 160 167 175 196 218 225 228 232 231 232 234 235 234 232 233 236 238 239 237 238 240 241 241 240 238 238 242 244 244 244 244
178 179 178 162 60 27 26 25 25 26 26 26 25 25 27 25 27 27 25 24 25 26 25 25 22 23 23 23 22 22 22 23 22 21 21 21 19 22 19 19 19 18 18 18 17 16 18 17 17 16 18 18 18 18 16 17 19 17 16 15 15 16 28 38 28 21 18 16 16 16 18 19 18 17 19 16 17 17 17 15 17 16 15 16 18 15 16 15 17 16 17 17 16 18 19 31 109 177 206 206 212 220 225 228 231 231 233 233 234 233 236 236 236 237 237 238 237 238 238 239 237 235 232 240 243 239 243 242
128 131 130 133 97 39 32 31 29 28 28 29 29 29 29 31 31 29 28 29 27 28 27 28 28 27 28 29 28 28 28 28 28 26 26 27 25 25 27 24 24 23 22 23 24 22 22 20 23 22 23 26 22 21 19 19 19 20 21 20 20 17 20 32 33 25 22 20 20 20 19 21 21 20 22 20 19 20 19 18 17 17 19 22 19 19 20 23 26 26 23 30 30 26 34 24 49 132 204 221 219 223 229 229 231 232 234 234 234 236 235 235 237 236 235 237 237 239 238 239 236 235 233 238 240 242 240 242
149 147 142 139 136 81 34 30 29 27 27 29 25 27 25 26 28 28 26 27 25 25 29 28 28 27 24 23 25 23 23 26 25 24 24 26 25 24 23 21 23 22 22 23 25 23 24 23 24 23 22 23 23 27 23 21 25 24 21 21 21 18 19 21 22 24 24 20 19 19 19 22 20 19 19 17 16 18 18 18 16 15 19 20 16 16 15 27 28 26 22 23 44 36 25 25 32 62 177 224 225 226 228 229 231 232 233 234 234 235 235 235 236 235 236 237 237 239 238 238 236 238 238 239 240 241 239 241
199 190 196 195 196 162 68 27 24 25 22 23 20 22 21 21 21 22 22 21 20 22 24 23 20 35 58 75 80 79 77 72 64 65 62 61 54 48 47 43 39 37 33 29 29 25 24 24 21 19 18 20 16 33 34 20 35 25 17 16 18 17 17 16 16 18 20 20 19 17 19 21 15 15 16 15 14 16 16 15 15 15 19 17 15 14 12 14 17 15 17 20 45 35 20 20 27 42 140 225 229 229 228 231 232 231 233 233 233 236 236 235 237 238 238 239 237 239 236 234 236 240 240 243 241 239 241 241
198 194 201 196 199 200 169 90 44 30 24 25 23 23 24 25 25 23 24 23 22 22 26 49 107 157 181 190 192 191 194 191 191 190 185 185 175 174 176 171 163 152 146 141 134 128 123 120 103 89 84 83 73 75 71 65 64 57 56 51 47 46 41 36 32 29 25 23 23 21 23 25 19 19 16 16 15 16 17 15 15 16 18 21 19 16 16 15 18 16 17 23 21 18 20 21 32 43 117 214 226 227 231 232 234 235 236 237 238 238 237 237 238 239 240 241 239 240 237 236 235 240 241 243 239 239 240 243
201 194 191 196 201 200 197 181 150 90 47 30 27 26 24 24 25 23 24 30 45 66 121 177 205 205 201 203 205 203 199 204 203 203 198 200 199 204 208 207 208 205 201 202 203 204 205 207 202 190 192 191 189 190 192 190 191 191 186 177 176 173 169 156 155 150 141 112 102 83 68 50 27 23 45 59 65 65 61 63 61 54 53 48 42 36 33 25 18 20 18 20 21 20 22 24 36 55 85 122 135 144 152 164 174 179 184 191 197 203 206 209 210 211 216 221 224 227 225 226 225 235 237 241 243 241 243 249
199 199 200 197 195 195 197 187 192 175 150 122 92 83 76 63 50 52 79 132 166 184 197 202 198 201 203 199 206 204 199 204 203 201 201 199 205 204 209 209 203 198 199 203 207 206 205 205 198 196 203 204 206 200 203 204 209 206 202 200 204 199 203 196 202 203 197 193 195 198 190 169 126 120 160 170 181 180 181 183 187 176 170 164 168 157 150 119 99 115 123 109 111 113 109 107 113 115 117 118 124 126 132 136 136 136 139 142 143 146 145 147 151 152 154 156 160 161 162 164 164 166 169 169 168 166 170 176
194 195 197 197 200 198 193 196 200 200 196 191 182 184 185 171 163 177 196 201 200 201 194 201 196 193 201 206 205 203 199 202 199 203 201 202 201 204 208 208 205 200 201 204 205 207 205 201 201 201 202 208 206 206 206 206 212 210 202 200 205 208 205 206 207 198 198 200 201 206 205 209 204 203 195 189 194 200 198 200 196 197 198 202 197 206 200 193 202 194 194 191 197 200 199 188 200 192 195 195 194 194 201 200 192 194 193 188 179 170 169 156 151 142 127 118 111 120 131 129 125 128 137 129 125 120 131 131
200 194 195 196 195 196 196 196 200 196 197 193 192 195 194 186 195 200 197 196 197 200 195 203 200 195 205 207 206 202 200 208 204 206 206 200 208 208 206 209 204 201 207 202 203 205 199 199 208 204 204 209 211 209 208 208 206 207 204 204 209 212 206 205 209 206 208 203 206 205 201 207 210 205 199 194 202 206 208 202 200 195 199 204 202 203 206 204 204 198 203 196 195 199 209 204 205 204 199 209 197 199 208 210 210 209 208 207 197 193 176 183 187 188 161 137 98 99 117 129 134 144 146 140 130 133 139 140
202 195 197 197 200 200 192 193 200 198 197 194 192 193 191 188 196 200 194 196 200 204 197 194 201 200 203 204 202 204 198 204 211 209 207 200 205 207 210 202 203 203 206 203 204 204 202 208 208 206 206 207 210 207 210 210 204 205 211 208 210 211 209 204 208 207 208 203 209 209 211 211 209 205 203 197 202 204 205 200 206 194 206 204 203 200 209 209 206 206 203 166 195 201 208 210 207 211 198 208 206 208 208 209 208 209 210 204 199 196 199 202 196 194 191 156 111 96 110 133 146 151 157 162 139 139 142 146
