0.00000000 0.00000000 0.00000000 0.00000000 0.00000000 0.00000000 0.00000000 0.00000000 0.00000000 0.00000000 0.00000000 0.00000000 0.00000000 0.00000000 0.00000000 0.00000000 0.00000000 0.00000000 0.00000000 0.00000000 0.00000000 0.00000000 0.00000000 0.00000000 0.00000000 0.00000000 0.00000000 0.00000000 0.00000000 0.00000000 0.00000000 0.00000000 0.00000000 0.00000000 0.00000000 0.00000000 0.00000000 0.00000000 0.00000000 0.00000000 0.00000000 0.00000000 0.00000000 0.00000000 0.00000000 0.80569398 1.39385223 1.04467058 0.00000000 0.00000000 0.00000000 0.00000000 0.00000000 0.00000000 0.00000000 0.00000000 0.00000000 0.00000000 0.00000000 0.25232708 0.00000000 0.00000000
0.00000000 0.00000000 0.00000000 0.00000000 0.00000000 0.00000000 0.00000000 0.00000000 0.00000000 0.00000000 0.00000000 0.00000000 0.00000000 0.00000000 0.00000000 0.00000000 0.00000000 0.00000000 0.00000000 0.00000000 0.00000000 0.00000000 0.00000000 0.00000000 0.00000000 0.00000000 0.00000000 0.00000000 0.00000000 0.00000000 0.00000000 0.00000000 0.00000000 0.00000000 0.00000000 0.00000000 0.00000000 0.00000000 0.00000000 0.00000000 0.00000000 0.00000000 0.00000000 0.00000000 0.00527766 1.16511440 1.61677265 1.43521595 1.00304973 0.00000000 0.00000000 0.00000000 0.00000000 0.00000000 0.00000000 0.00000000 0.00000000 0.00000000 0.84259534 0.91426206 0.07694940 0.00000000
0.00000000 0.00000000 0.00000000 0.00000000 0.00000000 0.00000000 0.00000000 0.00000000 0.00000000 0.00000000 0.00000000 0.00000000 0.00000000 0.00000000 0.00000000 0.00000000 0.00000000 0.00000000 0.00000000 0.00000000 0.00000000 0.00000000 0.00000000 0.00000000 0.00000000 0.00000000 0.00000000 0.00000000 0.00000000 0.00000000 0.00000000 0.00000000 0.00000000 0.00000000 0.00000000 0.00000000 0.00000000 0.00000000 0.00000000 0.00000000 0.00000000 0.00000000 0.00000000 0.00000000 0.67380559 1.00050485 1.01613235 1.44458330 1.44164062 0.63037008 0.00000000 0.00000000 0.00000000 0.00000000 0.00000000 0.00000000 0.32965523 1.09126675 1.16304970 1.07385349 0.36779982 0.00000000
0.00000000 0.00000000 0.00000000 0.00000000 0.00000000 0.33021009 0.00000000 0.15419640 0.00000000 0.00000000 0.00000000 0.00000000 0.00000000 0.00000000 0.00000000 0.00000000 0.00000000 0.00000000 0.00000000 0.00000000 0.00000000 0.00000000 0.00000000 0.00000000 0.00000000 0.00000000 0.00000000 0.00000000 0.00000000 0.00000000 0.00000000 0.00000000 0.00000000 0.00000000 0.00000000 0.00000000 0.00000000 0.00000000 0.00000000 0.00000000 0.00000000 0.00000000 0.00000000 0.00000000 0.89069211 0.81183738 0.75188804 1.24016631 1.43865645 1.10915363 0.57610744 0.26722747 0.32415372 0.39164472 0.76519406 0.97277749 1.17787290 1.22297251 1.18334317 1.06070769 0.49314296 0.00000000
0.00000000 0.00000000 0.00000000 0.00000000 0.00000000 0.24552985 0.00000000 0.02911347 0.00000000 0.50537157 0.15621640 0.00000000 0.00000000 0.00000000 0.11602260 0.00000000 0.00000000 0.00000000 0.00000000 0.00000000 0.00000000 0.00000000 0.00000000 0.00000000 0.00000000 0.00000000 0.00000000 0.00000000 0.00000000 0.00000000 0.00000000 0.00000000 0.00000000 0.00000000 0.00000000 0.00000000 0.00000000 0.00000000 0.00000000 0.00000000 0.00000000 0.00000000 0.00000000 0.06351484 0.91293371 0.42742652 0.49082607 0.96207857 1.35694921 1.43480659 1.61544228 1.65806806 1.62267613 1.54112053 1.47762048 1.43495643 1.23788667 1.05558121 0.96398687 0.87868965 0.14841114 0.00000000
0.00000000 0.00000000 0.00000000 0.00000000 0.02692010 0.14037623 0.00000000 0.00000000 0.00000000 0.61908746 0.13997768 0.24827801 0.00000000 0.43290585 0.15636472 0.22607927 0.00000000 0.10265343 0.57577276 0.05757184 0.00000000 0.00000000 0.00000000 0.00000000 0.00000000 0.00000000 0.00000000 0.00000000 0.00000000 0.00000000 0.00000000 0.00000000 0.00000000 0.00000000 0.00000000 0.00000000 0.00000000 0.00000000 0.00000000 0.00000000 0.00000000 0.00000000 0.00000000 0.91564989 1.11032915 0.78181142 0.70978403 0.91851306 0.92900515 1.01684463 1.11008263 1.13332987 1.08240545 1.02825558 0.91804874 0.89999306 0.91914666 0.93539011 0.90969527 0.82185125 0.00000000 0.00000000
0.00000000 0.00000000 0.00000000 0.00000000 0.06015131 0.12057690 0.00000000 0.20345454 0.00000000 0.16508730 0.00000000 0.00000000 0.00000000 0.14106564 0.00000000 0.00000000 0.00000000 0.00000000 0.85868800 0.04752058 0.00000000 0.00000000 0.00000000 0.00000000 0.00000000 0.00000000 0.00000000 0.00000000 0.00000000 0.00000000 0.00000000 0.00000000 0.00000000 0.00000000 0.00000000 0.00000000 0.00000000 0.00000000 0.00000000 0.00000000 0.00000000 0.00000000 0.50040483 1.09163165 1.00899971 0.86785102 0.78605258 0.86655200 0.88313127 0.93913329 0.95173645 0.94571960 0.89734340 0.86912942 0.81810111 0.89519382 0.95312631 1.03244495 0.81065089 0.61256295 0.00000000 0.00000000
0.00000000 0.00000000 0.00000000 0.00000000 0.00000000 0.00000000 0.29011691 0.30947185 0.00000000 0.00000000 0.00000000 0.00000000 0.00000000 0.00000000 0.00000000 0.00000000 0.00000000 0.00000000 0.15140186 0.00000000 0.00000000 0.00000000 0.00000000 0.00000000 0.00000000 0.00000000 0.00000000 0.00000000 0.00000000 0.00000000 0.00000000 0.00000000 0.00000000 0.00000000 0.00000000 0.00000000 0.00000000 0.00000000 0.00000000 0.00000000 0.00000000 0.00000000 1.11310172 1.14931548 1.06839871 1.02194941 1.01585639 1.01858509 1.01621377 1.02513278 1.01907241 1.00811958 0.93842065 0.89993751 0.88486636 0.95812237 1.02366412 1.10464466 0.78230870 0.00000000 0.00000000 0.00000000
0.00000000 0.00000000 0.00000000 0.00000000 0.00000000 0.00000000 0.00000000 0.00000000 0.00000000 0.00000000 0.00000000 0.00000000 0.00000000 0.00000000 0.00000000 0.00000000 0.00000000 0.00000000 0.00000000 0.00000000 0.00000000 0.00000000 0.00000000 0.00000000 0.00000000 0.00000000 0.00000000 0.00000000 0.00000000 0.00000000 0.00000000 0.00000000 0.00000000 0.00000000 0.00000000 0.00000000 0.00000000 0.00000000 0.00000000 0.00000000 0.00000000 0.86974418 1.12885582 0.99564540 1.05390501 1.04218757 1.04743242 1.02774501 0.99567091 0.99406528 0.98819780 0.96505475 0.94662249 0.93165946 0.85055816 0.88127995 0.92755830 1.21910644 1.26763594 0.00000000 0.00000000 0.00000000
0.00000000 0.00000000 0.00000000 0.00000000 0.00000000 0.00000000 0.00000000 0.00000000 0.00000000 0.00000000 0.00000000 0.00000000 0.00000000 0.00000000 0.00000000 0.00000000 0.00000000 0.00000000 0.00000000 0.00000000 0.00000000 0.00000000 0.00000000 0.00000000 0.00000000 0.00000000 0.00000000 0.00000000 0.00000000 0.00000000 0.00000000 0.00000000 0.00000000 0.00000000 0.00000000 0.00000000 0.00000000 0.00000000 0.00000000 0.00000000 0.59292263 1.08280087 1.04461706 0.93854833 0.98518240 0.97647548 0.97013080 0.94878995 0.96637833 0.96601534 0.97955430 0.98534262 0.99528563 0.99464583 0.88773608 0.81410158 0.87052476 1.25753450 1.32251751 0.45255738 0.00000000 0.00000000
0.00000000 0.00000000 0.00000000 0.00000000 0.00000000 0.00000000 0.00000000 0.00000000 0.00000000 0.00000000 0.00000000 0.00000000 0.00000000 0.00000000 0.00000000 0.00000000 0.00000000 0.00000000 0.00000000 0.00000000 0.00000000 0.00000000 0.00000000 0.00000000 0.00000000 0.00000000 0.00000000 0.00000000 0.00000000 0.00000000 0.00000000 0.00000000 0.00000000 0.00000000 0.00000000 0.00000000 0.00000000 0.00000000 0.17046918 0.70967501 1.09289372 1.07701552 0.87434018 0.91674781 0.96652603 0.96631360 0.96844661 0.95587707 0.96610677 0.97811925 0.94061530 0.95232546 0.96278453 0.96693504 0.91565013 0.82887161 0.90879405 1.04122531 1.25657153 0.69226676 0.00000000 0.00000000
0.00000000 0.00000000 0.00000000 0.00000000 0.00000000 0.00000000 0.00000000 0.00000000 0.00000000 0.00000000 0.00000000 0.00000000 0.00000000 0.00000000 0.00000000 0.00000000 0.00000000 0.00000000 0.00000000 0.00000000 0.00000000 0.00000000 0.00000000 0.00000000 0.00000000 0.00000000 0.00000000 0.00000000 0.00000000 0.00000000 0.00000000 0.00000000 0.00000000 0.00000000 0.00000000 0.00000000 0.00000000 1.07914734 1.22754943 1.15046501 1.12139297 0.94970143 0.92935801 0.97195697 0.99035764 0.99293005 0.98308778 0.98630393 1.31837821 1.22321093 0.61496657 0.17536463 0.82808173 1.01422596 0.96741414 0.98025239 1.06824410 0.97865963 1.11544752 0.84156275 0.00000000 0.00000000
0.00000000 0.00000000 0.00000000 0.00000000 0.00000000 0.00000000 0.00000000 0.00000000 0.00000000 0.00000000 0.00000000 0.00000000 0.00000000 0.00000000 0.00000000 0.00000000 0.00000000 0.00000000 0.00000000 0.00000000 0.00000000 0.00000000 0.00000000 0.00000000 0.00000000 0.00000000 0.00000000 0.00000000 0.00000000 0.00000000 0.00000000 0.00000000 0.00000000 0.00000000 0.00000000 0.00000000 0.94763219 1.24899244 1.20071256 0.97950256 0.92745006 0.95921266 0.93762863 0.97582829 0.98792183 0.98367500 0.97080958 0.97566283 1.17317796 1.13695943 0.00000000 0.00000000 0.53367227 0.99361420 0.94595933 1.05514514 0.81980956 0.10565357 1.10187161 0.93882751 0.00000000 0.00000000
0.00000000 0.00000000 0.00000000 0.00000000 0.00000000 0.00000000 0.00000000 0.00000000 0.00000000 0.00000000 0.00000000 0.00000000 0.00000000 0.00000000 0.00000000 0.00000000 0.00000000 0.00000000 0.00000000 0.00000000 0.00000000 0.00000000 0.00000000 0.00000000 0.00000000 0.00000000 0.00000000 0.00000000 0.00000000 0.00000000 0.00000000 0.00000000 0.00000000 0.00000000 0.00000000 0.58842415 1.04364002 1.02243221 0.84689736 0.87147748 0.88476384 0.91910338 0.91291904 0.93543899 0.95056486 0.95608091 0.94291675 0.92895699 1.14780354 1.40836608 0.89280093 0.46791410 0.99808002 0.89659524 0.87172246 0.93069446 0.23776044 0.45807600 1.05676806 0.86226857 0.00000000 0.00000000
0.00000000 0.00000000 0.00000000 0.00000000 0.00000000 0.00000000 0.00000000 0.00000000 0.00000000 0.00000000 0.00000000 0.00000000 0.00000000 0.00000000 0.00000000 0.00000000 0.00000000 0.00000000 0.00000000 0.00000000 0.00000000 0.00000000 0.00000000 0.00000000 0.00000000 0.00000000 0.00000000 0.00000000 0.00000000 0.00000000 0.00000000 0.00000000 0.00000000 0.00000000 0.00000000 0.99099386 1.00320208 0.80577075 0.85574043 0.87084961 0.85567856 0.87033224 0.88689280 0.89119494 0.90412152 0.91147900 0.90804029 0.91276121 0.92962515 1.45434642 1.35560787 1.12229466 1.10229540 0.83917433 0.82823277 1.28461766 1.05984151 1.17876077 1.19247949 0.68661743 0.00000000 0.00000000
0.00000000 0.00000000 0.00000000 0.00000000 0.00000000 0.00000000 0.00000000 0.00000000 0.00000000 0.00000000 0.00000000 0.00000000 0.00000000 0.00000000 0.00000000 0.00000000 0.00000000 0.00000000 0.00000000 0.00000000 0.00000000 0.00000000 0.00000000 0.00000000 0.00000000 0.00000000 0.00000000 0.00000000 0.00000000 0.00000000 0.00000000 0.00000000 0.00000000 0.00000000 0.68583149 1.04159296 0.86227357 0.93394232 0.97883642 0.98760128 0.98221135 0.99500716 1.01814568 1.01620948 1.01122952 1.01232147 1.01233065 1.02162910 0.97718239 0.97298634 0.98308837 0.98675621 0.99882507 0.98089945 0.93934536 1.11829519 1.01738703 1.12312424 0.90552580 0.45751595 0.00000000 0.00000000
0.00000000 0.00000000 0.00000000 0.00000000 0.00000000 0.00000000 0.00000000 0.00000000 0.00000000 0.00000000 0.00000000 0.00000000 0.00000000 0.00000000 0.00000000 0.00000000 0.00000000 0.00000000 0.00000000 0.00000000 0.00000000 0.00000000 0.00000000 0.00000000 0.00000000 0.00000000 0.00000000 0.00000000 0.00000000 0.00000000 0.00000000 0.00000000 0.00000000 0.00000000 1.07164073 1.01074588 0.88107634 0.95249391 0.98628616 0.99191296 0.99237168 1.00886810 1.02681136 1.01565659 1.01793110 1.01988804 1.02046990 1.01227617 1.01145864 1.00165629 0.98603952 0.96576893 0.98292410 0.97203219 0.95842028 0.93310344 1.00159740 1.01128864 0.62909806 0.20861150 0.00000000 0.00000000
0.00000000 0.00000000 0.00000000 0.00000000 0.00000000 0.00000000 0.00000000 0.00000000 0.00000000 0.00000000 0.00000000 0.00000000 0.00000000 0.00000000 0.00000000 0.00000000 0.00000000 0.00000000 0.00000000 0.00000000 0.00000000 0.00000000 0.00000000 0.00000000 0.00000000 0.00000000 0.00000000 0.00000000 0.00000000 0.00000000 0.00000000 0.00000000 0.00000000 0.67677629 1.06864107 0.83486938 0.87262416 0.92866969 0.96006346 0.96200669 0.97087669 0.97350633 0.98512399 0.97787106 0.97343361 0.98703504 0.99133945 0.97612846 0.95576215 0.92668593 0.92567980 0.92852247 0.93747151 0.92948186 0.92373812 0.85016727 0.99056065 0.91882718 0.45495814 0.00000000 0.00000000 0.00000000
0.00000000 0.00000000 0.00000000 0.00000000 0.00000000 0.00000000 0.00000000 0.00000000 0.00000000 0.00000000 0.00000000 0.00000000 0.00000000 0.00000000 0.00000000 0.00000000 0.00000000 0.00000000 0.00000000 0.00000000 0.00000000 0.00000000 0.00000000 0.00000000 0.00000000 0.00000000 0.00000000 0.00000000 0.00000000 0.00000000 0.00000000 0.00000000 0.01736660 1.08731008 1.02619147 0.87213159 0.95546198 0.98100722 0.98636365 0.98338866 0.97876298 0.99344110 1.00455928 1.00087261 0.99192345 1.00817037 1.01153767 1.00866663 0.99914980 0.94693983 0.92825532 0.94677079 0.97689676 0.96787870 0.95038927 0.92796016 1.01544440 0.88048220 0.36792088 0.00000000 0.00000000 0.00000000
0.00000000 0.00000000 0.00000000 0.00000000 0.00000000 0.00000000 0.00000000 0.00000000 0.00000000 0.00000000 0.00000000 0.00000000 0.00000000 0.00000000 0.00000000 0.00000000 0.00000000 0.00000000 0.00000000 0.00000000 0.00000000 0.00000000 0.00000000 0.00000000 0.00000000 0.00000000 0.00000000 0.00000000 0.00000000 0.00000000 0.00000000 0.17935787 1.03004849 1.16685426 0.90234840 0.90512645 0.97882795 0.99551117 0.99938047 0.98642385 1.00647116 1.02269399 1.02127230 1.01026058 1.00320435 1.01035154 1.01068151 1.02595186 1.03110111 0.99839151 0.95472670 0.95990574 0.97845817 0.98553157 0.96450281 0.96930194 0.98836923 0.65899593 0.32370794 0.00000000 0.00000000 0.00000000
0.00000000 0.00000000 0.00000000 0.00000000 0.00000000 0.00000000 0.00000000 0.00000000 0.00000000 0.00000000 0.00000000 0.00000000 0.00000000 0.00000000 0.00000000 0.00000000 0.00000000 0.00000000 0.00000000 0.00000000 0.00000000 0.00000000 0.00000000 0.00000000 0.00000000 0.00000000 0.00000000 0.00000000 0.00000000 0.00000000 0.22350274 1.07447553 1.20155728 1.02638519 0.91521406 0.89142227 0.95626175 0.98021281 0.97322464 0.96173108 0.98931241 0.99733174 1.00671113 1.00015473 0.99383044 0.99124885 0.99768782 1.01020801 1.01810694 0.99812627 0.96182752 0.97453320 0.95884275 0.95590568 0.85329223 0.49888587 0.38114619 0.42317289 0.00000000 0.00000000 0.00000000 0.00000000
0.00000000 0.00000000 0.00000000 0.00000000 0.00000000 0.00000000 0.00000000 0.00000000 0.00000000 0.00000000 0.00000000 0.00000000 0.00000000 0.00000000 0.00000000 0.00000000 0.00000000 0.00000000 0.00000000 0.00000000 0.00000000 0.00000000 0.00000000 0.00000000 0.00000000 0.00000000 0.00000000 0.00000000 0.00000000 0.21252058 1.04644334 1.17004871 0.98642290 0.91785812 0.92349958 0.89201498 0.92731011 0.97644365 0.98061788 0.98606074 0.98782825 0.98930383 1.00447381 1.00275326 0.98465192 0.99458814 0.99629235 0.99401975 0.99812734 0.99818683 0.97246897 1.01685667 0.91795719 0.47520250 0.17306675 0.06823185 0.00000000 0.00000000 0.00000000 0.00000000 0.00000000 0.00000000
0.00000000 0.00000000 0.00000000 0.00000000 0.00000000 0.00000000 0.00000000 0.00000000 0.00000000 0.00000000 0.00000000 0.00000000 0.00000000 0.00000000 0.00000000 0.00000000 0.00000000 0.00000000 0.00000000 0.00000000 0.00000000 0.00000000 0.00000000 0.00000000 0.00000000 0.00000000 0.00000000 0.00000000 0.40424931 0.99019623 1.09261584 0.94908524 0.90282202 0.91981757 0.92952096 0.89254141 0.94223666 0.96847701 0.96093273 0.97620678 0.98189294 0.98563504 1.00137293 0.99963367 0.99220395 0.99663091 0.99466896 0.98452604 0.99053121 0.98266816 0.95625162 1.07329965 1.02754426 0.21147461 0.00000000 0.00000000 0.00000000 0.00000000 0.00000000 0.00000000 0.00000000 0.00000000
0.00000000 0.00000000 0.00000000 0.00000000 0.00000000 0.00000000 0.00000000 0.00000000 0.00000000 0.00000000 0.00000000 0.00000000 0.00000000 0.00000000 0.00000000 0.00000000 0.00000000 0.00000000 0.00000000 0.00000000 0.00000000 0.00000000 0.00000000 0.00000000 0.00000000 0.00000000 0.08011018 0.85256100 1.09461308 1.07258630 0.86562049 0.89432490 0.92783082 0.93856895 0.91843688 0.85132873 0.94021893 0.95714080 0.93458927 0.97780156 0.98284209 0.99451196 1.00401747 0.99415362 0.99655330 0.99730504 0.99943173 0.99357808 0.97039723 0.96581256 0.96572649 1.09712434 1.11664939 0.24104546 0.00000000 0.00000000 0.00000000 0.00000000 0.00000000 0.00000000 0.00000000 0.00000000
0.00000000 0.00000000 0.00000000 0.00000000 0.00000000 0.00000000 0.00000000 0.00000000 0.00000000 0.00000000 0.00000000 0.00000000 0.00000000 0.00000000 0.00000000 0.00000000 0.00000000 0.00000000 0.00000000 0.00000000 0.00000000 0.00000000 0.00000000 0.00000000 0.00000000 0.41675305 1.04180789 1.08259785 1.06484103 0.89188695 0.88045382 0.93158400 0.93749702 0.94848812 0.93847620 0.81112319 0.92964399 0.95426893 0.92668140 0.97473919 0.98123646 0.99453187 0.99730992 0.98585248 0.98131609 0.97191751 0.99766529 0.97814941 0.92483175 0.94603968 0.96020722 1.05524790 1.10644460 0.35524547 0.00000000 0.00000000 0.00000000 0.00000000 0.00000000 0.00000000 0.00000000 0.00000000
0.00000000 0.00000000 0.00000000 0.00000000 0.00000000 0.00000000 0.00000000 0.00000000 0.00000000 0.00000000 0.00000000 0.00000000 0.00000000 0.00000000 0.00000000 0.00000000 0.00000000 0.00000000 0.00000000 0.00000000 0.00000000 0.00000000 0.00000000 0.00000000 0.16210978 0.98238826 1.06472075 0.97773027 0.91716492 0.89089489 0.93414712 0.92935431 0.94632399 0.96044028 0.95315647 0.85083699 0.93951881 0.96383405 0.94088233 0.99663949 0.98775589 0.98864949 0.98802125 0.99058020 0.99695253 0.99266100 0.94547403 0.91270947 0.90675175 0.91369617 0.93427587 1.01652074 1.09452784 0.34664404 0.00000000 0.00000000 0.00000000 0.00000000 0.00000000 0.00000000 0.00000000 0.00000000
0.00000000 0.00000000 0.00000000 0.00000000 0.00000000 0.00000000 0.00000000 0.00000000 0.00000000 0.00000000 0.00000000 0.00000000 0.00000000 0.00000000 0.00000000 0.00000000 0.00000000 0.00000000 0.00000000 0.00000000 0.00000000 0.00000000 0.00000000 0.00000000 0.87666309 1.04836583 0.90296948 0.91637075 0.92000639 0.87827611 0.95628798 0.93885612 0.95838857 0.97560227 0.96292424 0.87185740 0.92441165 0.95587528 0.95852029 0.98919737 0.98357224 0.98846924 0.99193323 0.99386179 1.00130308 1.00454962 0.96926606 0.95762420 0.96810174 0.95240498 0.94230759 1.00432265 1.05369294 0.26242918 0.00000000 0.00000000 0.00000000 0.00000000 0.00000000 0.00000000 0.00000000 0.00000000
0.00000000 0.00000000 0.00000000 0.00000000 0.00000000 0.00000000 0.00000000 0.00000000 0.00000000 0.00000000 0.00000000 0.00000000 0.00000000 0.00000000 0.00000000 0.00000000 0.00000000 0.00000000 0.00000000 0.00000000 0.00000000 0.00000000 0.00000000 0.31433892 1.00355220 0.93773699 0.87502253 0.90897965 0.90135944 0.88994408 0.95446694 0.93451953 0.94480538 0.96361089 0.94355500 0.84865630 0.88168168 0.93479908 0.95776665 0.98067307 0.97182775 0.97840452 0.99158537 0.98744607 0.98952949 1.00028217 0.98757660 0.97523224 0.97548223 0.96225202 0.96731436 0.96134257 0.87810111 0.00000000 0.00000000 0.00000000 0.00000000 0.00000000 0.00000000 0.00000000 0.00000000 0.00000000
0.00000000 0.00000000 0.00000000 0.00000000 0.00000000 0.00000000 0.00000000 0.00000000 0.00000000 0.00000000 0.00000000 0.00000000 0.00000000 0.00000000 0.00000000 0.00000000 0.00000000 0.00000000 0.00000000 0.00000000 0.00000000 0.00000000 0.00000000 0.83621305 0.96203339 0.83820677 0.85557973 0.89704132 0.87273192 0.86121261 0.90121770 0.91394722 0.93442738 0.93925738 0.92799795 0.83527613 0.89670217 0.94426942 0.96033871 0.96599555 0.96084917 0.96167088 0.98383582 0.97758090 0.95678890 0.96445322 0.97582662 0.96767592 0.92577004 0.90381742 0.94485760 0.95682883 0.50517738 0.00000000 0.00000000 0.00000000 0.00000000 0.00000000 0.00000000 0.00000000 0.00000000 0.00000000
0.00000000 0.00000000 0.00000000 0.00000000 0.00000000 0.00000000 0.00000000 0.00000000 0.00000000 0.00000000 0.00000000 0.00000000 0.00000000 0.00000000 0.00000000 0.00000000 0.00000000 0.00000000 0.00000000 0.00000000 0.00000000 0.00000000 0.09879412 0.98143530 0.90378654 0.89680815 0.94130933 0.95425081 0.91360247 0.84221780 0.90363610 0.94925261 0.96700859 0.96350574 0.96858537 0.91464555 0.97292030 0.97924614 0.98676240 0.98709917 0.98862934 0.99934268 1.00859749 1.00551641 0.98494911 1.00032341 1.00046551 0.96091235 0.91643083 0.95731974 1.02861786 0.97230387 0.05557540 0.00000000 0.00000000 0.00000000 0.00000000 0.00000000 0.00000000 0.00000000 0.00000000 0.00000000
0.00000000 0.00000000 0.00000000 0.00000000 0.00000000 0.00000000 0.00000000 0.00000000 0.00000000 0.00000000 0.00000000 0.00000000 0.00000000 0.00000000 0.00000000 0.00000000 0.00000000 0.00000000 0.00000000 0.00000000 0.00000000 0.00000000 0.67005587 0.95964074 0.87409711 0.91179538 0.95597446 0.96146894 0.93603134 0.85079396 0.86724341 0.94078696 0.95882690 0.96838081 0.98065674 0.91041839 0.97325957 0.96068347 0.98233855 0.98066401 0.99741375 0.99972999 1.00146222 0.99093282 0.98096442 0.98480320 0.99321640 0.95968699 0.93679607 0.99378884 1.02375007 0.84505868 0.00000000 0.00000000 0.00000000 0.00000000 0.00000000 0.00000000 0.00000000 0.00000000 0.00000000 0.00000000
0.00000000 0.00000000 0.00000000 0.00000000 0.00000000 0.00000000 0.00000000 0.00000000 0.00000000 0.00000000 0.00000000 0.00000000 0.00000000 0.00000000 0.00000000 0.00000000 0.00000000 0.00000000 0.00000000 0.00000000 0.00000000 0.00000000 0.90140963 0.86995804 0.85364199 0.89815390 0.93571186 0.94527268 0.94767845 0.92322457 0.82866478 0.92414415 0.95628619 0.95848453 0.93323624 0.91718531 0.95979536 0.94680965 0.98409355 0.98066354 0.97799158 0.98763525 0.99317515 0.98619807 0.97582328 0.97738588 0.98670137 0.96689320 0.93460703 1.02690840 1.04674387 0.53260082 0.00000000 0.00000000 0.00000000 0.00000000 0.00000000 0.00000000 0.00000000 0.00000000 0.00000000 0.00000000
0.00000000 0.00000000 0.00000000 0.00000000 0.00000000 0.00000000 0.00000000 0.00000000 0.00000000 0.00000000 0.00000000 0.00000000 0.00000000 0.00000000 0.00000000 0.00000000 0.00000000 0.00000000 0.00000000 0.00000000 0.00000000 0.05465759 0.92889905 0.84965467 0.89707232 0.92767262 0.96123934 0.97136414 0.99242413 0.98739028 0.93556178 0.91838121 0.97914481 0.97862756 0.92257857 0.96377659 0.98353291 0.96561658 1.00316548 1.00672901 0.99587774 0.99276507 0.99598026 1.00569367 0.99380422 0.99212897 0.99703681 0.97630322 0.97831047 1.05899203 1.12360632 0.40371096 0.00000000 0.00000000 0.00000000 0.00000000 0.00000000 0.00000000 0.00000000 0.00000000 0.00000000 0.00000000
0.00000000 0.00000000 0.00000000 0.00000000 0.00000000 0.00000000 0.00000000 0.00000000 0.00000000 0.00000000 0.00000000 0.00000000 0.00000000 0.00000000 0.00000000 0.00000000 0.00000000 0.00000000 0.00000000 0.00000000 0.00000000 0.64793360 0.94778109 0.85771179 0.89772785 0.92183673 0.95940948 0.97265470 0.99082506 1.00191689 0.96305943 0.91202271 0.97935247 0.98338497 0.93005550 0.98075020 0.98382246 0.96528494 0.99763978 0.99258876 1.00138927 0.99494040 0.99695981 1.00439870 0.98807681 0.99085379 0.99084270 0.98450482 0.98428476 1.05081105 1.15708029 0.33445215 0.00000000 0.00000000 0.00000000 0.00000000 0.00000000 0.00000000 0.00000000 0.00000000 0.00000000 0.00000000
0.00000000 0.00000000 0.00000000 0.00000000 0.00000000 0.00000000 0.00000000 0.00000000 0.00000000 0.00000000 0.00000000 0.00000000 0.00000000 0.00000000 0.00000000 0.00000000 0.00000000 0.00000000 0.00000000 0.00000000 0.00000000 0.89798808 0.93074703 0.82651484 0.86835468 0.88934219 0.92456532 0.94085336 0.95735240 0.96879172 0.97284210 0.89744151 0.96801150 0.95980346 0.90899932 0.96015704 0.95116699 0.96089447 0.98370099 0.98054314 0.97543228 0.97869885 0.97560978 0.98163915 0.97112250 0.96331859 0.97219718 0.96543396 0.96083307 1.06408310 1.12078214 0.03179443 0.00000000 0.00000000 0.00000000 0.00000000 0.00000000 0.00000000 0.00000000 0.00000000 0.00000000 0.00000000
0.00000000 0.00000000 0.00000000 0.00000000 0.00000000 0.00000000 0.00000000 0.00000000 0.00000000 0.00000000 0.00000000 0.00000000 0.00000000 0.00000000 0.00000000 0.00000000 0.00000000 0.00000000 0.00000000 0.00000000 0.42296028 1.00556588 0.87106454 0.85563254 0.90753496 0.94616091 0.94758773 0.96136749 0.97040248 0.98337328 1.00028539 0.90837634 0.97135580 0.96893454 0.93510771 0.99284458 0.98448598 0.99099278 0.99516833 0.99049246 0.98776293 0.99461555 0.98780012 0.99361539 0.98689592 0.97948682 0.99491274 0.98448837 0.98710871 1.12056065 1.28374863 0.00000000 0.00000000 0.00000000 0.00000000 0.00000000 0.00000000 0.00000000 0.00000000 0.00000000 0.00000000 0.00000000
0.00000000 0.00000000 0.00000000 0.00000000 0.00000000 0.00000000 0.00000000 0.00000000 0.00000000 0.00000000 0.00000000 0.00000000 0.00000000 0.00000000 0.00000000 0.00000000 0.00000000 0.00000000 0.00000000 0.04469983 1.00708687 1.03011119 0.83265543 0.84962833 0.91034567 0.92976594 0.93400764 0.94421458 0.95288992 0.98361087 0.98961210 0.89034545 0.91385388 0.92228115 0.92607915 0.96696341 0.95602584 0.96649075 0.97394979 0.96930611 0.97176468 0.97703457 0.97560227 0.97717798 0.97122073 0.96853518 0.98032117 0.97565460 0.97492981 1.08127570 1.32558024 0.45312971 0.00000000 0.00000000 0.00000000 0.00000000 0.00000000 0.00000000 0.00000000 0.00000000 0.00000000 0.00000000
0.00000000 0.00000000 0.00000000 0.00000000 0.00000000 0.00000000 0.00000000 0.00000000 0.00000000 0.00000000 0.00000000 0.00000000 0.00000000 0.00000000 0.00000000 0.00000000 0.00000000 0.00000000 0.00000000 0.74368167 1.00430715 0.84097981 0.82598627 0.87920737 0.91286266 0.92183220 0.91907036 0.92688692 0.93975282 0.95660853 0.95870614 0.87407792 0.85649109 0.85864913 0.94182253 0.95265400 0.94269621 0.94797790 0.96565151 0.96909010 0.95421696 0.95314646 0.95844853 0.95547032 0.95134437 0.95161378 0.94816101 0.96149290 0.93766499 0.98961258 1.38059807 0.95496869 0.00000000 0.00000000 0.00000000 0.00000000 0.00000000 0.00000000 0.00000000 0.00000000 0.00000000 0.00000000
0.00000000 0.00000000 0.00000000 0.00000000 0.00000000 0.00000000 0.00000000 0.00000000 0.00000000 0.00000000 0.00000000 0.00000000 0.00000000 0.00000000 0.00000000 0.00000000 0.00000000 0.00000000 0.00000000 1.00610411 0.92358661 0.85006630 0.86268544 0.92955208 0.95180285 0.94792092 0.95931411 0.96483910 0.98058927 0.99857044 1.00461781 0.93286145 0.87386262 0.86499143 0.97420609 0.97577059 0.98763931 0.99198329 0.98943162 0.98583996 0.98193133 0.98186910 0.99022114 0.99307716 0.97473109 0.99601519 0.99965060 1.00058520 0.96364546 0.95476866 1.35428035 1.29118049 0.00000000 0.00000000 0.00000000 0.00000000 0.00000000 0.00000000 0.00000000 0.00000000 0.00000000 0.00000000
0.00000000 0.00000000 0.00000000 0.00000000 0.00000000 0.00000000 0.00000000 0.00000000 0.00000000 0.00000000 0.00000000 0.00000000 0.00000000 0.00000000 0.00000000 0.00000000 0.00000000 0.00000000 0.17008014 0.99767959 0.88283825 0.84847546 0.86458361 0.93111229 0.94319129 0.94386160 0.95893168 0.96304643 0.97122586 0.99878550 1.00131261 0.94951594 0.88230550 0.88706839 0.96467364 0.96900284 0.98946738 0.99295974 0.98725808 0.98399925 0.99197912 0.97664273 0.98683131 0.98621225 0.97115111 0.99745560 0.99532843 1.00059569 0.95259929 0.94231987 1.23022914 1.33703375 0.12901242 0.00000000 0.00000000 0.00000000 0.00000000 0.00000000 0.00000000 0.00000000 0.00000000 0.00000000
0.00000000 0.00000000 0.00000000 0.00000000 0.00000000 0.00000000 0.00000000 0.00000000 0.00000000 0.00000000 0.00000000 0.00000000 0.00000000 0.00000000 0.00000000 0.00000000 0.00000000 0.00000000 0.52103078 0.92804945 0.86676133 0.86340761 0.85640645 0.90092874 0.93119860 0.92770779 0.94994462 0.96137619 0.96286273 0.96687150 0.99258888 0.97177637 0.89272523 0.91500020 0.94128084 0.92990732 0.98085403 0.98541379 0.99316013 0.98194849 0.97692263 0.97541034 0.97295666 0.97445345 0.96234930 0.97300446 0.98585272 0.97215593 0.90135443 0.91859949 1.02432632 1.24651432 0.18749182 0.00000000 0.00000000 0.00000000 0.00000000 0.00000000 0.00000000 0.00000000 0.00000000 0.00000000
0.00000000 0.00000000 0.00000000 0.00000000 0.00000000 0.00000000 0.00000000 0.00000000 0.00000000 0.00000000 0.00000000 0.00000000 0.00000000 0.00000000 0.00000000 0.00000000 0.00000000 0.00000000 0.59986913 0.88809371 0.88517368 0.87433743 0.86448169 0.90000808 0.92608964 0.93700719 0.96687722 0.97360015 0.97048163 0.97588193 0.99686742 0.97274041 0.90479791 0.91943705 0.93418384 0.94271338 0.97431660 0.97659945 0.98742533 0.98446774 0.98184597 0.97422373 0.98713636 0.96492362 0.96951830 0.97735739 0.99632120 0.96567273 0.91276515 0.92903507 1.00101948 1.13740885 0.21261261 0.00000000 0.00000000 0.00000000 0.00000000 0.00000000 0.00000000 0.00000000 0.00000000 0.00000000
0.00000000 0.00000000 0.00000000 0.00000000 0.00000000 0.00000000 0.00000000 0.00000000 0.00000000 0.00000000 0.00000000 0.00000000 0.00000000 0.00000000 0.00000000 0.00000000 0.00000000 0.00000000 0.59415191 0.83144414 0.87605441 0.87237453 0.84451306 0.88031554 0.91767740 0.93279910 0.95414817 0.95309401 0.95268011 0.95830095 0.97477233 0.94575453 0.89584684 0.91449440 0.90939772 0.94339180 0.95776033 0.96358085 0.97561383 0.97823572 0.96047246 0.96737027 0.97298074 0.95191729 0.96079528 0.97515666 0.98081481 0.92562985 0.92639220 0.89634693 1.04237175 1.01562870 0.00000000 0.00000000 0.00000000 0.00000000 0.00000000 0.00000000 0.00000000 0.00000000 0.00000000 0.00000000
0.00000000 0.00000000 0.00000000 0.00000000 0.00000000 0.00000000 0.00000000 0.00000000 0.00000000 0.00000000 0.00000000 0.00000000 0.00000000 0.00000000 0.00000000 0.00000000 0.00000000 0.00000000 0.70006382 0.82900715 0.88123453 0.87635803 0.83915395 0.88879240 0.92737651 0.94721603 0.96582425 0.96515739 0.97063863 0.95722842 0.97382581 0.94678581 0.93234885 0.92839622 0.92897689 0.95931900 0.97256613 0.97531128 0.97273135 0.95951331 0.96105516 0.96809363 0.97621787 0.97331595 0.99029124 1.00431323 0.99155807 0.93238318 0.93305802 0.89631534 1.13727987 0.82582366 0.00000000 0.00000000 0.00000000 0.00000000 0.00000000 0.00000000 0.00000000 0.00000000 0.00000000 0.00000000
0.00000000 0.00000000 0.00000000 0.00000000 0.00000000 0.00000000 0.00000000 0.00000000 0.00000000 0.00000000 0.00000000 0.00000000 0.00000000 0.00000000 0.00000000 0.00000000 0.00000000 0.00000000 0.83037364 0.84727693 0.88059485 0.88529134 0.86741364 0.90526175 0.93274450 0.94391036 0.95773029 0.95797431 0.96900165 0.97997057 0.98656225 0.97118711 0.93848026 0.93266058 0.94221938 0.94181335 0.96010756 0.96172190 0.95173895 0.95470798 0.96757782 0.96012104 0.97320640 0.98662353 0.98545301 1.00520873 0.98329556 0.93917608 0.94510663 0.87599730 1.21310329 0.75113028 0.00000000 0.00000000 0.00000000 0.00000000 0.00000000 0.00000000 0.00000000 0.00000000 0.00000000 0.00000000
0.00000000 0.00000000 0.00000000 0.00000000 0.00000000 0.00000000 0.00000000 0.00000000 0.00000000 0.00000000 0.00000000 0.00000000 0.00000000 0.00000000 0.00000000 0.00000000 0.00000000 0.00000000 0.83756828 0.86104739 0.89463890 0.89847863 0.87999690 0.90859175 0.92889798 0.94300365 0.94541430 0.95446777 0.96903861 0.97582710 0.98604524 0.98034716 0.94013000 0.90340507 0.89374459 0.90586936 0.94597197 0.93395615 0.93381667 0.95681393 0.96324182 0.94366121 0.97450507 0.97745633 0.97396302 0.98427761 0.93772256 0.92148602 0.91121721 0.92086828 1.35122955 0.81643313 0.00000000 0.00000000 0.00000000 0.00000000 0.00000000 0.00000000 0.00000000 0.00000000 0.00000000 0.00000000
0.00000000 0.00000000 0.00000000 0.00000000 0.00000000 0.00000000 0.00000000 0.00000000 0.00000000 0.00000000 0.00000000 0.00000000 0.00000000 0.00000000 0.00000000 0.00000000 0.00000000 0.00000000 0.85009372 0.86538494 0.89998603 0.90451193 0.88775337 0.88259351 0.90844464 0.91099548 0.91320097 0.93595660 0.94812036 0.95646048 0.95875955 0.95995152 0.92717457 0.91365337 0.88111281 0.89856386 0.95554078 0.94662237 0.93044603 0.94845319 0.94953752 0.93964660 0.96595848 0.97840440 0.96591246 0.97134829 0.91784799 0.89289868 0.87470937 0.90696466 1.31361330 0.75972742 0.00000000 0.00000000 0.00000000 0.00000000 0.00000000 0.00000000 0.00000000 0.00000000 0.00000000 0.00000000
0.00000000 0.00000000 0.00000000 0.00000000 0.00000000 0.00000000 0.00000000 0.00000000 0.00000000 0.00000000 0.00000000 0.00000000 0.00000000 0.00000000 0.00000000 0.00000000 0.00000000 0.00000000 0.77774739 0.87669313 0.93217254 0.93892324 0.92115688 0.91622567 0.92058480 0.92273927 0.91515613 0.93148851 0.93960178 0.94289911 0.95160413 0.95450163 0.95530343 0.94291174 0.90096700 0.93172443 0.97169185 0.96403515 0.95824826 0.95196509 0.94535100 0.96829569 0.98340046 0.97931719 0.99295413 0.97531867 0.91845453 0.92985106 0.91912091 0.93910480 1.37973166 0.84948230 0.00000000 0.00000000 0.00000000 0.00000000 0.00000000 0.00000000 0.00000000 0.00000000 0.00000000 0.00000000
0.00000000 0.00000000 0.00000000 0.00000000 0.00000000 0.00000000 0.00000000 0.00000000 0.00000000 0.00000000 0.00000000 0.00000000 0.00000000 0.00000000 0.00000000 0.00000000 0.00000000 0.00000000 0.65494972 0.88227606 0.92084610 0.92640698 0.91600370 0.90581846 0.89349222 0.91095924 0.91456652 0.91984701 0.91774023 0.91319740 0.91677821 0.93032813 0.94230855 0.90450358 0.88385618 0.90953922 0.93476105 0.93592787 0.95099533 0.94623041 0.94133413 0.95476925 0.97368610 0.97914946 0.97807801 0.94605482 0.90633404 0.92174017 0.89390790 0.92076778 1.36081898 0.84641838 0.00000000 0.00000000 0.00000000 0.00000000 0.00000000 0.00000000 0.00000000 0.00000000 0.00000000 0.00000000
0.00000000 0.00000000 0.00000000 0.00000000 0.00000000 0.00000000 0.00000000 0.00000000 0.00000000 0.00000000 0.00000000 0.00000000 0.00000000 0.00000000 0.00000000 0.00000000 0.00000000 0.00000000 0.37630206 0.83270782 0.85877585 0.87385225 0.87850273 0.87181222 0.87288070 0.88839650 0.89793015 0.89690399 0.89792883 0.90056026 0.89111936 0.88431907 0.87113142 0.84065247 0.82027328 0.86859262 0.88829494 0.88726795 0.90445507 0.90886235 0.90470886 0.89426994 0.93247318 0.93105662 0.93200743 0.90508020 0.89320385 0.88170469 0.83533585 0.92641854 1.16067004 0.55398011 0.00000000 0.00000000 0.00000000 0.00000000 0.00000000 0.00000000 0.00000000 0.00000000 0.00000000 0.00000000
0.00000000 0.00000000 0.00000000 0.00000000 0.00000000 0.00000000 0.00000000 0.00000000 0.00000000 0.00000000 0.00000000 0.00000000 0.00000000 0.00000000 0.00000000 0.00000000 0.00000000 0.00000000 0.00000000 0.78753549 0.89196599 0.90954745 0.92266822 0.93731475 0.95757186 0.95007443 0.94327915 0.94103932 0.94054139 0.94246006 0.94845545 0.95205605 0.92431509 0.92922938 0.91460645 0.91418242 0.92053056 0.93503726 0.92177999 0.93462884 0.95350015 0.93444455 0.96239996 0.95062077 0.96685910 0.94369972 0.94711697 0.93795848 0.86595464 1.10380054 1.12681460 0.00000000 0.00000000 0.00000000 0.00000000 0.00000000 0.00000000 0.00000000 0.00000000 0.00000000 0.00000000 0.00000000
0.00000000 0.00000000 0.00000000 0.00000000 0.00000000 0.00000000 0.00000000 0.00000000 0.00000000 0.00000000 0.00000000 0.00000000 0.00000000 0.00000000 0.00000000 0.00000000 0.00000000 0.00000000 0.00000000 0.60649854 0.91282105 0.92504990 0.93255866 0.95401371 0.95824635 0.95692039 0.94402683 0.94572902 0.94212067 0.93857479 0.95096958 0.95053589 0.91845131 0.93633628 0.92609167 0.90956473 0.92222059 0.95536184 0.94328845 0.94397962 0.95692682 0.94609392 0.97995520 0.96736479 0.96310639 0.93656480 0.95783496 0.94344270 0.86999595 1.12751400 1.02708602 0.00000000 0.00000000 0.00000000 0.00000000 0.00000000 0.00000000 0.00000000 0.00000000 0.00000000 0.00000000 0.00000000
0.00000000 0.00000000 0.00000000 0.00000000 0.07259291 0.00000000 0.00000000 0.00000000 0.00000000 0.00000000 0.00000000 0.00000000 0.00000000 0.13567813 0.20078306 0.00000000 0.06120700 0.00000000 0.00000000 0.00000000 0.86254168 0.91093540 0.91374028 0.93744600 0.94443417 0.94775748 0.94726706 0.94669425 0.93751729 0.94394541 0.94465852 0.94930017 0.93412709 0.93797624 0.91953731 0.87564111 0.90884674 0.94399214 0.93138981 0.93953812 0.94424212 0.94113600 0.96997416 0.97164905 0.94032705 0.92213726 0.95026779 0.93698490 0.92870581 1.08342683 0.65331894 0.00000000 0.00000000 0.00000000 0.00000000 0.00000000 0.00000000 0.00000000 0.00000000 0.00000000 0.00000000 0.00000000
0.00000000 0.00000000 0.84997106 1.39898431 1.40844905 0.69559544 0.00000000 0.00000000 0.00000000 0.31564540 0.83798653 1.18644655 1.37106466 1.46964824 1.51342189 1.44551229 1.51986527 1.34274745 0.89472663 0.00000000 0.48467112 0.87075591 0.88274860 0.90674365 0.91704917 0.91869450 0.90756929 0.91615498 0.91441905 0.92039561 0.92400467 0.92063522 0.92137146 0.92606127 0.89341390 0.83094066 0.86458516 0.89608586 0.89270973 0.91831088 0.90817261 0.91978848 0.93901813 0.95145237 0.88494265 0.90093029 0.93290544 0.92155874 0.98501837 1.12102354 0.17811708 0.00000000 0.00000000 0.00000000 0.00000000 0.00000000 0.00000000 0.00000000 0.00000000 0.00000000 0.00000000 0.00000000
0.00000000 0.34123874 1.14256835 1.41728795 1.45467675 1.23853540 1.12815666 0.91588867 1.18807447 1.26726544 1.24847686 1.29315019 1.23495734 1.10729873 1.13518405 1.11849117 1.36091876 1.45338488 1.35441494 0.92854548 0.71520722 0.85902178 0.87744284 0.88469172 0.90422142 0.90321112 0.89549327 0.91342878 0.90564811 0.91171801 0.91278219 0.90321374 0.92421603 0.91672683 0.85672069 0.87351978 0.87554920 0.90539742 0.88475955 0.92693889 0.91476083 0.91302860 0.92486882 0.94016981 0.86981940 0.89713967 0.91884851 0.92594230 1.03628135 1.14224374 0.00000000 0.00000000 0.00000000 0.00000000 0.00000000 0.00000000 0.00000000 0.00000000 0.00000000 0.00000000 0.00000000 0.00000000
0.00000000 0.69512552 0.97302485 0.82044035 1.05605435 1.28477573 1.34819269 1.26792228 1.25986910 1.07618988 0.89523494 0.82306617 0.81597334 0.82748657 0.82211590 0.83134449 0.83638012 0.88615668 1.27092028 1.13133311 1.03164017 0.98874855 0.88929689 0.90421295 0.90559053 0.90001714 0.90420616 0.92089212 0.91276348 0.92553222 0.91637290 0.91216040 0.93539715 0.92180037 0.86610866 0.90034163 0.90158522 0.92530680 0.89517164 0.93077004 0.92316711 0.92031455 0.93678844 0.93926370 0.90613735 0.87932324 0.91994667 0.95062721 1.00189221 0.83567864 0.00000000 0.00000000 0.00000000 0.00000000 0.00000000 0.00000000 0.00000000 0.00000000 0.00000000 0.00000000 0.00000000 0.00000000
0.00000000 0.72700167 0.82582879 0.80623722 0.79730105 0.82306981 0.81991124 0.81602848 0.80960685 0.80626798 0.80775946 0.80331576 0.82169867 0.82722348 0.82038736 0.82858938 0.83668023 0.82595634 0.83191359 0.87746060 0.89044774 0.88772357 0.87174594 0.87348676 0.87292540 0.88231814 0.87727129 0.88679457 0.89023077 0.89607549 0.87143779 0.87444901 0.90679812 0.89401412 0.85272551 0.89922261 0.89552450 0.91667283 0.88297093 0.91798401 0.91741180 0.90587234 0.91725695 0.92341816 0.90092468 0.90941107 0.97970569 0.84230328 0.63011056 0.03302853 0.00000000 0.00000000 0.00000000 0.00000000 0.00000000 0.00000000 0.00000000 0.00000000 0.00000000 0.00000000 0.00000000 0.00000000
0.00000000 0.49597430 0.77333343 0.79127705 0.78764910 0.78918362 0.78360045 0.78137034 0.79639924 0.79774755 0.79651594 0.81596869 0.82362688 0.82828677 0.82440102 0.82589960 0.83491325 0.83520001 0.84311962 0.84699678 0.84974527 0.84995902 0.85559475 0.86386812 0.86116707 0.86202955 0.86260009 0.86194420 0.88444746 0.90424716 0.83490998 0.79720402 0.86357689 0.88350546 0.86584163 0.87672663 0.87494278 0.88466072 0.86781609 0.88542593 0.88645649 0.89072680 0.89707422 0.89439380 0.89739740 0.90115702 0.97871721 0.51022649 0.00000000 0.00000000 0.00000000 0.00000000 0.00000000 0.00000000 0.00000000 0.00000000 0.00000000 0.00000000 0.00000000 0.00000000 0.00000000 0.00000000
0.00000000 0.14511020 0.67845672 0.77339333 0.77454400 0.78703785 0.78665483 0.77813447 0.78491008 0.79566664 0.78620404 0.82849252 0.78467965 0.79087162 0.79704529 0.79779541 0.80475348 0.80106407 0.81644237 0.82815284 0.83368272 0.82981879 0.83605260 0.83040005 0.82778984 0.82075757 0.83990604 0.83599222 0.83913791 0.87440932 0.84847319 0.80538744 0.82797283 0.85761631 0.84990275 0.83659822 0.85273850 0.86440563 0.85603321 0.88036609 0.85856795 0.86957121 0.87347817 0.80251145 0.83848882 0.78932911 1.09661663 1.21591604 0.22681932 0.00000000 0.00000000 0.00000000 0.00000000 0.00000000 0.00000000 0.00000000 0.00000000 0.00000000 0.00000000 0.00000000 0.00000000 0.00000000
0.00000000 0.00000000 0.00000000 0.66810888 0.79604965 0.83024329 0.84233904 0.84640741 0.88725924 0.96261752 0.95002317 0.85801148 0.33458185 0.04031970 0.02445361 0.06202644 0.07889403 0.16231956 0.19501273 0.26324779 0.34151101 0.40453279 0.42566407 0.53410786 0.61750501 0.61367077 0.59882665 0.63329047 0.70981699 0.78750980 0.80349612 0.80948120 0.80683041 0.84416211 0.83287627 0.86710346 0.89216542 0.89165771 0.87994027 0.89214373 0.87822497 0.87120295 0.89668894 0.90134692 0.90971470 0.82100999 1.15825653 1.36567760 0.58213073 0.00000000 0.00000000 0.00000000 0.00000000 0.00000000 0.00000000 0.00000000 0.00000000 0.00000000 0.00000000 0.00000000 0.00000000 0.00000000
0.00000000 0.00000000 0.00000000 0.00000000 0.23794971 0.52475721 0.62744725 0.82626349 0.85184371 0.54741436 0.00000000 0.00000000 0.00000000 0.00000000 0.00000000 0.00000000 0.00000000 0.00000000 0.00000000 0.00000000 0.00000000 0.00000000 0.00000000 0.00000000 0.00000000 0.00000000 0.00000000 0.00000000 0.00000000 0.00000000 0.00000000 0.00000000 0.00000000 0.00000000 0.03045373 0.48116958 0.47253013 0.19519861 0.13957344 0.13130073 0.19163527 0.23693989 0.41191190 0.59326309 0.63002998 0.55314505 0.63850272 0.77478695 0.46455079 0.00000000 0.00000000 0.00000000 0.00000000 0.00000000 0.00000000 0.00000000 0.00000000 0.00000000 0.00000000 0.00000000 0.00000000 0.00000000
0.00000000 0.00000000 0.00000000 0.00000000 0.00000000 0.00000000 0.00000000 0.00000000 0.00000000 0.00000000 0.00000000 0.00000000 0.00000000 0.00000000 0.00000000 0.00000000 0.00000000 0.00000000 0.00000000 0.00000000 0.00000000 0.00000000 0.00000000 0.00000000 0.00000000 0.00000000 0.00000000 0.00000000 0.00000000 0.00000000 0.00000000 0.00000000 0.00000000 0.00000000 0.00000000 0.00000000 0.00000000 0.00000000 0.00000000 0.00000000 0.00000000 0.00000000 0.00000000 0.00000000 0.00000000 0.00000000 0.00000000 0.00000000 0.00000000 0.00000000 0.00000000 0.00000000 0.00000000 0.00000000 0.00000000 0.00000000 0.00000000 0.39411503 0.43344992 0.21017112 0.04966632 0.19302936
