0.55436647 0.55904216 0.56153190 0.56000024 0.56376970 0.56416517 0.56415766 0.56896544 0.57034165 0.57976252 0.58170068 0.57962918 0.58357644 0.59172535 0.58637983 0.60088211 0.59407419 0.59795272 0.60147923 0.60262209 0.60409462 0.60355818 0.60541523 0.61060679 0.61453021 0.62409925 0.62170076 0.61947012 0.61662841 0.61580878 0.61599189 0.61753654 0.60837090 0.61599547 0.61327267 0.60805321 0.60111976 0.59520978 0.60025120 0.60318041 0.59817749 0.59224659 0.58023798 0.62535059 0.61201143 0.43089235 0.21219195 0.33532727 0.50988096 0.59313339 0.59830785 0.60006911 0.60948914 0.60907209 0.61176372 0.61311018 0.61880046 0.64494163 0.67081499 0.64593756 0.41645044 0.64257926
0.55278552 0.55689502 0.55734229 0.55726981 0.55717003 0.56688595 0.56843436 0.56468344 0.57061321 0.57659864 0.58116579 0.58628750 0.58781731 0.59259832 0.58663154 0.59659392 0.59540105 0.59342742 0.59901464 0.60249352 0.61167145 0.60881412 0.60389507 0.60925174 0.61550748 0.61870527 0.61812371 0.61286843 0.61478168 0.61690086 0.61201519 0.61622608 0.61164129 0.61702842 0.61242205 0.60792387 0.60101265 0.59557950 0.59871554 0.60641003 0.59329212 0.59199685 0.58685195 0.63048732 0.37573630 0.02570803 0.00000000 0.00000000 0.30708611 0.53369182 0.59306002 0.60097247 0.59969515 0.60304815 0.61514640 0.65287632 0.66551363 0.59996146 0.38302457 0.23482005 0.29422170 0.53455323
0.55669618 0.55756474 0.55262882 0.55895507 0.59710753 0.56278282 0.57642251 0.57423693 0.57379407 0.59896994 0.61153787 0.59499753 0.63300371 0.59354234 0.59295249 0.58965951 0.59247714 0.59548408 0.59836775 0.60006565 0.60488433 0.60246885 0.60019809 0.60552359 0.60760343 0.61555469 0.61576378 0.61150062 0.61622220 0.61125749 0.60779136 0.61090964 0.61593199 0.61352402 0.60673732 0.60552812 0.60136032 0.59892529 0.59838849 0.59892833 0.59582430 0.59016728 0.61177391 0.45628303 0.11214252 0.00000000 0.00000000 0.00000000 0.03712223 0.35613972 0.55234045 0.58839315 0.59250218 0.60107297 0.62427008 0.66654778 0.52241063 0.24682711 0.00000000 0.00000000 0.25086713 0.44844383
0.55330515 0.55647033 0.55487448 0.64409000 0.62558335 0.56794357 0.36344349 0.66192895 0.39429629 0.68025392 0.62137097 0.59145117 0.63350636 0.58443701 0.60258240 0.60264111 0.61145413 0.60360855 0.60305679 0.60834670 0.59717882 0.59692484 0.59904218 0.60642195 0.60738933 0.60917759 0.61305028 0.61465198 0.60720754 0.61655933 0.60783136 0.61463708 0.61051649 0.61113799 0.60325277 0.60511887 0.60267156 0.60043222 0.59228450 0.58994353 0.58718675 0.57750362 0.57982159 0.31923950 0.00000000 0.00000000 0.00000000 0.00000000 0.00000000 0.10438038 0.29294610 0.34591156 0.35561979 0.36280990 0.30552900 0.18843402 0.16655065 0.00000000 0.00000000 0.00000000 0.05461106 0.46709055
0.55870825 0.55710655 0.55778837 0.58494818 0.53970861 0.43396950 0.39884043 0.51352978 0.34175843 0.46436083 0.78995174 0.74911261 0.66969645 0.64830667 0.54667449 0.80576020 0.58114910 0.58803064 0.89482105 0.58899271 0.59962124 0.59729713 0.60419726 0.60382628 0.61024243 0.60811824 0.60878831 0.60481691 0.60343796 0.61029088 0.61293298 0.60743070 0.60586405 0.60266840 0.60129762 0.59778917 0.59216559 0.59294158 0.58959955 0.58296204 0.57822156 0.59373266 0.60442847 0.12595235 0.00000000 0.00000000 0.00000000 0.00000000 0.00000000 0.00000000 0.00000000 0.00000000 0.00000000 0.00000000 0.00000000 0.00000000 0.00000000 0.00000000 0.00000000 0.00000000 0.13416596 0.52411157
0.55812448 0.55857235 0.56312031 0.54370344 0.25517809 0.36624521 0.41136789 0.43504018 0.22563724 0.28864765 0.58975804 0.55492258 0.34365249 0.51451701 0.00000000 0.64783251 0.34250468 0.24766819 0.62928540 0.39621025 0.60213476 0.60074335 0.60540116 0.60661608 0.60643375 0.60228825 0.59910828 0.60004181 0.60508829 0.60675681 0.60370600 0.60015643 0.59901333 0.59679639 0.59462833 0.59191120 0.58655059 0.58106160 0.58193386 0.58343935 0.57227266 0.59115887 0.38646919 0.00000000 0.00000000 0.00000000 0.00000000 0.00000000 0.00000000 0.00000000 0.00000000 0.00000000 0.00000000 0.00000000 0.00000000 0.00000000 0.00000000 0.00000000 0.00000000 0.00000000 0.24122395 0.55648714
0.56138474 0.55716890 0.57057041 0.50088388 0.45076889 0.50977451 0.46199632 0.51838386 0.11997361 0.26641935 0.11919467 0.16089635 0.04685256 0.27890629 0.02487317 0.33257830 0.23975106 0.18965919 0.00560744 0.26369506 0.59872127 0.60002643 0.60291314 0.60117316 0.60417265 0.60125715 0.60175967 0.59563869 0.59862131 0.59103757 0.59303808 0.58995020 0.59627247 0.59001225 0.58295000 0.58218735 0.58122033 0.57556540 0.57328755 0.57401848 0.58241183 0.52064145 0.27854973 0.00000000 0.00000000 0.00000000 0.00000000 0.00000000 0.00000000 0.00000000 0.00000000 0.00000000 0.00000000 0.00000000 0.00000000 0.00000000 0.00000000 0.00000000 0.00000000 0.00000000 0.34405136 0.56190044
0.56379145 0.55633116 0.56599176 0.52145678 0.41124648 0.21020170 0.60907215 0.38353914 0.29091889 0.27969879 0.28238547 0.13932745 0.18980478 0.29677236 0.30057770 0.36662251 0.30327392 0.22184281 0.37104934 0.46228153 0.60199428 0.60555816 0.60792214 0.60677868 0.60814875 0.60913819 0.60495555 0.60158962 0.59900993 0.59721708 0.59471303 0.59264511 0.59015709 0.58960247 0.58325100 0.57985032 0.57799208 0.57002121 0.56994987 0.58339781 0.58865398 0.31900245 0.00000000 0.00000000 0.00000000 0.00000000 0.00000000 0.00000000 0.00000000 0.00000000 0.00000000 0.00000000 0.00000000 0.00000000 0.00000000 0.00000000 0.00000000 0.00000000 0.00000000 0.00000000 0.42471474 0.58288324
0.56183845 0.56254435 0.56188184 0.57443732 0.57760966 0.42413318 0.48664433 0.50937718 0.49624103 0.39804804 0.51302940 0.50094557 0.34967244 0.49780732 0.52705753 0.37018508 0.51918286 0.45418876 0.50089639 0.58434206 0.60886931 0.60927498 0.61623353 0.61728078 0.61374801 0.61540192 0.60752654 0.60831529 0.60320818 0.60504842 0.60213494 0.60297090 0.59236145 0.58865333 0.58746946 0.58230329 0.58015805 0.57447183 0.57041121 0.59745181 0.40625602 0.08355795 0.00000000 0.00000000 0.00000000 0.00000000 0.00000000 0.00000000 0.00000000 0.00000000 0.00000000 0.00000000 0.00000000 0.00000000 0.00000000 0.00000000 0.00000000 0.00000000 0.00000000 0.15819643 0.51857948 0.61488569
0.56088656 0.56495112 0.56850034 0.57392412 0.58449882 0.58956426 0.60083139 0.58837402 0.59620708 0.59223807 0.59165597 0.59684032 0.61084253 0.59716141 0.60800737 0.62000567 0.61821300 0.62736088 0.61553735 0.61397731 0.60995257 0.60937047 0.61447048 0.61643296 0.62120348 0.61778027 0.61364907 0.61232042 0.60081840 0.60155928 0.60132283 0.59525752 0.59443521 0.58855677 0.58359200 0.58083427 0.57363075 0.57247782 0.61405063 0.51824576 0.29105508 0.00000000 0.00000000 0.00000000 0.00000000 0.00000000 0.00000000 0.00000000 0.00000000 0.00000000 0.00000000 0.00000000 0.00000000 0.00000000 0.00000000 0.00000000 0.00000000 0.00000000 0.00000000 0.23445539 0.53576535 0.62881136
0.56484252 0.56720501 0.57126546 0.57438976 0.57739055 0.58505154 0.58289856 0.58376521 0.58362317 0.58134282 0.58772999 0.59531271 0.59477603 0.59945238 0.59738857 0.60034597 0.60620284 0.60440081 0.60665655 0.60712832 0.60849828 0.61089450 0.61236042 0.61551887 0.61798328 0.61850375 0.61421692 0.60772431 0.60102171 0.60283172 0.59743565 0.59529150 0.58888763 0.58179891 0.58205384 0.59016562 0.58640635 0.58299148 0.50608587 0.22048827 0.00000000 0.00000000 0.00000000 0.00000000 0.00000000 0.00000000 0.00000000 0.00000000 0.00000000 0.00000000 0.00000000 0.00000000 0.00000000 0.00000000 0.00000000 0.00000000 0.00000000 0.00000000 0.00000000 0.13388373 0.47490937 0.62761927
0.56477290 0.56963170 0.57147998 0.57271826 0.57636589 0.58095181 0.57879633 0.58452260 0.59106994 0.58704180 0.58884984 0.59340507 0.59911960 0.59473890 0.59676898 0.60158712 0.60825688 0.60335499 0.60182595 0.60431367 0.60605079 0.61051136 0.61497122 0.61506665 0.61002362 0.61177826 0.60242701 0.60068274 0.60269201 0.59739453 0.59145319 0.58629495 0.58355725 0.57563120 0.59513360 0.59422857 0.51082021 0.35395187 0.13455297 0.00000000 0.00000000 0.00000000 0.00000000 0.00000000 0.00000000 0.00000000 0.00000000 0.00000000 0.00000000 0.00000000 0.00000000 0.00000000 0.00000000 0.00000000 0.00000000 0.00000000 0.00000000 0.00000000 0.00000000 0.04388852 0.45593345 0.63890791
0.57090896 0.57058001 0.57433319 0.58380646 0.57615119 0.58213103 0.58502907 0.58762282 0.59265852 0.58910370 0.58815008 0.59499168 0.59841692 0.59538782 0.59910131 0.60007662 0.60038674 0.60364187 0.59990728 0.60574424 0.60049123 0.60615510 0.60374004 0.60731250 0.59965485 0.60281467 0.60629684 0.60051388 0.59391516 0.59562677 0.58770484 0.58344018 0.57187957 0.57639092 0.60381621 0.45358515 0.29978615 0.00000000 0.00000000 0.00000000 0.00000000 0.00000000 0.00000000 0.00000000 0.00000000 0.00000000 0.00000000 0.00000000 0.00000000 0.00000000 0.00000000 0.00000000 0.00000000 0.00000000 0.00000000 0.00000000 0.00000000 0.00000000 0.00000000 0.00000000 0.41807020 0.63470131
0.57050920 0.56852168 0.57544631 0.57715940 0.57958162 0.57800823 0.58945912 0.58764309 0.58566946 0.58727139 0.59189820 0.59245199 0.60053062 0.59719557 0.60286361 0.59694558 0.59694743 0.59400672 0.59575731 0.59393626 0.59936625 0.60020608 0.59823596 0.59448791 0.59855890 0.59585637 0.60138923 0.59228855 0.59537941 0.59175456 0.58185309 0.57984567 0.57095522 0.59509093 0.53465807 0.37060130 0.00000000 0.00000000 0.00000000 0.00000000 0.00000000 0.00000000 0.00000000 0.00000000 0.00000000 0.00000000 0.00000000 0.00000000 0.00000000 0.00000000 0.00000000 0.00000000 0.00000000 0.00000000 0.00000000 0.00000000 0.00000000 0.00000000 0.00000000 0.00000000 0.37487525 0.63947076
0.57021427 0.57257819 0.57775390 0.57329279 0.58141476 0.58247364 0.58473593 0.58603072 0.58975482 0.58577687 0.59524816 0.59745020 0.60471153 0.60464156 0.60070968 0.60379010 0.59922183 0.59960854 0.59873396 0.59452093 0.59814620 0.59572554 0.59891790 0.59552717 0.59657544 0.59512782 0.58987588 0.58858114 0.58447373 0.57867098 0.57881927 0.56915641 0.56529069 0.59774053 0.37247467 0.00000000 0.00000000 0.00000000 0.00000000 0.00000000 0.00000000 0.00000000 0.00000000 0.00000000 0.00000000 0.00000000 0.00000000 0.00000000 0.00000000 0.00000000 0.00000000 0.00000000 0.00000000 0.00000000 0.00000000 0.00000000 0.00000000 0.00000000 0.00000000 0.00000000 0.37825912 0.64369524
0.57555938 0.57748795 0.57905966 0.58338922 0.58598053 0.59162641 0.58594710 0.59454387 0.59087795 0.59292531 0.59236044 0.60281521 0.59801447 0.60500270 0.59881836 0.60428846 0.60349911 0.59773391 0.59509891 0.60128909 0.59471834 0.59732312 0.59637922 0.59811115 0.59440106 0.59124637 0.58969605 0.58395582 0.57681590 0.57114649 0.56553632 0.55691874 0.58426017 0.46845555 0.04279643 0.00000000 0.00000000 0.00000000 0.00000000 0.00000000 0.00000000 0.00000000 0.00000000 0.00000000 0.00000000 0.00000000 0.00000000 0.00000000 0.00000000 0.00000000 0.00000000 0.00000000 0.00000000 0.00000000 0.00000000 0.00000000 0.00000000 0.00000000 0.00000000 0.00000000 0.45277482 0.64508063
0.57925469 0.58287555 0.58386862 0.58794689 0.59161770 0.58841860 0.59172773 0.59475988 0.59503645 0.59363455 0.59827960 0.59993196 0.60062134 0.60401607 0.60112202 0.60747564 0.60505432 0.60487390 0.59640568 0.59624797 0.60342968 0.60283357 0.59427637 0.59873408 0.58950311 0.59044296 0.58287120 0.57837182 0.57221276 0.57187706 0.56059909 0.55728126 0.58750737 0.28309977 0.00000000 0.00000000 0.00000000 0.00000000 0.00000000 0.00000000 0.00000000 0.00000000 0.00000000 0.00000000 0.00000000 0.00000000 0.00000000 0.00000000 0.00000000 0.00000000 0.00000000 0.00000000 0.00000000 0.00000000 0.00000000 0.00000000 0.00000000 0.00000000 0.00000000 0.08383928 0.56344801 0.65245461
0.58494276 0.58433872 0.59406620 0.58983612 0.58760053 0.59209538 0.59649116 0.59597105 0.59889334 0.59870440 0.60207272 0.60482937 0.60911173 0.60756350 0.60900122 0.60647869 0.61058289 0.60198247 0.59742582 0.60369855 0.59785938 0.60128319 0.60056603 0.59484130 0.59258103 0.58858621 0.59195691 0.58262980 0.57331491 0.56702560 0.55752027 0.59824556 0.46130270 0.06824391 0.00000000 0.00000000 0.00000000 0.00000000 0.00000000 0.00000000 0.00000000 0.00000000 0.00000000 0.00000000 0.00000000 0.00000000 0.00000000 0.00000000 0.00000000 0.00000000 0.00000000 0.00000000 0.00000000 0.00000000 0.00000000 0.00000000 0.00000000 0.00000000 0.00000000 0.26359868 0.63097692 0.66928089
0.58917713 0.58364701 0.58828807 0.58939463 0.59286582 0.59495050 0.59927481 0.60101545 0.59734279 0.60187793 0.60529160 0.60963970 0.61584347 0.60841733 0.61320525 0.60913140 0.60533762 0.59703654 0.59452802 0.59994680 0.59930182 0.59479296 0.59600097 0.59317130 0.59127051 0.58139312 0.58325738 0.57878864 0.56745631 0.56250221 0.59699893 0.60820067 0.32179075 0.00000000 0.00000000 0.00000000 0.00000000 0.00000000 0.00000000 0.00000000 0.00000000 0.00000000 0.00000000 0.00000000 0.00000000 0.00000000 0.00000000 0.00000000 0.00000000 0.00000000 0.00000000 0.00000000 0.00000000 0.00000000 0.00000000 0.00000000 0.00000000 0.00000000 0.00000000 0.46829659 0.64065564 0.67291373
0.58087325 0.58607358 0.58316380 0.59405577 0.58961642 0.59257799 0.59774637 0.59897691 0.59646332 0.59771818 0.60250467 0.60632509 0.61071682 0.60945880 0.61011153 0.60353392 0.60394067 0.59187317 0.59140372 0.59353387 0.59445965 0.58866853 0.58857381 0.58621722 0.58443666 0.57914644 0.57196075 0.57165390 0.55779731 0.60763979 0.61733258 0.38580823 0.00000000 0.00000000 0.00000000 0.00000000 0.00000000 0.00000000 0.00000000 0.00000000 0.00000000 0.00000000 0.00000000 0.00000000 0.00000000 0.00000000 0.00000000 0.00000000 0.00000000 0.00000000 0.00000000 0.00000000 0.00000000 0.00000000 0.00000000 0.00000000 0.00000000 0.00000000 0.07992853 0.56214374 0.63695586 0.66478282
0.58478034 0.57972139 0.58770329 0.58195305 0.58940059 0.59004241 0.59112710 0.59754652 0.59348762 0.59771091 0.59747094 0.60253239 0.60265577 0.59875411 0.60184473 0.59988177 0.59538251 0.59950900 0.59175348 0.59042007 0.59230334 0.58369124 0.58134419 0.58425707 0.58234489 0.57281750 0.56411767 0.55944282 0.60213947 0.59897757 0.37755007 0.10969596 0.00000000 0.00000000 0.00000000 0.00000000 0.00000000 0.00000000 0.00000000 0.00000000 0.00000000 0.00000000 0.00000000 0.00000000 0.00000000 0.00000000 0.00000000 0.00000000 0.00000000 0.00000000 0.00000000 0.00000000 0.00000000 0.00000000 0.00000000 0.00000000 0.00000000 0.00000000 0.31103981 0.57380861 0.63540518 0.66851020
0.58115548 0.57441109 0.58405536 0.58416289 0.59128422 0.58699703 0.58928835 0.59514391 0.59341609 0.59660387 0.59500098 0.59520394 0.60043681 0.59697926 0.59347343 0.59440774 0.59452063 0.59487677 0.58904350 0.58924717 0.58568728 0.58008569 0.57772774 0.57846415 0.57213461 0.56424731 0.55813646 0.59406394 0.59516895 0.35832441 0.08565284 0.00000000 0.00000000 0.00000000 0.00000000 0.00000000 0.00000000 0.00000000 0.00000000 0.00000000 0.00000000 0.00000000 0.00000000 0.00000000 0.00000000 0.00000000 0.00000000 0.00000000 0.00000000 0.00000000 0.00000000 0.00000000 0.00000000 0.00000000 0.00000000 0.00000000 0.00000000 0.23582743 0.48803526 0.60169780 0.63044691 0.67401809
0.56976658 0.57632577 0.57740748 0.58345419 0.58585715 0.58913583 0.59335959 0.59275264 0.59376097 0.58933312 0.59458208 0.60111624 0.59695417 0.59365356 0.59337652 0.59642076 0.59425062 0.59525192 0.58511257 0.58868670 0.58256280 0.57898581 0.57030958 0.56652999 0.56211144 0.55725968 0.58890396 0.57483703 0.38039333 0.04148278 0.00000000 0.00000000 0.00000000 0.00000000 0.00000000 0.00000000 0.00000000 0.00000000 0.00000000 0.00000000 0.00000000 0.00000000 0.00000000 0.00000000 0.00000000 0.00000000 0.00000000 0.00000000 0.00000000 0.00000000 0.00000000 0.00000000 0.00000000 0.00000000 0.00270551 0.21520863 0.40286934 0.49943250 0.57492250 0.61452401 0.63124657 0.66352272
0.57369739 0.57557601 0.57922292 0.57875067 0.58763885 0.58955014 0.59069681 0.59120017 0.59201384 0.58734232 0.59171128 0.59462994 0.59400952 0.59349543 0.59634715 0.59780210 0.59160995 0.59080565 0.58433443 0.58705145 0.57999843 0.57050782 0.56714630 0.55903333 0.58299804 0.57249784 0.49933702 0.25669861 0.01597436 0.00000000 0.00000000 0.00000000 0.00000000 0.00000000 0.00000000 0.00000000 0.00000000 0.00000000 0.00000000 0.00000000 0.00000000 0.00000000 0.00000000 0.00000000 0.00000000 0.00000000 0.00000000 0.00000000 0.00000000 0.00000000 0.00000000 0.00000000 0.00000000 0.00000000 0.44740468 0.53590697 0.58403099 0.60023147 0.60672277 0.62398666 0.65124816 0.67355806
0.57546932 0.57994193 0.58351129 0.58231348 0.58578199 0.58858734 0.59040803 0.58840275 0.58671820 0.58572286 0.59315175 0.59502739 0.59255987 0.59584212 0.59548843 0.59541303 0.59067482 0.59201413 0.58211613 0.57506800 0.57358605 0.57017183 0.56445312 0.57688498 0.59150183 0.43078965 0.19449581 0.00000000 0.00000000 0.00000000 0.00000000 0.00000000 0.00000000 0.00000000 0.00000000 0.00000000 0.00000000 0.00000000 0.00000000 0.00000000 0.00000000 0.00000000 0.00000000 0.00000000 0.00000000 0.00000000 0.00000000 0.00000000 0.00000000 0.00000000 0.00000000 0.00000000 0.00000000 0.14081402 0.55845666 0.60956341 0.61801004 0.63211304 0.64707178 0.65403491 0.66014594 0.68000382
0.57903403 0.58347940 0.58252543 0.58570868 0.59137225 0.58785629 0.59101200 0.58958918 0.58820885 0.59361279 0.59812415 0.59532887 0.59492946 0.59414822 0.59358603 0.59090543 0.59030879 0.59060848 0.58087271 0.57781988 0.57183570 0.56766272 0.58114934 0.58423066 0.35887885 0.11700334 0.00000000 0.00000000 0.00000000 0.00000000 0.00000000 0.00000000 0.00000000 0.00000000 0.00000000 0.00000000 0.00000000 0.00000000 0.00000000 0.00000000 0.00000000 0.00000000 0.00000000 0.00000000 0.00000000 0.00000000 0.00000000 0.00000000 0.00000000 0.00000000 0.00000000 0.00000000 0.00000000 0.16417702 0.57802868 0.61487341 0.64476407 0.65477252 0.65954214 0.67313927 0.68060112 0.68203604
0.57821292 0.58281338 0.58653104 0.58543092 0.58565539 0.58816701 0.58843380 0.59466058 0.59183282 0.59454405 0.59760618 0.59745431 0.59290755 0.59408385 0.58764076 0.58519751 0.58390033 0.58135593 0.57635713 0.57797831 0.57120532 0.56106329 0.57173270 0.39557731 0.08500157 0.00000000 0.00000000 0.00000000 0.00000000 0.00000000 0.00000000 0.00000000 0.00000000 0.00000000 0.00000000 0.00000000 0.00000000 0.00000000 0.00000000 0.00000000 0.00000000 0.00000000 0.00000000 0.00000000 0.00000000 0.00000000 0.00000000 0.00000000 0.00000000 0.00000000 0.00000000 0.00000000 0.00000000 0.17654510 0.59022409 0.63653940 0.64980066 0.65748209 0.67533165 0.68243212 0.68303055 0.68679273
0.57819939 0.57783419 0.58109081 0.58660984 0.58448017 0.58649665 0.59122455 0.59657395 0.58844578 0.59753007 0.59089512 0.59263736 0.59703135 0.58138680 0.57962155 0.58213151 0.58105445 0.57615453 0.57205135 0.56606740 0.55936974 0.56060582 0.52635992 0.23773254 0.00000000 0.00000000 0.00000000 0.00000000 0.00000000 0.00000000 0.00000000 0.00000000 0.00000000 0.00000000 0.00000000 0.00000000 0.00000000 0.00000000 0.00000000 0.00000000 0.00000000 0.00000000 0.00000000 0.00000000 0.00000000 0.00000000 0.00000000 0.00000000 0.00000000 0.00000000 0.00000000 0.00000000 0.00000000 0.29273742 0.60384333 0.63077915 0.65262091 0.66366541 0.67207932 0.67597961 0.67985815 0.68880165
0.57292825 0.57041842 0.57021427 0.57556468 0.57870871 0.57721430 0.58034641 0.57807750 0.59034592 0.58872008 0.58596396 0.58430862 0.58042151 0.57876307 0.56995344 0.56722760 0.56815308 0.56285113 0.56336963 0.55868798 0.54746842 0.55272806 0.36137545 0.00000000 0.00000000 0.00000000 0.00000000 0.00000000 0.00000000 0.00000000 0.00000000 0.00000000 0.00000000 0.00000000 0.00000000 0.00000000 0.00000000 0.00000000 0.00000000 0.00000000 0.00000000 0.00000000 0.00000000 0.00000000 0.00000000 0.00000000 0.00000000 0.00000000 0.00000000 0.00000000 0.00000000 0.00000000 0.00000000 0.45357859 0.59495342 0.63238639 0.63790596 0.65545332 0.66106039 0.67288160 0.68462372 0.68000311
0.56716132 0.56513053 0.56667441 0.57013577 0.56936103 0.57606965 0.57829642 0.57164520 0.58827496 0.57919377 0.57949001 0.57789344 0.57858425 0.57980400 0.56965417 0.56490701 0.56069225 0.55662888 0.55571121 0.55287635 0.55325663 0.54187715 0.15702967 0.00000000 0.00000000 0.00000000 0.00000000 0.00000000 0.00000000 0.00000000 0.00000000 0.00000000 0.00000000 0.00000000 0.00000000 0.00000000 0.00000000 0.00000000 0.00000000 0.00000000 0.00000000 0.00000000 0.00000000 0.00000000 0.00000000 0.00000000 0.00000000 0.00000000 0.00000000 0.00000000 0.00000000 0.00000000 0.12770794 0.53844571 0.59988374 0.62840325 0.63478923 0.65296590 0.66834170 0.67002851 0.69028008 0.67796797
0.56600940 0.56441796 0.56576377 0.57081568 0.56439269 0.56737334 0.57231903 0.57163924 0.57564926 0.57277572 0.57651383 0.57642835 0.56974751 0.57175577 0.56225026 0.55914217 0.55369663 0.55330175 0.54738498 0.53896075 0.53640497 0.38519889 0.00000000 0.00000000 0.00000000 0.00000000 0.00000000 0.00000000 0.00000000 0.00000000 0.00000000 0.00000000 0.00000000 0.00000000 0.00000000 0.00000000 0.00000000 0.00000000 0.00000000 0.00000000 0.00000000 0.00000000 0.00000000 0.00000000 0.00000000 0.00000000 0.00000000 0.00000000 0.00000000 0.00000000 0.00000000 0.00000000 0.32567894 0.57422578 0.61175829 0.62064117 0.63871002 0.64786798 0.65574640 0.67282158 0.68285775 0.67427939
0.56758559 0.56704533 0.56355369 0.56693107 0.56290525 0.56308150 0.56376165 0.56643289 0.56997991 0.56695461 0.56743085 0.56739438 0.56144714 0.56138521 0.56292784 0.55477798 0.54687595 0.54503882 0.53599423 0.52729326 0.53572536 0.19474436 0.00000000 0.00000000 0.00000000 0.00000000 0.00000000 0.00000000 0.00000000 0.00000000 0.00000000 0.00000000 0.00000000 0.00000000 0.00000000 0.00000000 0.00000000 0.00000000 0.00000000 0.00000000 0.00000000 0.00000000 0.00000000 0.00000000 0.00000000 0.00000000 0.00000000 0.00000000 0.00000000 0.00000000 0.00000000 0.00000000 0.46193129 0.57937926 0.60882187 0.61594594 0.63114506 0.64357877 0.65185380 0.66599578 0.66929287 0.66987139
0.56502104 0.56581950 0.57042640 0.56597179 0.55437368 0.55935705 0.56362998 0.56163669 0.56623256 0.56375116 0.55836308 0.55882859 0.55885237 0.55638212 0.55281895 0.55378771 0.54792899 0.54216170 0.53592604 0.52381021 0.50498003 0.05270934 0.00000000 0.00000000 0.00000000 0.00000000 0.00000000 0.00000000 0.00000000 0.00000000 0.00000000 0.00000000 0.00000000 0.00000000 0.00000000 0.00000000 0.00000000 0.00000000 0.00000000 0.00000000 0.00000000 0.00000000 0.00000000 0.00000000 0.00000000 0.00000000 0.00000000 0.00000000 0.00000000 0.00000000 0.00000000 0.06351502 0.52833647 0.58026206 0.60027522 0.61826092 0.63669378 0.64612538 0.65175849 0.65926260 0.66640091 0.67376012
0.56888151 0.56260687 0.55890006 0.55389941 0.55019963 0.55644447 0.55760509 0.55668461 0.55832100 0.55469722 0.55481654 0.55897880 0.55698001 0.55739069 0.55012459 0.55086416 0.54413664 0.53775138 0.53180587 0.54236138 0.40365922 0.00000000 0.00000000 0.00000000 0.00000000 0.00000000 0.00000000 0.00000000 0.00000000 0.00000000 0.00000000 0.00000000 0.00000000 0.00000000 0.00000000 0.00000000 0.00000000 0.00000000 0.00000000 0.00000000 0.00000000 0.00000000 0.00000000 0.00000000 0.00000000 0.00000000 0.00000000 0.00000000 0.00000000 0.00000000 0.00000000 0.13994108 0.55064785 0.58417404 0.60678464 0.62295163 0.63078952 0.63867033 0.64639044 0.65886909 0.66561151 0.66476512
0.55008817 0.55473703 0.54918724 0.55154580 0.54989851 0.55299592 0.55109131 0.55411386 0.55054533 0.56003910 0.55840141 0.55682260 0.55505633 0.55366766 0.54960710 0.54386604 0.53590667 0.53015977 0.52235532 0.53850991 0.23789160 0.00000000 0.00000000 0.00000000 0.00000000 0.00000000 0.00000000 0.00000000 0.00000000 0.00000000 0.00000000 0.00000000 0.00000000 0.00000000 0.00000000 0.00000000 0.00000000 0.00000000 0.00000000 0.00000000 0.00000000 0.00000000 0.00000000 0.00000000 0.00000000 0.00000000 0.00000000 0.00000000 0.00000000 0.00000000 0.00000000 0.19892852 0.56105161 0.58968085 0.60652095 0.62614775 0.62535012 0.64081562 0.65345216 0.65387112 0.65942526 0.66714847
0.54409951 0.54404032 0.54426789 0.54374677 0.55076617 0.55059481 0.54885495 0.55026662 0.55395746 0.55289727 0.55622315 0.55733889 0.54834968 0.54440051 0.54259503 0.53533041 0.52643520 0.52061784 0.53921866 0.50795746 0.06457123 0.00000000 0.00000000 0.00000000 0.00000000 0.00000000 0.00000000 0.00000000 0.00000000 0.00000000 0.00000000 0.00000000 0.00000000 0.00000000 0.00000000 0.00000000 0.00000000 0.00000000 0.00000000 0.00000000 0.00000000 0.00000000 0.00000000 0.00000000 0.00000000 0.00000000 0.00000000 0.00000000 0.00000000 0.00000000 0.00000000 0.21113779 0.56300831 0.58859301 0.60357344 0.61919141 0.63004738 0.63636279 0.64849687 0.65177518 0.66062212 0.66091365
0.54061472 0.54210436 0.54116917 0.54356837 0.54437506 0.54651481 0.54569697 0.54645383 0.54592443 0.54448301 0.54897004 0.54297197 0.54277587 0.53867877 0.53494388 0.52896386 0.51881826 0.52133560 0.55440706 0.34943968 0.00000000 0.00000000 0.00000000 0.00000000 0.00000000 0.00000000 0.00000000 0.00000000 0.00000000 0.00000000 0.00000000 0.00000000 0.00000000 0.00000000 0.00000000 0.00000000 0.00000000 0.00000000 0.00000000 0.00000000 0.00000000 0.00000000 0.00000000 0.00000000 0.00000000 0.00000000 0.00000000 0.00000000 0.00000000 0.00000000 0.00000000 0.18656446 0.55313003 0.58479214 0.60401344 0.62351364 0.63000196 0.63832510 0.63784754 0.65193808 0.66202223 0.65919203
0.53722870 0.54044688 0.53949338 0.54097492 0.54210025 0.53860486 0.54045087 0.53925842 0.54572850 0.54095405 0.53809261 0.53535432 0.53882462 0.53811961 0.52819926 0.51932484 0.51361036 0.51442271 0.39098746 0.06189312 0.00000000 0.00000000 0.00000000 0.00000000 0.00000000 0.00000000 0.00000000 0.00000000 0.00000000 0.00000000 0.00000000 0.00000000 0.00000000 0.00000000 0.00000000 0.00000000 0.00000000 0.00000000 0.00000000 0.00000000 0.00000000 0.00000000 0.00000000 0.00000000 0.00000000 0.00000000 0.00000000 0.00000000 0.00000000 0.00000000 0.00000000 0.10871033 0.50406176 0.57653254 0.60105240 0.60867006 0.62237710 0.62695307 0.63973230 0.64584070 0.65864354 0.66014594
0.53326845 0.53609794 0.53681302 0.53496176 0.53294718 0.53936929 0.53901410 0.53609973 0.53556210 0.53436214 0.53583837 0.53461611 0.53493434 0.52628225 0.51948953 0.51277971 0.51118076 0.52596599 0.21040846 0.00000000 0.00000000 0.00000000 0.00000000 0.00000000 0.00000000 0.00000000 0.00000000 0.00000000 0.00000000 0.00000000 0.00000000 0.00000000 0.00000000 0.00000000 0.00000000 0.00000000 0.00000000 0.00000000 0.00000000 0.00000000 0.00000000 0.00000000 0.00000000 0.00000000 0.00000000 0.00000000 0.00000000 0.00000000 0.00000000 0.00000000 0.00000000 0.00870149 0.37178642 0.57292956 0.59143060 0.60991091 0.61288887 0.62647259 0.63316470 0.64107037 0.64815211 0.65477777
0.53186721 0.53256720 0.53124160 0.53258967 0.52580458 0.52990937 0.53638929 0.53428376 0.53341627 0.53727508 0.53265667 0.53091902 0.52411819 0.51544505 0.51438624 0.51120913 0.50773537 0.47223806 0.00000000 0.00000000 0.00000000 0.00000000 0.00000000 0.00000000 0.00000000 0.00000000 0.00000000 0.00000000 0.00000000 0.00000000 0.00000000 0.00000000 0.00000000 0.00000000 0.00000000 0.00000000 0.00000000 0.00000000 0.00000000 0.00000000 0.00000000 0.00000000 0.00000000 0.00000000 0.00000000 0.00000000 0.00000000 0.00000000 0.00000000 0.00000000 0.00000000 0.00000000 0.28481710 0.56500220 0.58483183 0.60694855 0.61331069 0.62036985 0.63391626 0.63852680 0.65332282 0.65421200
0.52847070 0.52950501 0.52886498 0.52631843 0.52597761 0.53197402 0.53455502 0.53838831 0.53126967 0.52677679 0.52480674 0.52642334 0.51857489 0.51152092 0.51146662 0.50897259 0.50511849 0.35628676 0.00000000 0.00000000 0.00000000 0.00000000 0.00000000 0.00000000 0.00000000 0.00000000 0.00000000 0.00000000 0.00000000 0.00000000 0.00000000 0.00000000 0.00000000 0.00000000 0.00000000 0.00000000 0.00000000 0.00000000 0.00000000 0.00000000 0.00000000 0.00000000 0.00000000 0.00000000 0.00000000 0.00000000 0.00000000 0.00000000 0.00000000 0.00000000 0.00000000 0.00000000 0.19290970 0.54865497 0.58359730 0.59857255 0.61297315 0.61762071 0.63014567 0.63321269 0.64449096 0.64912593
0.52150780 0.52610397 0.52677602 0.52928752 0.52492666 0.53182864 0.53519338 0.53258157 0.53050268 0.53269541 0.52437735 0.52294534 0.51437205 0.51181525 0.50978500 0.50839895 0.49640632 0.29904574 0.00000000 0.00000000 0.00000000 0.00000000 0.00000000 0.00000000 0.00000000 0.00000000 0.00000000 0.00000000 0.00000000 0.00000000 0.00000000 0.00000000 0.00000000 0.00000000 0.00000000 0.00000000 0.00000000 0.00000000 0.00000000 0.00000000 0.00000000 0.00000000 0.00000000 0.00000000 0.00000000 0.00000000 0.00000000 0.00000000 0.00000000 0.00000000 0.00000000 0.00000000 0.21606664 0.53364289 0.58734339 0.59593517 0.61318016 0.61514336 0.62672323 0.62824965 0.64896858 0.64847344
0.52270013 0.52817792 0.52452475 0.52179956 0.52734834 0.53082466 0.52945477 0.53378123 0.52764064 0.53818560 0.52567422 0.51901704 0.51466131 0.50905788 0.50477409 0.50260860 0.49119699 0.18977560 0.00000000 0.00000000 0.00000000 0.00000000 0.00000000 0.00000000 0.00000000 0.00000000 0.00000000 0.00000000 0.00000000 0.00000000 0.00000000 0.00000000 0.00000000 0.00000000 0.00000000 0.00000000 0.00000000 0.00000000 0.00000000 0.00000000 0.00000000 0.00000000 0.00000000 0.00000000 0.00000000 0.00000000 0.00000000 0.00000000 0.00000000 0.00000000 0.00000000 0.00000000 0.28410274 0.53794754 0.58641446 0.59087050 0.61175835 0.61840218 0.62655592 0.64367837 0.65800923 0.66126657
0.51704484 0.51838750 0.52067435 0.51996458 0.52197605 0.52702904 0.52714705 0.52977389 0.53010267 0.52496094 0.52164441 0.51193589 0.50991851 0.50409269 0.50342923 0.49682808 0.49472773 0.14673273 0.00000000 0.00000000 0.00000000 0.00000000 0.00000000 0.00000000 0.00000000 0.00000000 0.00000000 0.00000000 0.00000000 0.00000000 0.00000000 0.00000000 0.00000000 0.00000000 0.00000000 0.00000000 0.00000000 0.00000000 0.00000000 0.00000000 0.00000000 0.00000000 0.00000000 0.00000000 0.00000000 0.00000000 0.00000000 0.00000000 0.00000000 0.00000000 0.00000000 0.00000000 0.40131003 0.54835206 0.57788926 0.58635980 0.60236317 0.61231518 0.62978131 0.62808114 0.64489871 0.64684600
0.50736982 0.51105881 0.51365912 0.51366436 0.51349765 0.51675588 0.51934808 0.51899618 0.51894212 0.51334298 0.50830066 0.50658107 0.50334269 0.50240338 0.49962896 0.49005848 0.48953992 0.11929433 0.00000000 0.00000000 0.00000000 0.00000000 0.00000000 0.00000000 0.00000000 0.00000000 0.00000000 0.00000000 0.00000000 0.00000000 0.00000000 0.00000000 0.00000000 0.00000000 0.00000000 0.00000000 0.00000000 0.00000000 0.00000000 0.00000000 0.00000000 0.00000000 0.00000000 0.00000000 0.00000000 0.00000000 0.00000000 0.00000000 0.00000000 0.00000000 0.00000000 0.00000000 0.49004215 0.55364835 0.58053082 0.59335411 0.60083139 0.60562831 0.62374872 0.62591249 0.63514000 0.63945085
0.50796545 0.50998032 0.51408601 0.51074827 0.51130259 0.51549941 0.51918912 0.51808774 0.51854330 0.51861900 0.51683897 0.50468934 0.50421154 0.49847257 0.49791706 0.49527717 0.48968202 0.03560486 0.00000000 0.00000000 0.00000000 0.00000000 0.00000000 0.00000000 0.00000000 0.00000000 0.00000000 0.00000000 0.00000000 0.00000000 0.00000000 0.00000000 0.00000000 0.00000000 0.00000000 0.00000000 0.00000000 0.00000000 0.00000000 0.00000000 0.00000000 0.00000000 0.00000000 0.00000000 0.00000000 0.00000000 0.00000000 0.00000000 0.00000000 0.00000000 0.00000000 0.00000000 0.49554205 0.56432492 0.58458793 0.59397775 0.60591567 0.60843331 0.61466449 0.62886798 0.63568753 0.65529299
0.50780171 0.51206434 0.51258957 0.51329780 0.51315385 0.51401216 0.51744002 0.51855248 0.52104568 0.52244407 0.51539803 0.51658458 0.50503254 0.50230289 0.49815863 0.49595630 0.45654517 0.00000000 0.00000000 0.00000000 0.00000000 0.00000000 0.00000000 0.00000000 0.00000000 0.00000000 0.00000000 0.00000000 0.00000000 0.00000000 0.00000000 0.00000000 0.00000000 0.00000000 0.00000000 0.00000000 0.00000000 0.00000000 0.00000000 0.00000000 0.00000000 0.00000000 0.00000000 0.00000000 0.00000000 0.00000000 0.00000000 0.00000000 0.00000000 0.00000000 0.00000000 0.00748101 0.51500416 0.57232559 0.58589822 0.60264134 0.61178702 0.62208402 0.61900961 0.63114285 0.64397669 0.64912558
0.50340396 0.50731605 0.50716037 0.51069576 0.50731862 0.51217818 0.51335382 0.52020925 0.50992376 0.52024704 0.51582783 0.51474047 0.51185513 0.49870586 0.50131148 0.49052626 0.42812312 0.00000000 0.00000000 0.00000000 0.00000000 0.00000000 0.00000000 0.00000000 0.00000000 0.00000000 0.00000000 0.00000000 0.00000000 0.00000000 0.00000000 0.00000000 0.00000000 0.00000000 0.00000000 0.00000000 0.00000000 0.00000000 0.00000000 0.00000000 0.00000000 0.00000000 0.00000000 0.00000000 0.00000000 0.00000000 0.00000000 0.00000000 0.00000000 0.00000000 0.00000000 0.00000000 0.52424240 0.57224214 0.59091401 0.60343194 0.61631119 0.62245041 0.63083524 0.63166547 0.65300256 0.65616381
0.50184566 0.50415295 0.49974108 0.50340968 0.50323403 0.51049078 0.50418299 0.50592190 0.50878304 0.50925595 0.51300329 0.50874996 0.50060308 0.50166720 0.49198109 0.48004818 0.41221625 0.03857039 0.00000000 0.00000000 0.00000000 0.00000000 0.00000000 0.00000000 0.00000000 0.00000000 0.00000000 0.00000000 0.00000000 0.00000000 0.00000000 0.00000000 0.00000000 0.00000000 0.00000000 0.00000000 0.00000000 0.00000000 0.00000000 0.00000000 0.00000000 0.00000000 0.00000000 0.00000000 0.00000000 0.00000000 0.00000000 0.00000000 0.00000000 0.00000000 0.00000000 0.00690056 0.51669616 0.57771933 0.59357232 0.60422719 0.61878127 0.62504220 0.62945122 0.63177687 0.63947904 0.64648503
0.49163377 0.49172568 0.48610705 0.49796093 0.49651426 0.49601847 0.49738473 0.49355477 0.49595076 0.49931198 0.50261050 0.50122124 0.49241632 0.48248917 0.47618085 0.47076142 0.43752247 0.09847035 0.00000000 0.00000000 0.00000000 0.00000000 0.00000000 0.00000000 0.00000000 0.00000000 0.00000000 0.00000000 0.00000000 0.00000000 0.00000000 0.00000000 0.00000000 0.00000000 0.00000000 0.00000000 0.00000000 0.00000000 0.00000000 0.00000000 0.00000000 0.00000000 0.00000000 0.00000000 0.00000000 0.00000000 0.00000000 0.00000000 0.00000000 0.00000000 0.00000000 0.04415460 0.54172903 0.57855445 0.59433383 0.59948134 0.60780090 0.61837858 0.61764014 0.62404311 0.62593782 0.64827311
0.48117566 0.47940171 0.47999573 0.47995597 0.48785132 0.47839165 0.48199624 0.48542202 0.48784953 0.48972929 0.49101335 0.49191153 0.47934395 0.47609133 0.47088557 0.46162009 0.44762069 0.21512051 0.00000000 0.00000000 0.00000000 0.00000000 0.00000000 0.00000000 0.00000000 0.00000000 0.00000000 0.00000000 0.00000000 0.00000000 0.00000000 0.00000000 0.00000000 0.00000000 0.00000000 0.00000000 0.00000000 0.00000000 0.00000000 0.00000000 0.00000000 0.00000000 0.00000000 0.00000000 0.00000000 0.00000000 0.00000000 0.00000000 0.00000000 0.00000000 0.00000000 0.21604846 0.55097413 0.57962668 0.58813542 0.59387428 0.60357332 0.60945600 0.61027348 0.62281549 0.62430340 0.63282484
0.47161341 0.46795660 0.47053123 0.47249627 0.47278696 0.47378957 0.47257197 0.47360826 0.47523421 0.47694010 0.48072529 0.48003900 0.47226018 0.46890414 0.46668351 0.45255065 0.44540697 0.30213773 0.00000000 0.00000000 0.00000000 0.00000000 0.00000000 0.00000000 0.00000000 0.00000000 0.00000000 0.00000000 0.00000000 0.00000000 0.00000000 0.00000000 0.00000000 0.00000000 0.00000000 0.00000000 0.00000000 0.00000000 0.00000000 0.00000000 0.00000000 0.00000000 0.00000000 0.00000000 0.00000000 0.00000000 0.00000000 0.00000000 0.00000000 0.00000000 0.00000000 0.41886258 0.56019974 0.57456231 0.59134507 0.59874302 0.60567731 0.61126292 0.61299229 0.62358069 0.63184452 0.63480139
0.47543609 0.49259454 0.47816312 0.44414604 0.40493381 0.45082062 0.46677005 0.46766716 0.47759372 0.47643119 0.48024440 0.47438085 0.42627078 0.37688655 0.30099839 0.27967018 0.33842421 0.23719345 0.00000000 0.00000000 0.00000000 0.00000000 0.00000000 0.00000000 0.00000000 0.00000000 0.00000000 0.00000000 0.00000000 0.00000000 0.00000000 0.00000000 0.00000000 0.00000000 0.00000000 0.00000000 0.00000000 0.00000000 0.00000000 0.00000000 0.00000000 0.00000000 0.00000000 0.00000000 0.00000000 0.00000000 0.00000000 0.00000000 0.00000000 0.00000000 0.00000000 0.50525880 0.56074935 0.57851648 0.59066045 0.59749597 0.60184264 0.61195701 0.61581272 0.62714076 0.63618392 0.63707393
0.50990057 0.45393264 0.37844306 0.21350984 0.18938644 0.26042706 0.36647373 0.46007437 0.47362828 0.40086406 0.24989249 0.16997550 0.05044192 0.00000000 0.00000000 0.00000000 0.08016019 0.05424339 0.01181389 0.00000000 0.00000000 0.00000000 0.00000000 0.00000000 0.00000000 0.00000000 0.00000000 0.00000000 0.00000000 0.00000000 0.00000000 0.00000000 0.00000000 0.00000000 0.00000000 0.00000000 0.00000000 0.00000000 0.00000000 0.00000000 0.00000000 0.00000000 0.00000000 0.00000000 0.00000000 0.00000000 0.00000000 0.00000000 0.00000000 0.00000000 0.14350162 0.53435361 0.56936270 0.58869541 0.58782953 0.59301186 0.60734528 0.61736834 0.61671555 0.62529033 0.63862658 0.63876402
0.49592918 0.28143024 0.00000000 0.00000000 0.00000000 0.00000000 0.17093508 0.15375744 0.07048391 0.00000000 0.00000000 0.00000000 0.00000000 0.00000000 0.00000000 0.00000000 0.00000000 0.00000000 0.00000000 0.00000000 0.00000000 0.00000000 0.00000000 0.00000000 0.00000000 0.00000000 0.00000000 0.00000000 0.00000000 0.00000000 0.00000000 0.00000000 0.00000000 0.00000000 0.00000000 0.00000000 0.00000000 0.00000000 0.00000000 0.00000000 0.00000000 0.00000000 0.00000000 0.00000000 0.00000000 0.00000000 0.00000000 0.00000000 0.00000000 0.00000000 0.25606591 0.55110121 0.57177138 0.58287507 0.59093398 0.59567386 0.60815573 0.60966772 0.61217016 0.62024236 0.63372004 0.63758665
0.33310944 0.00000000 0.00000000 0.00000000 0.00000000 0.00000000 0.00000000 0.00000000 0.00000000 0.00000000 0.00000000 0.00000000 0.00000000 0.00000000 0.00000000 0.00000000 0.00000000 0.00000000 0.00000000 0.00000000 0.00000000 0.00000000 0.00000000 0.00000000 0.00000000 0.00000000 0.00000000 0.00000000 0.00000000 0.00000000 0.00000000 0.00000000 0.00000000 0.00000000 0.00000000 0.00000000 0.00000000 0.00000000 0.00000000 0.00000000 0.00000000 0.00000000 0.00000000 0.00000000 0.00000000 0.00000000 0.00000000 0.00000000 0.00000000 0.00000000 0.38389903 0.55194211 0.57042193 0.58352667 0.59348661 0.59680939 0.60998774 0.60740173 0.61349297 0.62432116 0.62905365 0.63519990
0.18645133 0.00000000 0.00000000 0.00000000 0.00000000 0.00000000 0.00000000 0.00000000 0.00000000 0.00000000 0.00000000 0.00000000 0.00000000 0.00000000 0.00000000 0.00000000 0.00000000 0.00000000 0.00000000 0.00000000 0.00000000 0.00000000 0.00000000 0.00000000 0.00000000 0.00000000 0.00000000 0.00000000 0.00000000 0.00000000 0.00000000 0.00000000 0.00000000 0.00000000 0.00000000 0.00000000 0.00000000 0.00000000 0.00000000 0.00000000 0.00000000 0.00000000 0.00000000 0.00000000 0.00000000 0.00000000 0.00000000 0.00000000 0.00000000 0.10546739 0.48727185 0.55683678 0.57117879 0.58106464 0.58986562 0.59434539 0.60716105 0.61020494 0.61874664 0.61856246 0.62865216 0.64221412
0.04452153 0.00000000 0.00000000 0.00000000 0.00000000 0.00000000 0.00000000 0.00000000 0.00000000 0.00000000 0.00000000 0.00000000 0.00000000 0.00000000 0.00000000 0.00000000 0.00000000 0.00000000 0.00000000 0.00000000 0.00000000 0.00000000 0.00000000 0.00000000 0.00000000 0.00000000 0.00000000 0.00000000 0.00000000 0.00000000 0.00000000 0.00000000 0.00000000 0.00000000 0.00000000 0.00000000 0.00000000 0.00000000 0.00000000 0.00000000 0.00000000 0.00000000 0.00000000 0.00000000 0.00000000 0.00000000 0.00000000 0.00000000 0.00000000 0.38005352 0.51424289 0.55731750 0.57729036 0.58477479 0.58742470 0.59100896 0.60626030 0.62207317 0.61726892 0.61865103 0.63241148 0.64432627
0.00515994 0.00000000 0.00000000 0.00000000 0.00000000 0.00000000 0.00000000 0.00000000 0.00000000 0.00000000 0.00000000 0.00000000 0.00000000 0.00000000 0.00000000 0.00000000 0.00000000 0.00000000 0.00000000 0.00000000 0.00000000 0.00000000 0.00000000 0.00000000 0.00000000 0.00000000 0.00000000 0.00000000 0.00000000 0.00000000 0.00000000 0.00000000 0.00000000 0.00000000 0.00000000 0.00000000 0.00000000 0.00000000 0.00000000 0.00000000 0.00000000 0.00000000 0.00000000 0.00000000 0.00000000 0.00000000 0.00000000 0.00000000 0.08828188 0.47077078 0.54198182 0.56650633 0.57487673 0.57996655 0.58883774 0.60175574 0.60669976 0.61565095 0.61492860 0.60907829 0.62587267 0.64247805
0.12002973 0.00000000 0.00000000 0.00000000 0.00000000 0.00000000 0.00000000 0.00000000 0.00000000 0.00000000 0.00000000 0.00000000 0.00000000 0.00000000 0.00000000 0.00000000 0.00000000 0.00000000 0.00000000 0.00000000 0.00000000 0.00000000 0.00000000 0.00000000 0.00000000 0.00000000 0.00000000 0.00000000 0.00000000 0.00000000 0.00000000 0.00000000 0.00000000 0.00000000 0.00000000 0.00000000 0.00000000 0.00000000 0.00000000 0.00000000 0.00000000 0.00000000 0.00000000 0.00000000 0.00000000 0.00000000 0.00000000 0.00000000 0.11342840 0.48703521 0.53413761 0.55945820 0.57453376 0.59046543 0.59220904 0.59761924 0.60190147 0.61007935 0.60656065 0.60598153 0.60939860 0.63071424
0.30322975 0.14025955 0.03651075 0.00000000 0.00000000 0.00000000 0.00000000 0.00000000 0.00000000 0.00000000 0.00000000 0.00000000 0.00000000 0.00000000 0.00000000 0.00000000 0.00000000 0.00000000 0.00000000 0.00000000 0.00000000 0.00000000 0.00000000 0.00000000 0.00000000 0.00000000 0.00000000 0.00000000 0.00000000 0.00000000 0.00000000 0.00000000 0.00000000 0.00000000 0.00000000 0.00000000 0.00000000 0.00000000 0.00000000 0.00000000 0.00000000 0.00000000 0.00000000 0.00000000 0.00000000 0.00000000 0.00000000 0.00000000 0.15399580 0.44525909 0.48116964 0.48786008 0.48971373 0.49078310 0.48207408 0.48307782 0.49786282 0.49492770 0.48983526 0.50182480 0.50443357 0.53472584
0.32818156 0.30900621 0.26188248 0.08745064 0.00000000 0.00000000 0.00000000 0.00000000 0.00000000 0.07931961 0.20538671 0.33172327 0.34562057 0.36238253 0.36719620 0.34585428 0.35295159 0.36808896 0.38441539 0.37093729 0.36144137 0.36621577 0.37180829 0.34077120 0.33515227 0.32683045 0.33616734 0.32645547 0.30178791 0.27128685 0.24134167 0.20303644 0.09321572 0.00000000 0.00000000 0.00000000 0.00000000 0.00000000 0.00000000 0.00000000 0.00000000 0.00000000 0.00000000 0.00000000 0.00000000 0.00000000 0.00000000 0.03219455 0.15881015 0.26724637 0.32469201 0.34936094 0.35321319 0.33999705 0.28333956 0.25179225 0.26444471 0.24431081 0.16559680 0.21949835 0.22909252 0.24648176
