0.00000000 0.00000000 0.00000000 0.00000000 0.00000000 0.00000000 0.00000000 0.00000000 0.00000000 0.00000000 0.00000000 0.00000000 0.00000000 0.00000000 0.00000000 0.00000000 0.00000000 0.00000000 0.00000000 0.00000000 0.00000000 0.00000000 0.00000000 0.00000000 0.00000000 0.00000000 0.00000000 0.00000000 0.00000000 0.00000000 0.00000000 0.00000000 0.00000000 0.00000000 0.00000000 0.00000000 0.00000000 0.00000000 0.00000000 0.00000000 0.00000000 0.00000000 0.00000000 0.01043368 0.01893505 0.31616738 0.60258627 0.47946349 0.29785639 0.00000000 0.00000000 0.00000000 0.00000000 0.00000000 0.00000000 0.00000000 0.00000000 0.04502613 0.02519067 0.18315481 0.38213027 0.00000000
0.00000000 0.00000000 0.00000000 0.00000000 0.00000000 0.00000000 0.00000000 0.00000000 0.00000000 0.00000000 0.00000000 0.00000000 0.00000000 0.00000000 0.00000000 0.00000000 0.00000000 0.00000000 0.00000000 0.00000000 0.00000000 0.00000000 0.00000000 0.00000000 0.00000000 0.00000000 0.00000000 0.00000000 0.00000000 0.00000000 0.00000000 0.00000000 0.00000000 0.00000000 0.00000000 0.00000000 0.00000000 0.00000000 0.00000000 0.00000000 0.00000000 0.00000000 0.00000000 0.00275730 0.22463070 0.56107914 0.31898436 0.41405651 0.49184406 0.25984395 0.00000000 0.00000000 0.00000000 0.00000000 0.00000000 0.00000000 0.05260394 0.00590691 0.74954998 0.57322550 0.30778652 0.15972365
0.00000000 0.00000000 0.00000000 0.00000000 0.03153745 0.03980542 0.00000000 0.08012924 0.01130179 0.00000000 0.00000000 0.00365617 0.00000000 0.00367583 0.00000000 0.00000000 0.00000000 0.00000000 0.00000000 0.00000000 0.00000000 0.00000000 0.00000000 0.00000000 0.00000000 0.00000000 0.00000000 0.00000000 0.00000000 0.00000000 0.00000000 0.00000000 0.00000000 0.00000000 0.00000000 0.00000000 0.00000000 0.00000000 0.00000000 0.00000000 0.00000000 0.00000000 0.00000000 0.11655499 0.19070920 0.23570675 0.27510172 0.28312945 0.36622965 0.36995316 0.15862414 0.00000000 0.00000000 0.00107502 0.02214181 0.02269641 0.35873815 0.69938755 0.79854155 0.19471186 0.44108507 0.27171358
0.00000000 0.00000000 0.00000000 0.01492152 0.06192729 0.33851120 0.57883024 0.31674719 0.30862421 0.34260187 0.13203268 0.05876373 0.18232788 0.10162133 0.00000000 0.00000000 0.00000000 0.00000000 0.00000000 0.00000000 0.00000000 0.00000000 0.00000000 0.00000000 0.00000000 0.00000000 0.00000000 0.00000000 0.00000000 0.00000000 0.00000000 0.00000000 0.00000000 0.00000000 0.00000000 0.00000000 0.00000000 0.00000000 0.00000000 0.00000000 0.00000000 0.00000000 0.00000000 0.06671704 0.07528333 0.15783431 0.12217879 0.23472922 0.33065802 0.42235810 0.42708936 0.36152667 0.38500294 0.37119997 0.52000272 0.85237372 0.74401152 0.52789462 0.23593369 0.38439730 0.34070611 0.00000000
0.00000000 0.00000000 0.00000000 0.00000000 0.28027415 0.65042675 0.00000000 0.00000000 0.52900571 0.27144665 0.55106795 0.36954787 0.00000000 0.06654002 0.58451426 0.25720578 0.13166159 0.63940430 0.35422796 0.24694121 0.00000000 0.00000000 0.00000000 0.00000000 0.00000000 0.00000000 0.00000000 0.00000000 0.00000000 0.00000000 0.00000000 0.00000000 0.00000000 0.00000000 0.00000000 0.00000000 0.00000000 0.00000000 0.00000000 0.00000000 0.00000000 0.00000000 0.00000000 0.09797980 0.18081687 0.19869302 0.17321160 0.19454189 0.28831798 0.39492962 0.68265557 0.77976310 0.76875722 0.82342994 0.85706294 0.72351968 0.24115339 0.18485497 0.22123191 0.13829450 0.08291978 0.02565446
0.00000000 0.00000000 0.00000000 0.07736531 0.06012195 0.20682675 0.23286089 0.00000000 0.30937621 0.24616462 0.51426977 0.49387541 0.36679468 0.74453366 0.49796849 0.12149498 0.71027279 0.38469803 0.21524045 0.46609327 0.00000000 0.00000000 0.00000000 0.00000000 0.00000000 0.00000000 0.00000000 0.00000000 0.00000000 0.00000000 0.00000000 0.00000000 0.00000000 0.00000000 0.00000000 0.00000000 0.00000000 0.00000000 0.00000000 0.00000000 0.00000000 0.00000000 0.14429536 0.37888822 0.21829836 0.30534291 0.28204837 0.19222593 0.20439076 0.24806306 0.23098472 0.17839882 0.18237655 0.18416911 0.18226181 0.18442948 0.18541241 0.17182875 0.16366112 0.11582384 0.10315491 0.02050954
0.00000000 0.00000000 0.00000000 0.00000000 0.10024120 0.32626414 0.15223512 0.26622707 0.52844989 0.07441565 0.32687896 0.31012520 0.06357567 0.18563771 0.33066344 0.00232178 0.61430645 0.49245477 0.60584712 0.25851095 0.00000000 0.00000000 0.00000000 0.00000000 0.00000000 0.00000000 0.00000000 0.00000000 0.00000000 0.00000000 0.00000000 0.00000000 0.00000000 0.00000000 0.00000000 0.00000000 0.00000000 0.00000000 0.00000000 0.00000000 0.00000000 0.10457087 0.19150190 0.27412283 0.24501792 0.22500208 0.24450956 0.16480646 0.19058751 0.21009418 0.20906554 0.20625059 0.19721110 0.18605046 0.18863091 0.18992010 0.19278742 0.19713414 0.15566099 0.08779108 0.09865768 0.01777209
0.00000000 0.00000000 0.00000000 0.01280626 0.08776478 0.01732409 0.54799688 0.40889186 0.00000000 0.00000000 0.14332932 0.19501609 0.00000000 0.14942566 0.12810324 0.00302493 0.30235350 0.35085389 0.48934183 0.14990225 0.00000000 0.00000000 0.00000000 0.00000000 0.00000000 0.00000000 0.00000000 0.00000000 0.00000000 0.00000000 0.00000000 0.00000000 0.00000000 0.00000000 0.00000000 0.00000000 0.00000000 0.00000000 0.00000000 0.00000000 0.00000000 0.12823579 0.29853827 0.20330581 0.22717838 0.27437988 0.28724095 0.24711831 0.23584747 0.22847186 0.21233766 0.20209831 0.20592298 0.19906916 0.19436942 0.20247486 0.22087957 0.21168463 0.15383044 0.03890217 0.00000000 0.00000000
0.00000000 0.00000000 0.00000000 0.00000000 0.10277845 0.00000000 0.00000000 0.00000000 0.07041206 0.00000000 0.00000000 0.00000000 0.00000000 0.01093827 0.00000000 0.00000000 0.00000000 0.00000000 0.00000000 0.06695894 0.00000000 0.00000000 0.00000000 0.00000000 0.00000000 0.00000000 0.00000000 0.00000000 0.00000000 0.00000000 0.00000000 0.00000000 0.00000000 0.00000000 0.00000000 0.00000000 0.00000000 0.00000000 0.00000000 0.00000000 0.12527344 0.36747128 0.32202268 0.18284115 0.22595696 0.20675421 0.18543591 0.19959320 0.19201000 0.18472214 0.18487485 0.19076709 0.19880837 0.20472205 0.19072609 0.16953322 0.16184694 0.17338395 0.26932096 0.26879257 0.00000000 0.00000000
0.00000000 0.00000000 0.00000000 0.00000000 0.00000000 0.00000000 0.09699593 0.14575824 0.00000000 0.00000000 0.00000000 0.01163882 0.00000000 0.02597183 0.00000000 0.00000000 0.00000000 0.00000000 0.08333144 0.03058368 0.00000000 0.00000000 0.00000000 0.00000000 0.00000000 0.00000000 0.00000000 0.00000000 0.00000000 0.00000000 0.00000000 0.00000000 0.00000000 0.00000000 0.00000000 0.00000000 0.00000000 0.00000000 0.02143954 0.07214294 0.38180932 0.33363876 0.17933145 0.18551962 0.20063041 0.21089695 0.20280403 0.19249235 0.19101530 0.18977119 0.19165981 0.20602353 0.22316171 0.19999643 0.18784432 0.16647446 0.18021032 0.21322027 0.24803498 0.24752983 0.19882876 0.00000000
0.00000000 0.00000000 0.00000000 0.00000000 0.00000000 0.00000000 0.00000000 0.00000000 0.00000000 0.00000000 0.00000000 0.00000000 0.00000000 0.00000000 0.00000000 0.00000000 0.00000000 0.00000000 0.00000000 0.00000000 0.00000000 0.00000000 0.00000000 0.00000000 0.00000000 0.00000000 0.00000000 0.00000000 0.00000000 0.00000000 0.00000000 0.00000000 0.00000000 0.00000000 0.00000000 0.00000000 0.03141604 0.03385323 0.31266040 0.55756557 0.47246641 0.16421208 0.17776868 0.17339656 0.18080579 0.18014972 0.17823049 0.18633795 0.18277930 0.18392232 0.18694249 0.17644645 0.18147238 0.18109845 0.19330031 0.18445490 0.18381034 0.18502343 0.23227020 0.29505181 0.18127407 0.00000000
0.00000000 0.00000000 0.00000000 0.00000000 0.00000000 0.00000000 0.00000000 0.00000000 0.00000000 0.00000000 0.00000000 0.00000000 0.00000000 0.00000000 0.00000000 0.00000000 0.00000000 0.00000000 0.00000000 0.00000000 0.00000000 0.00000000 0.00000000 0.00000000 0.00000000 0.00000000 0.00000000 0.00000000 0.00000000 0.00000000 0.00000000 0.00000000 0.00000000 0.00000000 0.00000000 0.02071399 0.09097789 0.75067198 0.73389685 0.63595152 0.18678571 0.20294808 0.20787972 0.20805314 0.19612502 0.19876073 0.20150328 0.19868343 0.24287648 0.22599974 0.13156882 0.02238590 0.10124815 0.20361878 0.20062266 0.17996407 0.19792722 0.22253737 0.19201773 0.23731108 0.18170808 0.00000000
0.00000000 0.00000000 0.00000000 0.00000000 0.00000000 0.00000000 0.00000000 0.00000000 0.00000000 0.00000000 0.00000000 0.00000000 0.00000000 0.00000000 0.00000000 0.00000000 0.00000000 0.00000000 0.00000000 0.00000000 0.00000000 0.00000000 0.00000000 0.00000000 0.00000000 0.00000000 0.00000000 0.00000000 0.00000000 0.00000000 0.00000000 0.00000000 0.00000000 0.00000000 0.00000000 0.12245478 0.51507342 0.63117445 0.17253603 0.18019111 0.18232678 0.18130553 0.19005637 0.17907485 0.18722849 0.19093536 0.18307488 0.17999542 0.28532299 0.08472010 0.18933618 0.14176553 0.02696439 0.17225802 0.17718330 0.21356282 0.19676195 0.00000000 0.14080580 0.23766096 0.16493523 0.00000000
0.00000000 0.00000000 0.00000000 0.00000000 0.00000000 0.00000000 0.00000000 0.00000000 0.00000000 0.00000000 0.00000000 0.00000000 0.00000000 0.00000000 0.00000000 0.00000000 0.00000000 0.00000000 0.00000000 0.00000000 0.00000000 0.00000000 0.00000000 0.00000000 0.00000000 0.00000000 0.00000000 0.00000000 0.00000000 0.00000000 0.00000000 0.00000000 0.00000000 0.00000000 0.09393670 0.36638069 0.37889487 0.16411042 0.18698785 0.18809459 0.17909627 0.18441673 0.18203388 0.18142490 0.17857420 0.17606223 0.18516023 0.18439078 0.20323823 0.35661659 0.51385903 0.51385951 0.40758827 0.18135425 0.23059677 0.23002021 0.21739621 0.29892170 0.20470978 0.20387200 0.13790822 0.00000000
0.00000000 0.00000000 0.00000000 0.00000000 0.00000000 0.00000000 0.00000000 0.00000000 0.00000000 0.00000000 0.00000000 0.00000000 0.00000000 0.00000000 0.00000000 0.00000000 0.00000000 0.00000000 0.00000000 0.00000000 0.00000000 0.00000000 0.00000000 0.00000000 0.00000000 0.00000000 0.00000000 0.00000000 0.00000000 0.00000000 0.00000000 0.00000000 0.00000000 0.01006182 0.12116614 0.25771433 0.15304674 0.17132187 0.17179947 0.17007935 0.17690051 0.17194703 0.17534344 0.17322809 0.17702046 0.17951076 0.17684278 0.17884010 0.22159457 0.30007613 0.53440207 0.64807379 0.30108458 0.17898947 0.19215673 0.22145946 0.59226191 0.56583703 0.15117224 0.16368055 0.11275878 0.00000000
0.00000000 0.00000000 0.00000000 0.00000000 0.00000000 0.00000000 0.00000000 0.00000000 0.00000000 0.00000000 0.00000000 0.00000000 0.00000000 0.00000000 0.00000000 0.00000000 0.00000000 0.00000000 0.00000000 0.00000000 0.00000000 0.00000000 0.00000000 0.00000000 0.00000000 0.00000000 0.00000000 0.00000000 0.00000000 0.00000000 0.00000000 0.00000000 0.00000000 0.07935444 0.20019703 0.18905982 0.19658847 0.20597543 0.21085399 0.21304911 0.21041763 0.21139920 0.21481952 0.22224855 0.20492929 0.21769872 0.21440139 0.21293555 0.22047547 0.22180657 0.23092610 0.22063765 0.22127144 0.22342813 0.21207190 0.30131793 0.23935950 0.22238447 0.17378008 0.08551268 0.10440394 0.00000000
0.00000000 0.00000000 0.00000000 0.00000000 0.00000000 0.00000000 0.00000000 0.00000000 0.00000000 0.00000000 0.00000000 0.00000000 0.00000000 0.00000000 0.00000000 0.00000000 0.00000000 0.00000000 0.00000000 0.00000000 0.00000000 0.00000000 0.00000000 0.00000000 0.00000000 0.00000000 0.00000000 0.00000000 0.00000000 0.00000000 0.00000000 0.00000000 0.00000000 0.06677337 0.24089094 0.17726400 0.18195593 0.18868794 0.19242257 0.19439319 0.19536801 0.19412388 0.19861023 0.19486274 0.19525759 0.19883806 0.19291507 0.19592832 0.19892643 0.20481992 0.19723572 0.19256094 0.18196407 0.18705791 0.19275968 0.19611385 0.18385795 0.15490371 0.10518874 0.06935091 0.00000000 0.00000000
0.00000000 0.00000000 0.00000000 0.00000000 0.00000000 0.00000000 0.00000000 0.00000000 0.00000000 0.00000000 0.00000000 0.00000000 0.00000000 0.00000000 0.00000000 0.00000000 0.00000000 0.00000000 0.00000000 0.00000000 0.00000000 0.00000000 0.00000000 0.00000000 0.00000000 0.00000000 0.00000000 0.00000000 0.00000000 0.00000000 0.00000000 0.00000000 0.08249347 0.25005794 0.23407878 0.17623749 0.17915671 0.17754073 0.18354912 0.18788131 0.19151415 0.18967833 0.18895505 0.19245718 0.19231573 0.18722004 0.19190368 0.19670716 0.18975057 0.17268592 0.17638837 0.19203278 0.18639992 0.19243741 0.17935729 0.17493181 0.17225707 0.15081111 0.11202168 0.04983628 0.00000000 0.00000000
0.00000000 0.00000000 0.00000000 0.00000000 0.00000000 0.00000000 0.00000000 0.00000000 0.00000000 0.00000000 0.00000000 0.00000000 0.00000000 0.00000000 0.00000000 0.00000000 0.00000000 0.00000000 0.00000000 0.00000000 0.00000000 0.00000000 0.00000000 0.00000000 0.00000000 0.00000000 0.00000000 0.00000000 0.00000000 0.00000000 0.02112288 0.00020069 0.14689448 0.28815317 0.20123163 0.18439069 0.18993956 0.20379755 0.19774443 0.19606066 0.19681393 0.20342042 0.20594782 0.19762105 0.19588421 0.19933131 0.19934262 0.20199335 0.19878638 0.20741265 0.19718853 0.18707860 0.19831112 0.20380275 0.19691508 0.19459160 0.18529855 0.18274260 0.08264273 0.02735051 0.00000000 0.00000000
0.00000000 0.00000000 0.00000000 0.00000000 0.00000000 0.00000000 0.00000000 0.00000000 0.00000000 0.00000000 0.00000000 0.00000000 0.00000000 0.00000000 0.00000000 0.00000000 0.00000000 0.00000000 0.00000000 0.00000000 0.00000000 0.00000000 0.00000000 0.00000000 0.00000000 0.00000000 0.00000000 0.00000000 0.00000000 0.02176594 0.03128614 0.30100259 0.54950058 0.29203835 0.18850936 0.19636680 0.20329902 0.19759396 0.18948913 0.19345093 0.20074700 0.19728290 0.19565453 0.19777530 0.19734356 0.19369923 0.19565250 0.19502509 0.20260678 0.20546854 0.19043091 0.19428527 0.19370618 0.19095944 0.18484665 0.17824259 0.17061076 0.16733976 0.08306068 0.06049914 0.00000000 0.00000000
0.00000000 0.00000000 0.00000000 0.00000000 0.00000000 0.00000000 0.00000000 0.00000000 0.00000000 0.00000000 0.00000000 0.00000000 0.00000000 0.00000000 0.00000000 0.00000000 0.00000000 0.00000000 0.00000000 0.00000000 0.00000000 0.00000000 0.00000000 0.00000000 0.00000000 0.00000000 0.00000000 0.00000000 0.02593940 0.02951258 0.34702453 0.56121421 0.41079760 0.18575567 0.18794537 0.18478031 0.17423129 0.19256568 0.18833636 0.18601017 0.19098788 0.19012396 0.19212021 0.19882485 0.19290279 0.19143742 0.19382544 0.19759592 0.19644223 0.19288407 0.19602136 0.18116079 0.16480240 0.17509547 0.16488364 0.11212558 0.00000000 0.06233788 0.09193866 0.01619810 0.00000000 0.00000000
0.00000000 0.00000000 0.00000000 0.00000000 0.00000000 0.00000000 0.00000000 0.00000000 0.00000000 0.00000000 0.00000000 0.00000000 0.00000000 0.00000000 0.00000000 0.00000000 0.00000000 0.00000000 0.00000000 0.00000000 0.00000000 0.00000000 0.00000000 0.00000000 0.00000000 0.00000000 0.00000000 0.02482827 0.01214703 0.32774875 0.53043449 0.38574144 0.17753744 0.18521997 0.18460627 0.18720780 0.18140058 0.18755364 0.19333375 0.19771835 0.19275235 0.19250920 0.19459237 0.19142689 0.19196557 0.19470966 0.19876361 0.19015731 0.18970166 0.19447027 0.19449589 0.18978266 0.16965374 0.07444577 0.00000000 0.04280136 0.07497927 0.00000000 0.00000000 0.00000000 0.00000000 0.00000000
0.00000000 0.00000000 0.00000000 0.00000000 0.00000000 0.00000000 0.00000000 0.00000000 0.00000000 0.00000000 0.00000000 0.00000000 0.00000000 0.00000000 0.00000000 0.00000000 0.00000000 0.00000000 0.00000000 0.00000000 0.00000000 0.00000000 0.00000000 0.00000000 0.00000000 0.00000000 0.03594511 0.04501245 0.46905413 0.55646634 0.35747787 0.15932022 0.18290362 0.18868019 0.18575625 0.18849254 0.18271449 0.18723232 0.18704413 0.18739200 0.18924785 0.18927798 0.19509745 0.19777872 0.19874883 0.19385095 0.18773583 0.18780512 0.19439442 0.19617988 0.18725742 0.18100978 0.16997179 0.12718740 0.00000000 0.00000000 0.00000000 0.01893719 0.00000000 0.00000000 0.00000000 0.00000000
0.00000000 0.00000000 0.00000000 0.00000000 0.00000000 0.00000000 0.00000000 0.00000000 0.00000000 0.00000000 0.00000000 0.00000000 0.00000000 0.00000000 0.00000000 0.00000000 0.00000000 0.00000000 0.00000000 0.00000000 0.00000000 0.00000000 0.00000000 0.00000000 0.02680822 0.04074659 0.15308702 0.70035577 0.62527680 0.36635637 0.18136923 0.18186186 0.18571442 0.18909459 0.18508612 0.18053690 0.17397404 0.18834485 0.18837951 0.18989964 0.19663617 0.19260922 0.19485813 0.19688362 0.19555110 0.19229218 0.19197908 0.19217716 0.18558393 0.18891984 0.19360894 0.18664987 0.15848002 0.11039852 0.05603732 0.00000000 0.00000000 0.00000000 0.00000000 0.00000000 0.00000000 0.00000000
0.00000000 0.00000000 0.00000000 0.00000000 0.00000000 0.00000000 0.00000000 0.00000000 0.00000000 0.00000000 0.00000000 0.00000000 0.00000000 0.00000000 0.00000000 0.00000000 0.00000000 0.00000000 0.00000000 0.00000000 0.00000000 0.00000000 0.00000000 0.00000000 0.00840398 0.42941034 0.66448641 0.64283526 0.15886289 0.19429040 0.19039585 0.20009419 0.18529928 0.18591844 0.18350478 0.18333748 0.16994692 0.19133157 0.20057854 0.18300945 0.18796392 0.19257346 0.19463500 0.18911274 0.18440484 0.18327054 0.18786301 0.18916813 0.17957745 0.17243439 0.17957433 0.18163727 0.16280125 0.16539504 0.08621544 0.00000000 0.00000000 0.00000000 0.00000000 0.00000000 0.00000000 0.00000000
0.00000000 0.00000000 0.00000000 0.00000000 0.00000000 0.00000000 0.00000000 0.00000000 0.00000000 0.00000000 0.00000000 0.00000000 0.00000000 0.00000000 0.00000000 0.00000000 0.00000000 0.00000000 0.00000000 0.00000000 0.00000000 0.00000000 0.00000000 0.00000000 0.29841232 0.54378909 0.35312018 0.18884085 0.19513331 0.19894046 0.19515592 0.18323177 0.18588111 0.18810864 0.18745282 0.19099237 0.17966685 0.18474244 0.19045065 0.19036797 0.19457719 0.19242640 0.19418184 0.19414462 0.19311254 0.19648027 0.18789840 0.18220037 0.19371499 0.18568131 0.17573005 0.17803219 0.16460319 0.16376743 0.08460572 0.00000000 0.00000000 0.00000000 0.00000000 0.00000000 0.00000000 0.00000000
0.00000000 0.00000000 0.00000000 0.00000000 0.00000000 0.00000000 0.00000000 0.00000000 0.00000000 0.00000000 0.00000000 0.00000000 0.00000000 0.00000000 0.00000000 0.00000000 0.00000000 0.00000000 0.00000000 0.00000000 0.00000000 0.00000000 0.00000000 0.14088623 0.36789912 0.29064047 0.19439939 0.20577078 0.19974752 0.17962104 0.18495700 0.19560461 0.18921264 0.18788932 0.19453534 0.18970953 0.18053965 0.18519941 0.19566920 0.19027373 0.19051230 0.19150254 0.19548105 0.19426207 0.19383988 0.20080163 0.20699038 0.19754037 0.20956688 0.19672334 0.18666334 0.19050276 0.18356004 0.13322128 0.05840074 0.00000000 0.00000000 0.00000000 0.00000000 0.00000000 0.00000000 0.00000000
0.00000000 0.00000000 0.00000000 0.00000000 0.00000000 0.00000000 0.00000000 0.00000000 0.00000000 0.00000000 0.00000000 0.00000000 0.00000000 0.00000000 0.00000000 0.00000000 0.00000000 0.00000000 0.00000000 0.00000000 0.00000000 0.00000000 0.08258560 0.16907196 0.23095912 0.17923264 0.17895967 0.17604148 0.18971613 0.18629549 0.18553087 0.19172035 0.18972655 0.18689118 0.18373477 0.17877117 0.16581663 0.18216656 0.19199841 0.18304461 0.19188008 0.18821922 0.19594634 0.19033998 0.18894079 0.19260709 0.19702788 0.21112567 0.19627996 0.19588690 0.19398069 0.15235105 0.13830838 0.10284118 0.00370974 0.00000000 0.00000000 0.00000000 0.00000000 0.00000000 0.00000000 0.00000000
0.00000000 0.00000000 0.00000000 0.00000000 0.00000000 0.00000000 0.00000000 0.00000000 0.00000000 0.00000000 0.00000000 0.00000000 0.00000000 0.00000000 0.00000000 0.00000000 0.00000000 0.00000000 0.00000000 0.00000000 0.00000000 0.00000000 0.07844755 0.16152774 0.15549880 0.16899335 0.17672646 0.17507145 0.17370917 0.17041835 0.16973157 0.18954441 0.18752915 0.18506758 0.18053287 0.18017012 0.17906815 0.18375842 0.18874705 0.19316599 0.18757801 0.18541214 0.18352638 0.18635051 0.18880139 0.19202109 0.19036405 0.19159238 0.18187118 0.17132235 0.18460396 0.14466611 0.05792741 0.00000000 0.00000000 0.00000000 0.00000000 0.00000000 0.00000000 0.00000000 0.00000000 0.00000000
0.00000000 0.00000000 0.00000000 0.00000000 0.00000000 0.00000000 0.00000000 0.00000000 0.00000000 0.00000000 0.00000000 0.00000000 0.00000000 0.00000000 0.00000000 0.00000000 0.00000000 0.00000000 0.00000000 0.00000000 0.00000000 0.04219075 0.13958624 0.20320055 0.18453854 0.18618408 0.19258326 0.19926630 0.19219732 0.17978805 0.17578880 0.19226435 0.19820952 0.19394067 0.20386887 0.21225007 0.19965395 0.20537654 0.20262933 0.19202538 0.19984923 0.20045930 0.19999917 0.20085607 0.19728278 0.19890125 0.19719863 0.18872452 0.18172269 0.18719654 0.16677859 0.19401814 0.07335695 0.00000000 0.00000000 0.00000000 0.00000000 0.00000000 0.00000000 0.00000000 0.00000000 0.00000000
0.00000000 0.00000000 0.00000000 0.00000000 0.00000000 0.00000000 0.00000000 0.00000000 0.00000000 0.00000000 0.00000000 0.00000000 0.00000000 0.00000000 0.00000000 0.00000000 0.00000000 0.00000000 0.00000000 0.00000000 0.00000000 0.08189107 0.15735275 0.16485173 0.17697173 0.18854313 0.19001959 0.18685581 0.19667302 0.18779686 0.16142684 0.18334903 0.18892528 0.19563074 0.18961661 0.19596221 0.19066796 0.19483809 0.19232899 0.19406199 0.18783750 0.19233494 0.19601229 0.18835412 0.18958291 0.18833119 0.18575908 0.20146695 0.19605120 0.19144224 0.17225155 0.08731899 0.06419387 0.01744905 0.00000000 0.00000000 0.00000000 0.00000000 0.00000000 0.00000000 0.00000000 0.00000000
0.00000000 0.00000000 0.00000000 0.00000000 0.00000000 0.00000000 0.00000000 0.00000000 0.00000000 0.00000000 0.00000000 0.00000000 0.00000000 0.00000000 0.00000000 0.00000000 0.00000000 0.00000000 0.00000000 0.00000000 0.00000000 0.04958822 0.13597748 0.16911750 0.17587924 0.17826051 0.17654797 0.18990032 0.19417942 0.20744257 0.18890475 0.16836742 0.18586995 0.18794619 0.18923515 0.18715264 0.18135539 0.18458575 0.18552116 0.19258103 0.19604298 0.18562779 0.19053361 0.19013639 0.19230932 0.19259383 0.18832392 0.19464137 0.18595922 0.18585272 0.14539619 0.08754800 0.02001549 0.00000000 0.00000000 0.00000000 0.00000000 0.00000000 0.00000000 0.00000000 0.00000000 0.00000000
0.00000000 0.00000000 0.00000000 0.00000000 0.00000000 0.00000000 0.00000000 0.00000000 0.00000000 0.00000000 0.00000000 0.00000000 0.00000000 0.00000000 0.00000000 0.00000000 0.00000000 0.00000000 0.00000000 0.00000000 0.03046258 0.04666067 0.11459069 0.18634422 0.19125293 0.19360916 0.19659463 0.19460812 0.20105426 0.20485063 0.21535350 0.20832834 0.18925290 0.19170247 0.19372670 0.19367144 0.19869360 0.20589152 0.18919317 0.19981685 0.19932596 0.19288830 0.19134790 0.20178823 0.20107158 0.19173791 0.19545949 0.19901346 0.19917139 0.18662889 0.17641258 0.14869741 0.06392400 0.00000000 0.00000000 0.00000000 0.00000000 0.00000000 0.00000000 0.00000000 0.00000000 0.00000000
0.00000000 0.00000000 0.00000000 0.00000000 0.00000000 0.00000000 0.00000000 0.00000000 0.00000000 0.00000000 0.00000000 0.00000000 0.00000000 0.00000000 0.00000000 0.00000000 0.00000000 0.00000000 0.00000000 0.00000000 0.06532535 0.16413955 0.16590720 0.18013366 0.18119355 0.18171157 0.18281040 0.19405800 0.19810742 0.19734548 0.19686136 0.18241821 0.18751432 0.19100222 0.19039139 0.20057102 0.18988541 0.18424483 0.19282229 0.18947870 0.19448851 0.19547951 0.19176622 0.19495878 0.18841164 0.19050919 0.19222650 0.19331047 0.18795809 0.18798620 0.14658208 0.14622468 0.07629637 0.00000000 0.00000000 0.00000000 0.00000000 0.00000000 0.00000000 0.00000000 0.00000000 0.00000000
0.00000000 0.00000000 0.00000000 0.00000000 0.00000000 0.00000000 0.00000000 0.00000000 0.00000000 0.00000000 0.00000000 0.00000000 0.00000000 0.00000000 0.00000000 0.00000000 0.00000000 0.00000000 0.00000000 0.00716432 0.04980836 0.09857548 0.17381486 0.16949394 0.17256638 0.17365223 0.17950898 0.18206647 0.18694614 0.18630104 0.18935099 0.19822696 0.17721611 0.18894087 0.18766887 0.18876584 0.19204769 0.18888800 0.18952069 0.19490638 0.18675533 0.18827666 0.19153117 0.18781748 0.19184175 0.18958361 0.18745483 0.18715465 0.18482561 0.18604879 0.15046012 0.13465898 0.00000000 0.00000000 0.00000000 0.00000000 0.00000000 0.00000000 0.00000000 0.00000000 0.00000000 0.00000000
0.00000000 0.00000000 0.00000000 0.00000000 0.00000000 0.00000000 0.00000000 0.00000000 0.00000000 0.00000000 0.00000000 0.00000000 0.00000000 0.00000000 0.00000000 0.00000000 0.00000000 0.00000000 0.00298660 0.03181718 0.24372503 0.24176358 0.18944804 0.18352395 0.18562582 0.19230047 0.19269866 0.19552258 0.19218096 0.19194327 0.19416605 0.19594775 0.18296766 0.19175211 0.19693922 0.19406103 0.20171872 0.19992746 0.19825681 0.19265267 0.19366544 0.19554995 0.19413976 0.19281070 0.19263582 0.19217628 0.19734959 0.19968714 0.19090948 0.21044990 0.17474055 0.22616592 0.01011147 0.00000000 0.00000000 0.00000000 0.00000000 0.00000000 0.00000000 0.00000000 0.00000000 0.00000000
0.00000000 0.00000000 0.00000000 0.00000000 0.00000000 0.00000000 0.00000000 0.00000000 0.00000000 0.00000000 0.00000000 0.00000000 0.00000000 0.00000000 0.00000000 0.00000000 0.00000000 0.00000000 0.00535182 0.23058142 0.39188781 0.15549572 0.16302240 0.16939047 0.18041719 0.17821373 0.17641672 0.18066037 0.17846531 0.18466760 0.19057393 0.18433978 0.16684464 0.17591101 0.17888457 0.18408653 0.18382514 0.17508960 0.17975798 0.18152320 0.18345167 0.18090688 0.18178569 0.18499623 0.18462910 0.18387218 0.18595812 0.17646763 0.19094485 0.19137585 0.20294815 0.30649421 0.11266459 0.00000000 0.00000000 0.00000000 0.00000000 0.00000000 0.00000000 0.00000000 0.00000000 0.00000000
0.00000000 0.00000000 0.00000000 0.00000000 0.00000000 0.00000000 0.00000000 0.00000000 0.00000000 0.00000000 0.00000000 0.00000000 0.00000000 0.00000000 0.00000000 0.00000000 0.00000000 0.00000000 0.11360098 0.25758594 0.24520288 0.18645774 0.18775028 0.18418230 0.18375361 0.18854652 0.19111425 0.18622597 0.19335161 0.18762404 0.18498933 0.19108643 0.18146195 0.17233846 0.18535863 0.19351724 0.19303147 0.19252996 0.19060649 0.19460478 0.19127086 0.18806940 0.18443225 0.19042818 0.19144852 0.18457709 0.18722066 0.18523155 0.18757255 0.19965746 0.22175601 0.31054983 0.19880182 0.00000000 0.00000000 0.00000000 0.00000000 0.00000000 0.00000000 0.00000000 0.00000000 0.00000000
0.00000000 0.00000000 0.00000000 0.00000000 0.00000000 0.00000000 0.00000000 0.00000000 0.00000000 0.00000000 0.00000000 0.00000000 0.00000000 0.00000000 0.00000000 0.00000000 0.00000000 0.00000000 0.07139527 0.16635998 0.18408410 0.18371561 0.18443456 0.18903309 0.18968089 0.19440003 0.19273596 0.19576888 0.19363706 0.19545320 0.20196196 0.20359886 0.17847100 0.18216984 0.18313123 0.19702113 0.19635764 0.20217642 0.19900393 0.19660185 0.19455858 0.19685446 0.19521005 0.19706511 0.19634919 0.19469891 0.19761726 0.19719394 0.19344260 0.19574162 0.23598684 0.26758054 0.28615513 0.00000000 0.00000000 0.00000000 0.00000000 0.00000000 0.00000000 0.00000000 0.00000000 0.00000000
0.00000000 0.00000000 0.00000000 0.00000000 0.00000000 0.00000000 0.00000000 0.00000000 0.00000000 0.00000000 0.00000000 0.00000000 0.00000000 0.00000000 0.00000000 0.00000000 0.00000000 0.04135620 0.05090751 0.11068080 0.17890751 0.17498891 0.18369605 0.18603985 0.18698020 0.18306041 0.18587154 0.19151080 0.18813549 0.19251977 0.19598585 0.19201571 0.18170579 0.18477008 0.18367732 0.19986933 0.18721747 0.19139750 0.18977913 0.19081134 0.19607389 0.19663797 0.18789664 0.19006740 0.18864648 0.19529721 0.19763196 0.19458142 0.19497316 0.19438337 0.19054395 0.23719206 0.30166304 0.03408274 0.00000000 0.00000000 0.00000000 0.00000000 0.00000000 0.00000000 0.00000000 0.00000000
0.00000000 0.00000000 0.00000000 0.00000000 0.00000000 0.00000000 0.00000000 0.00000000 0.00000000 0.00000000 0.00000000 0.00000000 0.00000000 0.00000000 0.00000000 0.00000000 0.00000000 0.04928473 0.06205637 0.17217708 0.18063186 0.18723616 0.18866216 0.17811435 0.18525176 0.18481779 0.18865791 0.19461164 0.19223931 0.19508101 0.19162545 0.19632655 0.19162145 0.19017419 0.18532288 0.18572885 0.19049774 0.19250034 0.19434914 0.19320759 0.19033146 0.19399947 0.18684894 0.19520745 0.19422202 0.19028859 0.19517939 0.19519950 0.18660350 0.18078898 0.20721000 0.19446136 0.19298604 0.01524442 0.00000000 0.00000000 0.00000000 0.00000000 0.00000000 0.00000000 0.00000000 0.00000000
0.00000000 0.00000000 0.00000000 0.00000000 0.00000000 0.00000000 0.00000000 0.00000000 0.00000000 0.00000000 0.00000000 0.00000000 0.00000000 0.00000000 0.00000000 0.00000000 0.00000000 0.03361589 0.00000000 0.17129105 0.17851837 0.19745643 0.16965955 0.17824927 0.18181838 0.18737295 0.18690810 0.19321471 0.19083941 0.18621723 0.19045170 0.19588467 0.18415141 0.18727359 0.17993985 0.18660678 0.19553119 0.19041255 0.18797514 0.18958470 0.18910700 0.18838765 0.19502053 0.19186431 0.18845943 0.18873559 0.19280727 0.18288782 0.18171437 0.19015367 0.17972353 0.16003123 0.20215194 0.05979852 0.00000000 0.00000000 0.00000000 0.00000000 0.00000000 0.00000000 0.00000000 0.00000000
0.00000000 0.00000000 0.00000000 0.00000000 0.00000000 0.00000000 0.00000000 0.00000000 0.00000000 0.00000000 0.00000000 0.00000000 0.00000000 0.00000000 0.00000000 0.00000000 0.00000000 0.00941421 0.00000000 0.17292315 0.17214772 0.17915303 0.17935146 0.17058504 0.18823233 0.18928422 0.18554775 0.18790354 0.18892606 0.18926699 0.18520863 0.18208444 0.18565767 0.18555285 0.18468657 0.17985433 0.19343451 0.18751584 0.19148856 0.19020699 0.19047146 0.18965361 0.18710342 0.19336779 0.19104800 0.18570064 0.19163871 0.18382512 0.18119471 0.18267617 0.18637700 0.15117705 0.09582007 0.00000000 0.00000000 0.00000000 0.00000000 0.00000000 0.00000000 0.00000000 0.00000000 0.00000000
0.00000000 0.00000000 0.00000000 0.00000000 0.00000000 0.00000000 0.00000000 0.00000000 0.00000000 0.00000000 0.00000000 0.00000000 0.00000000 0.00000000 0.00000000 0.00000000 0.00000000 0.00000000 0.01443038 0.16901478 0.18092407 0.18608424 0.17911343 0.18587768 0.18887834 0.18742107 0.19180556 0.19310950 0.18932235 0.19296765 0.19011438 0.19462502 0.19508462 0.18966906 0.19036061 0.19257171 0.19076288 0.19106440 0.19362393 0.19218814 0.19080301 0.19117779 0.19115026 0.19472028 0.19005302 0.19854671 0.19296318 0.19337256 0.19105098 0.18365043 0.14968860 0.13218319 0.09103803 0.00000000 0.00000000 0.00000000 0.00000000 0.00000000 0.00000000 0.00000000 0.00000000 0.00000000
0.00000000 0.00000000 0.00000000 0.00000000 0.00000000 0.00000000 0.00000000 0.00000000 0.00000000 0.00000000 0.00000000 0.00000000 0.00000000 0.00000000 0.00000000 0.00000000 0.00000000 0.00962440 0.05740985 0.18109661 0.18574160 0.18415730 0.18955727 0.18724304 0.18370548 0.19107248 0.18934384 0.19128436 0.18838717 0.19551048 0.20094764 0.20216645 0.19047499 0.17980717 0.18762901 0.19527319 0.18249440 0.18690012 0.18345074 0.19314821 0.18843645 0.19860226 0.18893078 0.19746436 0.19369772 0.19262215 0.19102712 0.18665795 0.18665618 0.18869328 0.19189321 0.17826277 0.09065102 0.00000000 0.00000000 0.00000000 0.00000000 0.00000000 0.00000000 0.00000000 0.00000000 0.00000000
0.00000000 0.00000000 0.00000000 0.00000000 0.00000000 0.00000000 0.00000000 0.00000000 0.00000000 0.00000000 0.00000000 0.00000000 0.00000000 0.00000000 0.00000000 0.00000000 0.00000000 0.02543822 0.11377448 0.17167839 0.17466375 0.18710339 0.18442972 0.17783512 0.18296120 0.18066457 0.18897100 0.18995292 0.18682817 0.19109780 0.18808520 0.18815528 0.19250099 0.18593015 0.17886932 0.17784633 0.18428761 0.18334064 0.18332598 0.18418083 0.18404616 0.18314902 0.19056809 0.19075845 0.18601350 0.18738258 0.18435980 0.17531011 0.17293584 0.18500997 0.16632861 0.23891726 0.16588895 0.00000000 0.00000000 0.00000000 0.00000000 0.00000000 0.00000000 0.00000000 0.00000000 0.00000000
0.00000000 0.00000000 0.00000000 0.00000000 0.00000000 0.00000000 0.00000000 0.00000000 0.00000000 0.00000000 0.00000000 0.00000000 0.00000000 0.00000000 0.00000000 0.00000000 0.00000000 0.02431702 0.11611830 0.17925218 0.18283154 0.18333043 0.18252580 0.17734735 0.17793275 0.17307208 0.18097910 0.18394394 0.18717791 0.18280341 0.18753687 0.18408193 0.18655376 0.18417539 0.18716063 0.18414356 0.18660325 0.19077824 0.18731999 0.18809782 0.18661232 0.18576078 0.19352154 0.19011119 0.19143578 0.18590304 0.19369735 0.18011136 0.18687041 0.20201464 0.21253049 0.17985706 0.08805627 0.00000000 0.00000000 0.00000000 0.00000000 0.00000000 0.00000000 0.00000000 0.00000000 0.00000000
0.00000000 0.00000000 0.00000000 0.00000000 0.00000000 0.00000000 0.00000000 0.00000000 0.00000000 0.00000000 0.00000000 0.00000000 0.00000000 0.00000000 0.00000000 0.00000000 0.00000000 0.00294367 0.09108193 0.17970960 0.18662278 0.19218640 0.18654847 0.18493658 0.18667148 0.19206263 0.19027367 0.17886305 0.18290311 0.18256781 0.19118720 0.19215928 0.19088256 0.19893010 0.19139197 0.19021046 0.19025172 0.19376162 0.19445634 0.18823336 0.18773469 0.19124210 0.19568810 0.19309817 0.18982968 0.19733149 0.18700042 0.19166674 0.19506335 0.18847869 0.19164467 0.26950338 0.18372752 0.00000000 0.00000000 0.00000000 0.00000000 0.00000000 0.00000000 0.00000000 0.00000000 0.00000000
0.00000000 0.00000000 0.00000000 0.00000000 0.00000000 0.00000000 0.00000000 0.00000000 0.00000000 0.00000000 0.00000000 0.00000000 0.00000000 0.00000000 0.00000000 0.00000000 0.00000000 0.00000000 0.01537923 0.17539133 0.17811599 0.17781159 0.18663113 0.18268445 0.17834175 0.18221338 0.18080662 0.18358035 0.17811432 0.17666650 0.17607781 0.17916955 0.18245555 0.17712185 0.17351115 0.17894365 0.17492925 0.18741560 0.19046818 0.18363170 0.18739052 0.18215218 0.18336013 0.18904458 0.19085492 0.18090916 0.17109066 0.18455763 0.17457183 0.16654316 0.20781963 0.21817049 0.11200701 0.00000000 0.00000000 0.00000000 0.00000000 0.00000000 0.00000000 0.00000000 0.00000000 0.00000000
0.00000000 0.00000000 0.00000000 0.00000000 0.00000000 0.00000000 0.00000000 0.00000000 0.00000000 0.00000000 0.00000000 0.00000000 0.00000000 0.00000000 0.00000000 0.00000000 0.00000000 0.00000000 0.00000000 0.15888348 0.15958810 0.16647376 0.17242596 0.16894527 0.17480305 0.17487043 0.17637420 0.17673166 0.17594129 0.17952439 0.17263441 0.17585072 0.16339117 0.18313102 0.17080837 0.16325313 0.17428643 0.17212485 0.16907340 0.17425503 0.16920266 0.16976209 0.17543343 0.17974545 0.17011082 0.18572477 0.19622572 0.16805941 0.17078286 0.15744266 0.13866797 0.13314950 0.03645190 0.00000000 0.00000000 0.00000000 0.00000000 0.00000000 0.00000000 0.00000000 0.00000000 0.00000000
0.00000000 0.00000000 0.00000000 0.00000000 0.00000000 0.00000000 0.00000000 0.00000000 0.00000000 0.00000000 0.00000000 0.00000000 0.00000000 0.00000000 0.00000000 0.00000000 0.00000000 0.00000000 0.00000000 0.13679671 0.18506761 0.19071354 0.19459121 0.19617090 0.20705178 0.20194000 0.19521844 0.21038394 0.19682772 0.19070497 0.19578601 0.20209917 0.20048466 0.19899814 0.20493200 0.19786046 0.18703058 0.19212982 0.19723944 0.19189137 0.19528808 0.20244354 0.18850815 0.19319129 0.19552179 0.20185150 0.19493446 0.19208896 0.18821956 0.18125632 0.15288527 0.10267740 0.00000000 0.00000000 0.00000000 0.00000000 0.00000000 0.00000000 0.00000000 0.00000000 0.00000000 0.00000000
0.00000000 0.00000000 0.00000000 0.00000000 0.00000000 0.00000000 0.00000000 0.00000000 0.00000000 0.00000000 0.00000000 0.00000000 0.00000000 0.00000000 0.00000000 0.00000000 0.00000000 0.00000000 0.00000000 0.00400882 0.17973937 0.18755758 0.19842903 0.19113208 0.18960783 0.18567070 0.19023502 0.18837710 0.18589686 0.18867369 0.18565875 0.18861453 0.18453167 0.18998216 0.18166576 0.18056057 0.18210053 0.18834913 0.19228114 0.18613690 0.18466477 0.18712066 0.18849146 0.19391921 0.19116323 0.18834031 0.19052914 0.19332753 0.18262103 0.15732262 0.11076924 0.05851246 0.00000000 0.00000000 0.00000000 0.00000000 0.00000000 0.00000000 0.00000000 0.00000000 0.00000000 0.00000000
0.00000000 0.04446746 0.03106892 0.13287029 0.18490016 0.14827444 0.00000000 0.00000000 0.00000000 0.00758234 0.02850769 0.05985042 0.14695619 0.29938370 0.36339891 0.28325224 0.30940866 0.23435463 0.08336192 0.00000000 0.13643597 0.18212932 0.17884544 0.18335462 0.18757057 0.19468699 0.18877250 0.19098438 0.19186904 0.18675558 0.19353595 0.18884979 0.19146293 0.19200411 0.18446749 0.17595227 0.17900537 0.18642256 0.18534423 0.18674281 0.18723503 0.18520644 0.18911584 0.19083098 0.18030739 0.18024680 0.18306720 0.18392910 0.18321188 0.18977198 0.08750940 0.01079453 0.00000000 0.00000000 0.00000000 0.00000000 0.00000000 0.00000000 0.00000000 0.00000000 0.00000000 0.00000000
0.01712870 0.01057113 0.59077370 0.66969073 0.60430777 0.50453115 0.24372354 0.12649351 0.02268888 0.24959518 0.57595503 0.66129661 0.64115357 0.58782542 0.57530653 0.59341538 0.57260287 0.65941668 0.62619424 0.26906538 0.00000000 0.16741034 0.17358086 0.17766906 0.17713064 0.17967685 0.17724586 0.17472839 0.18517464 0.18152550 0.17869024 0.18344320 0.17990777 0.17995408 0.17667809 0.17431757 0.17013693 0.16874215 0.17764130 0.17706119 0.17828318 0.18225896 0.18127538 0.17715895 0.17644645 0.17936353 0.17885458 0.18936856 0.17519188 0.13649079 0.10666651 0.02829322 0.00000000 0.00000000 0.00000000 0.00000000 0.00000000 0.00000000 0.00000000 0.00000000 0.00000000 0.00000000
0.08954066 0.28011477 0.54790521 0.37017915 0.23348580 0.52556407 0.52912641 0.61246204 0.70999849 0.68238592 0.67446864 0.54318005 0.23594312 0.16258517 0.18542492 0.18490924 0.21363074 0.28539023 0.48794380 0.52410877 0.43113312 0.18502070 0.18259820 0.18024969 0.17714566 0.17858408 0.18777597 0.18664244 0.18563846 0.18068948 0.19683057 0.18001048 0.18298140 0.18578497 0.18195696 0.18738388 0.18359169 0.17865855 0.18383402 0.18645562 0.18600839 0.18657388 0.18057965 0.17901921 0.19702992 0.17625019 0.18418536 0.18924429 0.17232308 0.13456066 0.14617282 0.02484163 0.00000000 0.00000000 0.00000000 0.00000000 0.00000000 0.00000000 0.00000000 0.00000000 0.00000000 0.00000000
0.11379360 0.14656150 0.15492094 0.17947592 0.27323854 0.26030838 0.41521987 0.60311675 0.44859666 0.15009230 0.17140575 0.17664625 0.17577702 0.17496708 0.17441654 0.17812766 0.18016186 0.23643939 0.28464514 0.25088465 0.35910052 0.25430155 0.18157116 0.18361446 0.18356417 0.18254478 0.17746621 0.18266544 0.18974069 0.18378168 0.18096957 0.18190642 0.18532218 0.18016888 0.18220729 0.19052379 0.18839969 0.18132542 0.18874045 0.18579577 0.18348828 0.18083012 0.18611953 0.19147234 0.18966366 0.17530020 0.16856085 0.18401925 0.14983869 0.12370943 0.05351444 0.00000000 0.00000000 0.00000000 0.00000000 0.00000000 0.00000000 0.00000000 0.00000000 0.00000000 0.00000000 0.00000000
0.04221753 0.03656851 0.16497150 0.16406512 0.16502064 0.17814162 0.18408406 0.16975695 0.17018339 0.17153944 0.17377633 0.17148012 0.17333764 0.17707224 0.17158228 0.16959158 0.17268354 0.17657155 0.17610902 0.19393103 0.17553481 0.17239353 0.17225784 0.17707013 0.16980782 0.17645240 0.18128848 0.17634800 0.17956202 0.17543286 0.16979325 0.16886023 0.17031619 0.18379307 0.17728609 0.17714027 0.18601665 0.18060754 0.17921531 0.17360809 0.18909480 0.19163027 0.18058939 0.18773808 0.18743007 0.18689905 0.14294308 0.14176823 0.08555392 0.00000000 0.00000000 0.00000000 0.00000000 0.00000000 0.00000000 0.00000000 0.00000000 0.00000000 0.00000000 0.00000000 0.00000000 0.00000000
0.05851319 0.00000000 0.16549084 0.16797507 0.16929558 0.17308664 0.16848628 0.16611931 0.17029175 0.17061976 0.16815180 0.17225896 0.17373514 0.17315409 0.17521720 0.17675585 0.17285496 0.17858204 0.18239252 0.18006045 0.16837466 0.17575705 0.17563236 0.17447872 0.17656234 0.17161724 0.17287382 0.17705381 0.17500114 0.18397574 0.17337650 0.15326399 0.16506301 0.18445168 0.19021130 0.18176098 0.17014624 0.16836625 0.17592895 0.17442219 0.18229923 0.17894827 0.18011323 0.17503841 0.17797595 0.21941754 0.20094259 0.06156022 0.00000000 0.00000000 0.00000000 0.00000000 0.00000000 0.00000000 0.00000000 0.00000000 0.00000000 0.00000000 0.00000000 0.00000000 0.00000000 0.00000000
0.22180173 0.09747120 0.10221693 0.15755582 0.16419873 0.16500670 0.16543077 0.16395891 0.16289222 0.16336432 0.17485023 0.16590354 0.15654106 0.15594643 0.15851685 0.16209543 0.16133904 0.17120188 0.16148001 0.15986636 0.17116022 0.16857979 0.16423494 0.17047524 0.15660222 0.16141921 0.16123423 0.16831499 0.16058670 0.16218883 0.19745390 0.20706466 0.17311703 0.16790463 0.16989544 0.16603784 0.17173359 0.17590152 0.17384461 0.17321271 0.17704843 0.18558051 0.17359668 0.16953109 0.15426643 0.16915303 0.12775198 0.26939166 0.36827761 0.07121979 0.00000000 0.00000000 0.00000000 0.00000000 0.00000000 0.00000000 0.00000000 0.00000000 0.00000000 0.00000000 0.00000000 0.00000000
0.00000000 0.00000000 0.00000000 0.12105647 0.17077619 0.18168588 0.19071382 0.18957622 0.18379943 0.18185210 0.20453978 0.14072077 0.08239523 0.00000000 0.00000000 0.00000000 0.00000000 0.00000000 0.00000000 0.00000000 0.00244458 0.02961132 0.05818802 0.06268098 0.13373896 0.12439340 0.12497772 0.09308031 0.13275802 0.15512465 0.16260816 0.18571030 0.18030356 0.17242637 0.17569830 0.17472938 0.19001152 0.18970229 0.19103262 0.18222742 0.18086758 0.18326189 0.17857328 0.22134921 0.21332960 0.20635360 0.23817305 0.26540315 0.28983122 0.16947937 0.04279085 0.01901196 0.00000000 0.00000000 0.00000000 0.00000000 0.00000000 0.00000000 0.00000000 0.00000000 0.00000000 0.00000000
0.00000000 0.03649097 0.00000000 0.00000000 0.00000000 0.05528334 0.09907254 0.07942609 0.10402993 0.15463495 0.01847929 0.00000000 0.00000000 0.00000000 0.00000000 0.00000000 0.00000000 0.00000000 0.00000000 0.00000000 0.00000000 0.00000000 0.00000000 0.00000000 0.00000000 0.00000000 0.00000000 0.00000000 0.00000000 0.00000000 0.00000000 0.00000000 0.00000000 0.00000000 0.00000000 0.00000000 0.03175382 0.00000000 0.00000000 0.00000000 0.00000000 0.00000000 0.00000000 0.03311771 0.05632154 0.12759525 0.11513197 0.08130464 0.17628606 0.26593512 0.26710087 0.22885077 0.22100532 0.20334673 0.20761681 0.21392584 0.21485075 0.19892591 0.20518993 0.15840137 0.16734806 0.13940059
0.00048555 0.00000000 0.00000000 0.00000000 0.00000000 0.00000000 0.00000000 0.00000000 0.00000000 0.00000000 0.11913864 0.13399851 0.10729170 0.00000000 0.00000000 0.00000000 0.00000000 0.00000000 0.00000000 0.00000000 0.00000000 0.00000000 0.00000000 0.00000000 0.00000000 0.00000000 0.00000000 0.00000000 0.00000000 0.00000000 0.00000000 0.00000000 0.00000000 0.00000000 0.00000000 0.00000000 0.00000000 0.00000000 0.00000000 0.00000000 0.00000000 0.00000000 0.00000000 0.00000000 0.00000000 0.00000000 0.00000000 0.00000000 0.00000000 0.00000000 0.00000000 0.00000000 0.00000000 0.04509226 0.09917460 0.17320064 0.23892459 0.29559353 0.33143625 0.30334693 0.31344858 0.32560056
