0.40154964 0.40236300 0.40024233 0.40081906 0.40095943 0.40656203 0.40819508 0.40879500 0.41835219 0.41773391 0.41783696 0.42204678 0.42915553 0.42193508 0.42623705 0.42746824 0.43585002 0.43773156 0.43571877 0.44264477 0.44946706 0.44150096 0.44417578 0.44422519 0.44680285 0.45306522 0.45273244 0.44443530 0.44549847 0.45374334 0.44934422 0.44475508 0.44025946 0.44851947 0.45149481 0.44345802 0.43590087 0.43317157 0.43616390 0.43794739 0.43107402 0.42931604 0.42476851 0.44439542 0.44352311 0.07902062 0.00000000 0.09529170 0.41449863 0.42811263 0.43505335 0.43777812 0.43945920 0.44048113 0.44783998 0.45154136 0.45759284 0.47847557 0.47481406 0.28835604 0.30072001 0.43964201
0.39636606 0.40591544 0.40092838 0.40584344 0.40323740 0.40394437 0.40853292 0.41206449 0.40721530 0.41427022 0.41827571 0.42718738 0.42610699 0.43117189 0.42887270 0.43564671 0.43397731 0.42922193 0.43338495 0.43655288 0.44028872 0.44156981 0.44142330 0.43880624 0.44289345 0.44697392 0.44733661 0.45380062 0.45416242 0.44951731 0.44205940 0.44971323 0.44764072 0.44616455 0.44225794 0.43901253 0.44030875 0.43596071 0.43927449 0.43780863 0.43546253 0.43012357 0.42141527 0.45081538 0.23052371 0.00000000 0.00000000 0.00000000 0.08853567 0.40556878 0.42209387 0.42675734 0.43590003 0.43390441 0.44434476 0.45859283 0.47404671 0.44116783 0.07089221 0.00000000 0.33214772 0.36150509
0.40144908 0.40058249 0.40527552 0.39975113 0.43133831 0.41263372 0.42143357 0.41877264 0.41603011 0.42553550 0.42735577 0.43705171 0.43128347 0.42858201 0.43053001 0.43059570 0.43468219 0.42952156 0.43465853 0.43689233 0.43812037 0.43952268 0.43840402 0.43966699 0.44040304 0.44756055 0.45010078 0.44701391 0.44637567 0.44630992 0.44757426 0.44745535 0.44986540 0.45257264 0.44575399 0.44642174 0.43717617 0.43791866 0.43127733 0.43269646 0.42859721 0.42456645 0.44043744 0.46295148 0.00000000 0.00000000 0.00000000 0.00000000 0.00000000 0.20544785 0.41799825 0.41842246 0.43073416 0.43425757 0.44825554 0.46518356 0.31578988 0.00000000 0.00000000 0.00000000 0.00000000 0.38546085
0.40219653 0.39868611 0.40124512 0.44397020 0.44710124 0.11902520 0.00000000 0.10727704 0.29787359 0.24752480 0.43855500 0.43044996 0.28174239 0.43111378 0.43309790 0.43777043 0.44237566 0.44304788 0.43560207 0.43877035 0.43397713 0.44007176 0.43815553 0.44070995 0.44466096 0.44724065 0.44336104 0.44395542 0.43968999 0.45236325 0.45037925 0.44554430 0.44539922 0.44213909 0.44033641 0.44302768 0.43583363 0.43343765 0.43336421 0.43442142 0.42715442 0.41400087 0.44949716 0.30011183 0.00000000 0.00000000 0.00000000 0.00000000 0.00000000 0.00000000 0.12757909 0.21244553 0.19112375 0.16407323 0.08723849 0.00000000 0.00000000 0.00000000 0.00000000 0.00000000 0.07264712 0.28442076
0.40292257 0.40732813 0.40388739 0.45710236 0.27403566 0.22516260 0.52252167 0.28865501 0.25492504 0.00000000 0.12523738 0.33733326 0.35812384 0.34471738 0.09811428 0.33746845 0.43653262 0.14722353 0.18929997 0.43333369 0.43675488 0.44076389 0.44096071 0.44166672 0.44244641 0.43885773 0.44032329 0.44322085 0.44423336 0.44392741 0.44155657 0.44147259 0.43642813 0.44145542 0.43762875 0.43705589 0.43031555 0.43427044 0.42514306 0.42663550 0.42148727 0.42247260 0.42757124 0.12641087 0.00000000 0.00000000 0.00000000 0.00000000 0.00000000 0.00000000 0.00000000 0.00000000 0.00000000 0.00000000 0.00000000 0.00000000 0.00000000 0.00000000 0.00000000 0.00000000 0.03850986 0.34481597
0.40178382 0.40434873 0.40439820 0.42174429 0.15097481 0.45664054 0.38016778 0.66793215 0.00133985 0.17567241 0.16470626 0.25622475 0.14151719 0.00000000 0.32884258 0.24149060 0.15983653 0.21998850 0.06677562 0.32238203 0.42968553 0.43396825 0.43934327 0.43895942 0.43702000 0.44498044 0.43892497 0.43367904 0.43047929 0.43114126 0.42842746 0.42752385 0.42804652 0.43259209 0.42819995 0.42084998 0.42129081 0.41615820 0.41607529 0.40835804 0.40942311 0.42223424 0.30910742 0.00000000 0.00000000 0.00000000 0.00000000 0.00000000 0.00000000 0.00000000 0.00000000 0.00000000 0.00000000 0.00000000 0.00000000 0.00000000 0.00000000 0.00000000 0.00000000 0.00000000 0.08174556 0.36631483
0.40899497 0.40382326 0.40616959 0.40567571 0.36601019 0.05190119 0.44466746 0.11815700 0.00000000 0.32765532 0.24642935 0.09511095 0.16903812 0.34666908 0.10115549 0.30979651 0.01483300 0.09818307 0.22017038 0.12607470 0.44738483 0.43931526 0.44308448 0.44770670 0.44204074 0.44411874 0.43775105 0.44332469 0.43715036 0.43660873 0.43442446 0.43628889 0.43067580 0.42645073 0.42068827 0.42442364 0.41825163 0.41654468 0.41449761 0.40911478 0.42000842 0.42271823 0.00000000 0.00000000 0.00000000 0.00000000 0.00000000 0.00000000 0.00000000 0.00000000 0.00000000 0.00000000 0.00000000 0.00000000 0.00000000 0.00000000 0.00000000 0.00000000 0.00000000 0.00000000 0.14835456 0.38357115
0.40364486 0.40442246 0.40324318 0.44128811 0.79899579 0.51796800 0.13537630 0.63510090 0.39911443 0.56670195 0.55690211 0.42497045 0.54145461 0.59196585 0.22407591 0.52847713 0.45538098 0.32381666 0.52549994 0.40745109 0.44384170 0.44290763 0.45362228 0.45056987 0.45104772 0.44479698 0.44100052 0.44198221 0.44066954 0.44539249 0.43943965 0.43926919 0.43217564 0.42804873 0.42857170 0.42616969 0.41646916 0.41980088 0.41762292 0.41849172 0.42819768 0.22679430 0.00000000 0.00000000 0.00000000 0.00000000 0.00000000 0.00000000 0.00000000 0.00000000 0.00000000 0.00000000 0.00000000 0.00000000 0.00000000 0.00000000 0.00000000 0.00000000 0.00000000 0.12757450 0.30707014 0.42364186
0.40339077 0.40709716 0.40939838 0.50914121 0.52153534 0.68682706 0.41784060 0.69077301 0.39196426 0.69878966 0.67377818 0.57424319 0.71429670 0.70883292 0.31804889 0.71923184 0.59757960 0.63172114 0.76746947 0.28126386 0.44787693 0.44300365 0.45038652 0.45769739 0.45738584 0.44940269 0.45832235 0.43806255 0.44063616 0.43433815 0.43823266 0.44147784 0.43485868 0.43652582 0.42238557 0.42024559 0.42061573 0.41565621 0.41679293 0.42914975 0.36352336 0.00000000 0.00000000 0.00000000 0.00000000 0.00000000 0.00000000 0.00000000 0.00000000 0.00000000 0.00000000 0.00000000 0.00000000 0.00000000 0.00000000 0.00000000 0.00000000 0.00000000 0.00000000 0.17606270 0.39469993 0.43479753
0.40324795 0.40859437 0.41790134 0.41798884 0.47613674 0.45567465 0.49451876 0.43305796 0.42949873 0.50154483 0.50594521 0.49829489 0.55084014 0.51151270 0.44736814 0.53604710 0.44726557 0.55381405 0.44224030 0.45114475 0.44172466 0.44559968 0.44603783 0.44332761 0.44944125 0.45204568 0.44812751 0.44339800 0.44236284 0.43984956 0.43726063 0.43725193 0.43205225 0.42208129 0.42614454 0.42390096 0.42353970 0.40667057 0.42411274 0.41583592 0.00000000 0.00000000 0.00000000 0.00000000 0.00000000 0.00000000 0.00000000 0.00000000 0.00000000 0.00000000 0.00000000 0.00000000 0.00000000 0.00000000 0.00000000 0.00000000 0.00000000 0.00000000 0.00000000 0.01151143 0.40254694 0.44940293
0.41320944 0.40555286 0.41187680 0.41489434 0.41364223 0.41982681 0.42028958 0.42691755 0.42777240 0.42848617 0.42887169 0.43563819 0.43175167 0.43315440 0.43438637 0.44103158 0.44436824 0.44407308 0.43965882 0.43983912 0.44688189 0.44412023 0.45291024 0.45055175 0.44990438 0.45305920 0.44208443 0.45101899 0.44071293 0.43616509 0.43272161 0.42671621 0.42265648 0.42161202 0.42160034 0.41874349 0.41237259 0.40762615 0.30925506 0.00000000 0.00000000 0.00000000 0.00000000 0.00000000 0.00000000 0.00000000 0.00000000 0.00000000 0.00000000 0.00000000 0.00000000 0.00000000 0.00000000 0.00000000 0.00000000 0.00000000 0.00000000 0.00000000 0.00000000 0.00000000 0.39322281 0.46888256
0.41207463 0.40994757 0.41182685 0.41441798 0.41940659 0.42020333 0.42510259 0.42441177 0.42753923 0.42826611 0.42729497 0.43117535 0.43885815 0.43119782 0.43456924 0.44066095 0.44008094 0.44036800 0.44134969 0.43159914 0.44121945 0.44185400 0.44405097 0.44664901 0.44686329 0.44487965 0.44287908 0.44403684 0.42997670 0.43115264 0.42809314 0.42202276 0.42033017 0.41628772 0.41458702 0.42123628 0.34635019 0.00000000 0.00000000 0.00000000 0.00000000 0.00000000 0.00000000 0.00000000 0.00000000 0.00000000 0.00000000 0.00000000 0.00000000 0.00000000 0.03621992 0.06490222 0.00000000 0.00000000 0.00000000 0.00000000 0.00000000 0.00000000 0.00000000 0.00000000 0.28734013 0.45981807
0.41129571 0.41780680 0.42104429 0.42185611 0.41990846 0.42174160 0.42893481 0.42558146 0.43076414 0.42708880 0.43026280 0.43173522 0.43637484 0.43520153 0.43393803 0.43477726 0.44367677 0.44158179 0.43818432 0.43791473 0.43981713 0.44045526 0.43932569 0.44138062 0.43771869 0.44084346 0.43897861 0.42811769 0.44090885 0.43487251 0.42909110 0.42519182 0.42275256 0.41360611 0.42750108 0.36939257 0.00000000 0.00000000 0.00000000 0.00000000 0.00000000 0.00000000 0.00000000 0.00000000 0.00000000 0.00000000 0.00000000 0.00000000 0.00000000 0.00000000 0.04528350 0.07627398 0.00000000 0.00000000 0.00000000 0.00000000 0.00000000 0.00000000 0.00000000 0.00000000 0.26174912 0.46847373
0.41080290 0.41507030 0.41959190 0.41598392 0.42153382 0.42739558 0.42615008 0.42899400 0.42642474 0.42797124 0.43151271 0.42834717 0.43776870 0.43586028 0.43968433 0.43601418 0.43020737 0.44093853 0.43076688 0.43104464 0.43909955 0.43399924 0.43471509 0.43135768 0.43574649 0.43495047 0.43009382 0.43244714 0.42730957 0.42598993 0.42073923 0.41657352 0.41188943 0.43097842 0.41666168 0.00000000 0.00000000 0.00000000 0.00000000 0.00000000 0.00000000 0.00000000 0.00000000 0.00000000 0.00000000 0.00000000 0.00000000 0.00000000 0.00000000 0.00000000 0.00000000 0.00000000 0.00000000 0.00000000 0.00000000 0.00000000 0.00000000 0.00000000 0.00000000 0.00000000 0.20295846 0.45957285
0.41280746 0.42154294 0.42269200 0.42322946 0.42134601 0.42810005 0.42957795 0.42642856 0.42909276 0.43158245 0.43192720 0.43799502 0.43954206 0.44598889 0.43737030 0.43808901 0.44157135 0.43566698 0.43539023 0.43645728 0.43081677 0.43218219 0.43390590 0.42903966 0.43080211 0.42603642 0.42414969 0.42220873 0.41670185 0.41781765 0.41408747 0.40964168 0.40178859 0.43014860 0.13675493 0.00000000 0.00000000 0.00000000 0.00000000 0.00000000 0.00000000 0.00000000 0.00000000 0.00000000 0.00000000 0.00000000 0.00000000 0.00000000 0.00000000 0.00000000 0.00000000 0.00000000 0.00000000 0.00000000 0.00000000 0.00000000 0.00000000 0.00000000 0.00000000 0.00000000 0.19666392 0.46652359
0.42219865 0.42424119 0.42495906 0.42486519 0.43121547 0.42504722 0.43299353 0.43469220 0.43389308 0.43150747 0.43627506 0.43738586 0.43786722 0.43784463 0.43834603 0.43848908 0.43928289 0.43879354 0.43624038 0.43270797 0.43441153 0.43348920 0.43646413 0.43238521 0.43634921 0.43236744 0.43279475 0.42147118 0.41883808 0.41438675 0.41051376 0.40517473 0.41924363 0.41380155 0.00000000 0.00000000 0.00000000 0.00000000 0.00000000 0.00000000 0.00000000 0.00000000 0.00000000 0.00000000 0.00000000 0.00000000 0.00000000 0.00000000 0.00000000 0.00000000 0.00000000 0.00000000 0.00000000 0.00000000 0.00000000 0.00000000 0.00000000 0.00000000 0.00000000 0.00000000 0.24208486 0.47608715
0.42423576 0.42433643 0.43035275 0.42841142 0.43331486 0.43256980 0.43910080 0.43502092 0.43388861 0.43282968 0.43849212 0.44268095 0.44648701 0.44379497 0.44159114 0.44270474 0.44696552 0.44426274 0.43799627 0.43465364 0.44140726 0.43798667 0.43951792 0.43915862 0.42859966 0.42845243 0.42896748 0.42470330 0.42062545 0.41012478 0.40850163 0.40278196 0.42669427 0.19301665 0.00000000 0.00000000 0.00000000 0.00000000 0.00000000 0.00000000 0.00000000 0.00000000 0.00000000 0.00000000 0.00000000 0.00000000 0.00000000 0.00000000 0.00000000 0.00000000 0.00000000 0.00000000 0.00000000 0.00000000 0.00000000 0.00000000 0.00000000 0.00000000 0.00000000 0.17644063 0.33038604 0.48928100
0.41759330 0.42561787 0.42444265 0.42657751 0.42818403 0.43500030 0.43300921 0.43778038 0.43355662 0.44226998 0.44117761 0.44559163 0.44627225 0.44520158 0.44310957 0.44029433 0.44057804 0.43531317 0.43143940 0.44473130 0.43562490 0.43345827 0.43349129 0.43416458 0.43189949 0.42180735 0.42051315 0.41603065 0.41524094 0.40679902 0.40907896 0.43057674 0.42483318 0.00000000 0.00000000 0.00000000 0.00000000 0.00000000 0.00000000 0.00000000 0.00000000 0.00000000 0.00000000 0.00000000 0.00000000 0.00000000 0.00000000 0.00000000 0.00000000 0.00000000 0.00000000 0.00000000 0.00000000 0.00000000 0.00000000 0.00000000 0.00000000 0.00000000 0.00000000 0.26903138 0.41091537 0.48576480
0.42258477 0.41769880 0.42377508 0.42740345 0.43098599 0.43436420 0.43907619 0.43495905 0.43717235 0.43882674 0.44272321 0.43828356 0.44613135 0.44408882 0.44289595 0.44262052 0.43907583 0.43554640 0.43087429 0.43074304 0.43531460 0.43040425 0.42862421 0.42999774 0.42966026 0.42365032 0.41806465 0.41336685 0.40860659 0.40875793 0.41700089 0.42444515 0.16795784 0.00000000 0.00000000 0.00000000 0.00000000 0.00000000 0.00000000 0.00000000 0.00000000 0.00000000 0.00000000 0.00000000 0.00000000 0.00000000 0.00000000 0.00000000 0.00000000 0.00000000 0.00000000 0.00000000 0.00000000 0.00000000 0.00000000 0.00000000 0.00000000 0.00000000 0.01089641 0.22791737 0.46360844 0.48684329
0.42865270 0.42084277 0.42901742 0.43201441 0.42640781 0.43119860 0.43332058 0.43662858 0.43678939 0.43447453 0.43108177 0.44338953 0.44234025 0.44419366 0.44565576 0.44601989 0.44073308 0.43652123 0.43225545 0.42623580 0.43184692 0.43052888 0.42332965 0.42624557 0.42914855 0.41951656 0.41630876 0.41395897 0.40523970 0.41299969 0.41590613 0.24513751 0.00000000 0.00000000 0.00000000 0.00000000 0.00000000 0.00000000 0.00000000 0.00000000 0.00000000 0.00000000 0.00000000 0.00000000 0.00000000 0.00000000 0.00000000 0.00000000 0.00000000 0.00000000 0.00000000 0.00000000 0.00000000 0.00000000 0.00000000 0.00000000 0.00000000 0.00000000 0.07537794 0.29847309 0.46573251 0.48630083
0.41922265 0.41850722 0.42310476 0.42220128 0.42706811 0.42261088 0.42853051 0.43186444 0.43327558 0.43224734 0.43893582 0.43797725 0.44049126 0.44010752 0.43890035 0.43319893 0.43258339 0.43306541 0.42883062 0.43024063 0.42645752 0.42328525 0.42098993 0.42019767 0.41664398 0.41911376 0.40647984 0.40926635 0.40969026 0.40682322 0.26479736 0.00000000 0.00000000 0.00000000 0.00000000 0.00000000 0.00000000 0.00000000 0.00000000 0.00000000 0.00000000 0.00000000 0.00000000 0.00000000 0.00000000 0.00000000 0.00000000 0.00000000 0.00000000 0.00000000 0.00000000 0.00000000 0.00000000 0.00000000 0.00000000 0.00000000 0.00000000 0.00000000 0.18109077 0.38812363 0.45548618 0.48422807
0.41313654 0.41905642 0.41744530 0.41802377 0.42263806 0.42532754 0.43246549 0.43138033 0.43354428 0.42683530 0.43226182 0.43731123 0.43718535 0.43017507 0.43243974 0.43098330 0.43379802 0.43385267 0.43027025 0.42608708 0.42300504 0.42452496 0.41805941 0.41021270 0.40971345 0.40964013 0.40498984 0.41193807 0.40903062 0.25595182 0.00000000 0.00000000 0.00000000 0.00000000 0.00000000 0.00000000 0.00000000 0.00000000 0.00000000 0.00000000 0.00000000 0.00000000 0.00000000 0.00000000 0.00000000 0.00000000 0.00000000 0.00000000 0.00000000 0.00000000 0.00000000 0.00000000 0.00000000 0.00000000 0.00000000 0.00000000 0.25478444 0.37629259 0.33133000 0.41608417 0.45722246 0.47761679
0.41340166 0.41608936 0.41901511 0.41794872 0.42739570 0.42634881 0.42799717 0.43306363 0.43251228 0.42985129 0.43148983 0.43732202 0.42990208 0.43071514 0.43216896 0.43535757 0.43155587 0.42801231 0.42962420 0.42156243 0.41783863 0.41650224 0.41796762 0.40277916 0.40475273 0.40304339 0.40267646 0.40618807 0.19460690 0.00000000 0.00000000 0.00000000 0.00000000 0.00000000 0.00000000 0.00000000 0.00000000 0.00000000 0.00000000 0.00000000 0.00000000 0.00000000 0.00000000 0.00000000 0.00000000 0.00000000 0.00000000 0.00000000 0.00000000 0.00000000 0.00000000 0.00000000 0.00000000 0.00000000 0.29906371 0.37052083 0.36134642 0.39026159 0.43637013 0.43717158 0.47464162 0.48411286
0.41480267 0.41977948 0.42538762 0.42297930 0.42477942 0.42897463 0.42735112 0.43424368 0.43032199 0.42979926 0.43225670 0.43408108 0.43370652 0.43735820 0.43820399 0.43260247 0.43200713 0.42743325 0.43040448 0.42220300 0.41635019 0.41644925 0.41068739 0.40626746 0.41124564 0.40193599 0.33041143 0.00000000 0.00000000 0.00000000 0.00000000 0.00000000 0.00000000 0.00000000 0.00000000 0.00000000 0.00000000 0.00000000 0.00000000 0.00000000 0.00000000 0.00000000 0.00000000 0.00000000 0.00000000 0.00000000 0.00000000 0.00000000 0.00000000 0.00000000 0.00000000 0.00000000 0.00000000 0.05747178 0.39570189 0.40383685 0.44568008 0.46153069 0.47319472 0.48523450 0.46256709 0.50217831
0.42203397 0.41949517 0.42392397 0.42216158 0.42439651 0.42717749 0.42444932 0.42946804 0.42840153 0.42387009 0.42885399 0.43211633 0.43180758 0.43023753 0.42752427 0.43292332 0.42671573 0.43012792 0.42105842 0.41939086 0.41421616 0.41320741 0.40513754 0.41260487 0.41329616 0.16300824 0.00000000 0.00000000 0.00000000 0.00000000 0.00000000 0.00000000 0.00000000 0.00000000 0.00000000 0.00000000 0.00000000 0.00000000 0.00000000 0.00000000 0.00000000 0.00000000 0.00000000 0.00000000 0.00000000 0.00000000 0.00000000 0.00000000 0.00000000 0.00000000 0.00000000 0.00000000 0.00000000 0.00000000 0.41313028 0.44829243 0.46860754 0.47907692 0.48840100 0.49196523 0.49357086 0.49599993
0.42583674 0.42495131 0.42532498 0.42706394 0.43268621 0.43005508 0.43145597 0.43003166 0.42880446 0.43484658 0.43807274 0.43588102 0.43416458 0.43395185 0.43399072 0.42766404 0.42586076 0.42185062 0.41936475 0.41956407 0.41265488 0.40956336 0.41558850 0.41054851 0.20071298 0.00000000 0.00000000 0.00000000 0.00000000 0.00000000 0.00000000 0.00000000 0.00000000 0.00000000 0.00000000 0.00000000 0.00000000 0.00000000 0.00000000 0.00000000 0.00000000 0.00000000 0.00000000 0.00000000 0.00000000 0.00000000 0.00000000 0.00000000 0.00000000 0.00000000 0.00000000 0.00000000 0.00000000 0.00000000 0.41823620 0.47483718 0.48021787 0.49162436 0.49523032 0.49869454 0.50494570 0.50530583
0.42177206 0.42266685 0.42462057 0.42833745 0.42744875 0.42857444 0.43018639 0.43221331 0.43322647 0.43761700 0.43504405 0.43455476 0.43097287 0.43222439 0.42050457 0.42124707 0.41978294 0.42200780 0.42153794 0.41236746 0.40839177 0.40283746 0.41648710 0.30985034 0.00000000 0.00000000 0.00000000 0.00000000 0.00000000 0.00000000 0.00000000 0.00000000 0.00000000 0.00000000 0.00000000 0.00000000 0.00000000 0.00000000 0.00000000 0.00000000 0.00000000 0.00000000 0.00000000 0.00000000 0.00000000 0.00000000 0.00000000 0.00000000 0.00000000 0.00000000 0.00000000 0.00000000 0.00000000 0.03806123 0.42255229 0.45390195 0.47419775 0.49502391 0.49293196 0.50407100 0.50364625 0.51155716
0.41035175 0.41545677 0.41009891 0.41812849 0.41977233 0.42346948 0.42261243 0.42421466 0.42981750 0.42850846 0.43356735 0.42905474 0.42493868 0.42538422 0.41342890 0.41319454 0.41344112 0.41833276 0.41432440 0.41033614 0.40168953 0.39323056 0.38882816 0.00000000 0.00000000 0.00000000 0.00000000 0.00000000 0.00000000 0.00000000 0.00000000 0.00000000 0.00000000 0.00000000 0.00000000 0.00000000 0.00000000 0.00000000 0.00000000 0.00000000 0.00000000 0.00000000 0.00000000 0.00000000 0.00000000 0.00000000 0.00000000 0.00000000 0.00000000 0.00000000 0.00000000 0.00000000 0.00000000 0.12313044 0.41285312 0.44951206 0.47990888 0.48036337 0.49899971 0.50026101 0.50818592 0.50997221
0.41062838 0.41402465 0.41270560 0.42028731 0.41521925 0.42051977 0.41907227 0.41842163 0.42621046 0.42090023 0.42122787 0.42682886 0.42632711 0.42055619 0.41892093 0.41241759 0.41131926 0.40347940 0.40162426 0.39958596 0.39522290 0.39334553 0.27863199 0.00000000 0.00000000 0.00000000 0.00000000 0.00000000 0.00000000 0.00000000 0.00000000 0.00000000 0.00000000 0.00000000 0.00000000 0.00000000 0.00000000 0.00000000 0.00000000 0.00000000 0.00000000 0.00000000 0.00000000 0.00000000 0.00000000 0.00000000 0.00000000 0.00000000 0.00000000 0.00000000 0.00000000 0.00000000 0.03055181 0.19749409 0.43235272 0.45447987 0.47047436 0.47471631 0.48280418 0.49072146 0.50822425 0.50313610
0.40599698 0.40812898 0.40975386 0.40771049 0.41268009 0.41125286 0.41354555 0.41395140 0.41435450 0.41791946 0.41775477 0.41539621 0.41964215 0.41401398 0.41570503 0.40328860 0.40397859 0.39989775 0.39549398 0.39395601 0.39237791 0.41012472 0.02167681 0.00000000 0.00000000 0.00000000 0.00000000 0.00000000 0.00000000 0.00000000 0.00000000 0.00000000 0.00000000 0.00000000 0.00000000 0.00000000 0.00000000 0.00000000 0.00000000 0.00000000 0.00000000 0.00000000 0.00000000 0.00000000 0.00000000 0.00000000 0.00000000 0.00000000 0.00000000 0.00000000 0.00000000 0.00000000 0.14459422 0.32831734 0.43204278 0.45172471 0.46799296 0.48059052 0.47813427 0.49307066 0.50423253 0.49954683
0.41191232 0.40317941 0.41978270 0.41344917 0.41107708 0.40861005 0.40878540 0.41437036 0.40785646 0.41017950 0.41045398 0.41162157 0.41401082 0.40864736 0.40904576 0.40589631 0.39526296 0.39737868 0.38952416 0.38546234 0.39601964 0.35656899 0.00000000 0.00000000 0.00000000 0.00000000 0.00000000 0.00000000 0.00000000 0.00000000 0.00000000 0.00000000 0.00000000 0.00000000 0.00000000 0.00000000 0.00000000 0.00000000 0.00000000 0.00000000 0.00000000 0.00000000 0.00000000 0.00000000 0.00000000 0.00000000 0.00000000 0.00000000 0.00000000 0.00000000 0.00000000 0.00000000 0.14516765 0.40291643 0.42587113 0.45268273 0.45861256 0.47025120 0.48017681 0.48755461 0.48794425 0.49347091
0.42840314 0.40504020 0.41595769 0.41028434 0.40047473 0.40716177 0.40655935 0.40586436 0.41480666 0.40581441 0.40719694 0.40638125 0.40789378 0.40919489 0.40014756 0.40239322 0.39853156 0.39304012 0.38232219 0.37814867 0.37952793 0.19542316 0.00000000 0.00000000 0.00000000 0.00000000 0.00000000 0.00000000 0.00000000 0.00000000 0.00000000 0.00000000 0.00000000 0.00000000 0.00000000 0.00000000 0.00000000 0.00000000 0.00000000 0.00000000 0.00000000 0.00000000 0.00000000 0.00000000 0.00000000 0.00000000 0.00000000 0.00000000 0.00000000 0.00000000 0.00000000 0.00000000 0.23525611 0.41705042 0.43484944 0.45180380 0.45943314 0.46991223 0.47943819 0.48043710 0.48976600 0.49364376
0.41801906 0.42486846 0.39290231 0.40552300 0.39934474 0.39918292 0.40261257 0.40505904 0.40409160 0.40465313 0.40374839 0.40374792 0.40238434 0.40601516 0.39404541 0.39817524 0.39585429 0.39255852 0.38321620 0.37552935 0.37578845 0.00000000 0.00000000 0.00000000 0.00000000 0.00000000 0.00000000 0.00000000 0.00000000 0.00000000 0.00000000 0.00000000 0.00000000 0.00000000 0.00000000 0.00000000 0.00000000 0.00000000 0.00000000 0.00000000 0.00000000 0.00000000 0.00000000 0.00000000 0.00000000 0.00000000 0.00000000 0.00000000 0.00000000 0.00000000 0.00000000 0.01482832 0.35306340 0.41839033 0.44183749 0.44836593 0.46229464 0.46529704 0.48000300 0.49369413 0.49093449 0.49961638
0.39879262 0.41384107 0.40276998 0.39581907 0.39782029 0.39992112 0.39945126 0.40243626 0.39821172 0.40313828 0.40733975 0.40304446 0.40044188 0.39912277 0.40442812 0.39331275 0.38654518 0.38197327 0.37920672 0.38170624 0.34493399 0.00000000 0.00000000 0.00000000 0.00000000 0.00000000 0.00000000 0.00000000 0.00000000 0.00000000 0.00000000 0.00000000 0.00000000 0.00000000 0.00000000 0.00000000 0.00000000 0.00000000 0.00000000 0.00000000 0.00000000 0.00000000 0.00000000 0.00000000 0.00000000 0.00000000 0.00000000 0.00000000 0.00000000 0.00000000 0.00000000 0.00000000 0.39102620 0.42383200 0.43930101 0.44957536 0.45972514 0.46442652 0.48239505 0.48265529 0.48622853 0.48565096
0.38899183 0.39214236 0.40035814 0.39254040 0.39665890 0.39815855 0.39654118 0.39948303 0.40001243 0.39770025 0.40087581 0.40334523 0.39643735 0.39388824 0.39512765 0.39017630 0.38474023 0.37933153 0.37505537 0.38225323 0.24598780 0.00000000 0.00000000 0.00000000 0.00000000 0.00000000 0.00000000 0.00000000 0.00000000 0.00000000 0.00000000 0.00000000 0.00000000 0.00000000 0.00000000 0.00000000 0.00000000 0.00000000 0.00000000 0.00000000 0.00000000 0.00000000 0.00000000 0.00000000 0.00000000 0.00000000 0.00000000 0.00000000 0.00000000 0.00000000 0.00000000 0.07756296 0.39330107 0.42681253 0.43797344 0.44927067 0.46100765 0.46617633 0.46807259 0.47896188 0.48287570 0.49035728
0.38692474 0.38668072 0.39107537 0.39527732 0.39454031 0.39430386 0.39289755 0.39362007 0.39672428 0.39515269 0.39751518 0.39730614 0.39428407 0.39254797 0.39005542 0.38391364 0.37350714 0.36520326 0.39120740 0.38105625 0.00000000 0.00000000 0.00000000 0.00000000 0.00000000 0.00000000 0.00000000 0.00000000 0.00000000 0.00000000 0.00000000 0.00000000 0.00000000 0.00000000 0.00000000 0.00000000 0.00000000 0.00000000 0.00000000 0.00000000 0.00000000 0.00000000 0.00000000 0.00000000 0.00000000 0.00000000 0.00000000 0.00000000 0.00000000 0.00000000 0.00000000 0.08986458 0.40037650 0.41918421 0.44069642 0.45725662 0.46260017 0.47411454 0.46811998 0.47685403 0.48437637 0.48722339
0.39070737 0.39060980 0.39035600 0.38534379 0.38881010 0.39068609 0.39015287 0.38838553 0.39388168 0.39986730 0.38484508 0.39166141 0.38963991 0.38397604 0.38496184 0.37513453 0.36769849 0.37457287 0.37889665 0.09749243 0.00000000 0.00000000 0.00000000 0.00000000 0.00000000 0.00000000 0.00000000 0.00000000 0.00000000 0.00000000 0.00000000 0.00000000 0.00000000 0.00000000 0.00000000 0.00000000 0.00000000 0.00000000 0.00000000 0.00000000 0.00000000 0.00000000 0.00000000 0.00000000 0.00000000 0.00000000 0.00000000 0.00000000 0.00000000 0.00000000 0.00000000 0.01917841 0.40207052 0.41743183 0.43470711 0.45126259 0.45204794 0.46088111 0.47675020 0.48359591 0.48245931 0.48245949
0.38694358 0.38401431 0.38492906 0.38402611 0.38216960 0.38698196 0.38748330 0.38913488 0.38290161 0.38812649 0.38884997 0.38749415 0.38894129 0.37741458 0.37515342 0.37210768 0.36110097 0.37609166 0.34700334 0.00000000 0.00000000 0.00000000 0.00000000 0.00000000 0.00000000 0.00000000 0.00000000 0.00000000 0.00000000 0.00000000 0.00000000 0.00000000 0.00000000 0.00000000 0.00000000 0.00000000 0.00000000 0.00000000 0.00000000 0.00000000 0.00000000 0.00000000 0.00000000 0.00000000 0.00000000 0.00000000 0.00000000 0.00000000 0.00000000 0.00000000 0.00000000 0.00000000 0.37283617 0.41496444 0.43332094 0.44448882 0.45364279 0.46339053 0.46971041 0.47330517 0.47360557 0.47857106
0.38531524 0.38569897 0.38735765 0.38652343 0.37959123 0.38334846 0.38905460 0.38493425 0.38576305 0.38479054 0.38358128 0.38295156 0.37971103 0.37203395 0.36896646 0.36963528 0.37180930 0.37703025 0.09948903 0.00000000 0.00000000 0.00000000 0.00000000 0.00000000 0.00000000 0.00000000 0.00000000 0.00000000 0.00000000 0.00000000 0.00000000 0.00000000 0.00000000 0.00000000 0.00000000 0.00000000 0.00000000 0.00000000 0.00000000 0.00000000 0.00000000 0.00000000 0.00000000 0.00000000 0.00000000 0.00000000 0.00000000 0.00000000 0.00000000 0.00000000 0.00000000 0.00000000 0.31021249 0.41877007 0.42556423 0.44081539 0.45163685 0.45413136 0.45747012 0.46773148 0.48168731 0.48028296
0.37197042 0.37903613 0.37914944 0.37902772 0.38017255 0.37923652 0.38071883 0.38282573 0.39158165 0.37755096 0.38071412 0.37900662 0.37187958 0.36841458 0.36454946 0.36470985 0.36532873 0.35441297 0.00000000 0.00000000 0.00000000 0.00000000 0.00000000 0.00000000 0.00000000 0.00000000 0.00000000 0.00000000 0.00000000 0.00000000 0.00000000 0.00000000 0.00000000 0.00000000 0.00000000 0.00000000 0.00000000 0.00000000 0.00000000 0.00000000 0.00000000 0.00000000 0.00000000 0.00000000 0.00000000 0.00000000 0.00000000 0.00000000 0.00000000 0.00000000 0.00000000 0.00000000 0.15287915 0.39328182 0.42390519 0.42914301 0.44899476 0.45488304 0.45847470 0.46637839 0.47142500 0.47957247
0.37562895 0.37803411 0.38206297 0.37943816 0.37780666 0.37994647 0.39014548 0.38431400 0.38326824 0.38506931 0.37953800 0.37251949 0.37320632 0.37337148 0.36495459 0.36183423 0.35914260 0.35021192 0.00000000 0.00000000 0.00000000 0.00000000 0.00000000 0.00000000 0.00000000 0.00000000 0.00000000 0.00000000 0.00000000 0.00000000 0.00000000 0.00000000 0.00000000 0.00000000 0.00000000 0.00000000 0.00000000 0.00000000 0.00000000 0.00000000 0.00000000 0.00000000 0.00000000 0.00000000 0.00000000 0.00000000 0.00000000 0.00000000 0.00000000 0.00000000 0.00000000 0.00000000 0.03096786 0.39004016 0.41966629 0.43745852 0.43915516 0.45188683 0.45402092 0.45584232 0.47496074 0.48093706
0.37565595 0.37879550 0.37553424 0.37870812 0.38017845 0.38023710 0.38162953 0.38101012 0.38215417 0.38713354 0.37839979 0.37424356 0.36925012 0.36427742 0.36561167 0.36427081 0.35620457 0.29518145 0.00000000 0.00000000 0.00000000 0.00000000 0.00000000 0.00000000 0.00000000 0.00000000 0.00000000 0.00000000 0.00000000 0.00000000 0.00000000 0.00000000 0.00000000 0.00000000 0.00000000 0.00000000 0.00000000 0.00000000 0.00000000 0.00000000 0.00000000 0.00000000 0.00000000 0.00000000 0.00000000 0.00000000 0.00000000 0.00000000 0.00000000 0.00000000 0.00000000 0.00000000 0.00000000 0.37864077 0.42387903 0.43109089 0.44238496 0.45087773 0.45769048 0.47077358 0.47321820 0.48243588
0.37750286 0.37572682 0.37772661 0.37779939 0.37218946 0.38289082 0.37712377 0.38279969 0.38198066 0.37732369 0.37427795 0.37140274 0.36780959 0.36699122 0.36198783 0.35352063 0.37299883 0.29101288 0.00000000 0.00000000 0.00000000 0.00000000 0.00000000 0.00000000 0.00000000 0.00000000 0.00000000 0.00000000 0.00000000 0.00000000 0.00000000 0.00000000 0.00000000 0.00000000 0.00000000 0.00000000 0.00000000 0.00000000 0.00000000 0.00000000 0.00000000 0.00000000 0.00000000 0.00000000 0.00000000 0.00000000 0.00000000 0.00000000 0.00000000 0.00000000 0.00000000 0.00000000 0.11533388 0.38098449 0.42077678 0.42591417 0.43686044 0.44003016 0.45785183 0.45808995 0.47269881 0.47542655
0.35964704 0.36344403 0.37129933 0.36601460 0.36592919 0.36931264 0.37736809 0.37264484 0.36781371 0.36889964 0.35979968 0.35859573 0.35906118 0.35467398 0.35512954 0.35240304 0.36041909 0.26488438 0.00000000 0.00000000 0.00000000 0.00000000 0.00000000 0.00000000 0.00000000 0.00000000 0.00000000 0.00000000 0.00000000 0.00000000 0.00000000 0.00000000 0.00000000 0.00000000 0.00000000 0.00000000 0.00000000 0.00000000 0.00000000 0.00000000 0.00000000 0.00000000 0.00000000 0.00000000 0.00000000 0.00000000 0.00000000 0.00000000 0.00000000 0.00000000 0.00000000 0.00000000 0.22213447 0.37276298 0.41191781 0.42525655 0.43319511 0.43866259 0.43902421 0.44469166 0.45719767 0.45627671
0.36233819 0.36379462 0.37312675 0.36558414 0.36865777 0.36847603 0.37186503 0.37243915 0.36776400 0.37065899 0.37018532 0.35948753 0.36840934 0.36128819 0.35300171 0.35432613 0.36723864 0.19596219 0.00000000 0.00000000 0.00000000 0.00000000 0.00000000 0.00000000 0.00000000 0.00000000 0.00000000 0.00000000 0.00000000 0.00000000 0.00000000 0.00000000 0.00000000 0.00000000 0.00000000 0.00000000 0.00000000 0.00000000 0.00000000 0.00000000 0.00000000 0.00000000 0.00000000 0.00000000 0.00000000 0.00000000 0.00000000 0.00000000 0.00000000 0.00000000 0.00000000 0.00000000 0.28415105 0.40193260 0.42278087 0.43334830 0.44385028 0.44913143 0.44853878 0.45478594 0.46387070 0.47509634
0.35973096 0.36632782 0.37007105 0.36672783 0.36830163 0.36538380 0.37254494 0.37611091 0.37446249 0.37258077 0.37562346 0.36830813 0.36886388 0.35438097 0.35443336 0.35361344 0.35091943 0.11888576 0.00000000 0.00000000 0.00000000 0.00000000 0.00000000 0.00000000 0.00000000 0.00000000 0.00000000 0.00000000 0.00000000 0.00000000 0.00000000 0.00000000 0.00000000 0.00000000 0.00000000 0.00000000 0.00000000 0.00000000 0.00000000 0.00000000 0.00000000 0.00000000 0.00000000 0.00000000 0.00000000 0.00000000 0.00000000 0.00000000 0.00000000 0.00000000 0.00000000 0.00000000 0.33597273 0.40825796 0.42250419 0.43543929 0.45268703 0.44614583 0.45938045 0.45581162 0.47322077 0.48082179
0.36215657 0.36469048 0.36819106 0.36772031 0.36312699 0.36403990 0.36692899 0.36982352 0.37321919 0.37370336 0.37959450 0.36947167 0.36560589 0.36418784 0.35987204 0.35231644 0.35796112 0.02376105 0.00000000 0.00000000 0.00000000 0.00000000 0.00000000 0.00000000 0.00000000 0.00000000 0.00000000 0.00000000 0.00000000 0.00000000 0.00000000 0.00000000 0.00000000 0.00000000 0.00000000 0.00000000 0.00000000 0.00000000 0.00000000 0.00000000 0.00000000 0.00000000 0.00000000 0.00000000 0.00000000 0.00000000 0.00000000 0.00000000 0.00000000 0.00000000 0.00000000 0.00000000 0.36083597 0.40945649 0.42833203 0.44074416 0.44762713 0.45106882 0.46545750 0.46111149 0.47511482 0.48625779
0.35823500 0.35723621 0.35926920 0.35981578 0.36020529 0.36288625 0.36169362 0.36311167 0.36145931 0.36274302 0.36586577 0.36423457 0.35836834 0.35839254 0.34996456 0.34870076 0.33120525 0.07679486 0.00000000 0.00000000 0.00000000 0.00000000 0.00000000 0.00000000 0.00000000 0.00000000 0.00000000 0.00000000 0.00000000 0.00000000 0.00000000 0.00000000 0.00000000 0.00000000 0.00000000 0.00000000 0.00000000 0.00000000 0.00000000 0.00000000 0.00000000 0.00000000 0.00000000 0.00000000 0.00000000 0.00000000 0.00000000 0.00000000 0.00000000 0.00000000 0.00000000 0.00000000 0.36651218 0.41383845 0.43100935 0.44017535 0.44711268 0.45458663 0.46404475 0.46545964 0.46290302 0.47643048
0.34826529 0.34822088 0.34952319 0.35450375 0.35360968 0.35271847 0.35257268 0.35167766 0.35430628 0.35765535 0.35810739 0.35935348 0.35319173 0.34420586 0.34063530 0.34247285 0.32934511 0.15715027 0.00000000 0.00000000 0.00000000 0.00000000 0.00000000 0.00000000 0.00000000 0.00000000 0.00000000 0.00000000 0.00000000 0.00000000 0.00000000 0.00000000 0.00000000 0.00000000 0.00000000 0.00000000 0.00000000 0.00000000 0.00000000 0.00000000 0.00000000 0.00000000 0.00000000 0.00000000 0.00000000 0.00000000 0.00000000 0.00000000 0.00000000 0.00000000 0.00000000 0.00000000 0.36961573 0.41224974 0.42203712 0.43109131 0.44196212 0.44997126 0.44988954 0.46015877 0.45891094 0.46930116
0.33916545 0.34167916 0.34274042 0.34113806 0.34233767 0.34205776 0.34372497 0.34898102 0.34673744 0.34702635 0.35047495 0.34506124 0.34753710 0.33612281 0.33693016 0.33093309 0.32825106 0.18262276 0.00000000 0.00000000 0.00000000 0.00000000 0.00000000 0.00000000 0.00000000 0.00000000 0.00000000 0.00000000 0.00000000 0.00000000 0.00000000 0.00000000 0.00000000 0.00000000 0.00000000 0.00000000 0.00000000 0.00000000 0.00000000 0.00000000 0.00000000 0.00000000 0.00000000 0.00000000 0.00000000 0.00000000 0.00000000 0.00000000 0.00000000 0.00000000 0.00000000 0.00000000 0.35758650 0.40939212 0.41756713 0.42976224 0.43760717 0.43759018 0.44398451 0.45396566 0.45922130 0.46247923
0.33710760 0.33067298 0.33621424 0.33457011 0.33663255 0.33842379 0.33634704 0.33594406 0.33886075 0.33906418 0.34366506 0.34111714 0.33616692 0.33582300 0.33219963 0.32567376 0.33098239 0.26436049 0.18285793 0.00000000 0.00000000 0.00000000 0.00000000 0.00000000 0.00000000 0.00000000 0.00000000 0.00000000 0.00000000 0.00000000 0.00000000 0.00000000 0.00000000 0.00000000 0.00000000 0.00000000 0.00000000 0.00000000 0.00000000 0.00000000 0.00000000 0.00000000 0.00000000 0.00000000 0.00000000 0.00000000 0.00000000 0.00000000 0.00000000 0.00000000 0.00000000 0.08942974 0.37432587 0.42266685 0.42432553 0.42676163 0.43691134 0.44108689 0.44790304 0.44555086 0.46045297 0.45895296
0.33355683 0.33227098 0.33213514 0.33112842 0.33263040 0.33054817 0.33533973 0.32996190 0.32955015 0.33609670 0.33897454 0.33731151 0.33513528 0.33236820 0.32095194 0.32485819 0.32956672 0.32900482 0.17705896 0.00000000 0.00000000 0.00000000 0.00000000 0.00000000 0.00000000 0.00000000 0.00000000 0.00000000 0.00000000 0.00000000 0.00000000 0.00000000 0.00000000 0.00000000 0.00000000 0.00000000 0.00000000 0.00000000 0.00000000 0.00000000 0.00000000 0.00000000 0.00000000 0.00000000 0.00000000 0.00000000 0.00000000 0.00000000 0.00000000 0.00000000 0.00000000 0.16522089 0.39889610 0.41641480 0.43419623 0.43743074 0.43689144 0.44818723 0.45810544 0.46221477 0.46638232 0.47463989
0.33024561 0.34109604 0.32980537 0.27862310 0.28829369 0.32525229 0.32357144 0.33004755 0.32967806 0.33020163 0.33224910 0.31770790 0.26830965 0.19185477 0.15529555 0.21778092 0.18641731 0.25716227 0.18888932 0.16934484 0.00000000 0.00000000 0.00000000 0.00000000 0.00000000 0.00000000 0.00000000 0.00000000 0.00000000 0.00000000 0.00000000 0.00000000 0.00000000 0.00000000 0.00000000 0.00000000 0.00000000 0.00000000 0.00000000 0.00000000 0.00000000 0.00000000 0.00000000 0.00000000 0.00000000 0.00000000 0.00000000 0.00000000 0.00000000 0.00000000 0.01167530 0.28288212 0.40455395 0.42174566 0.42350709 0.42965537 0.44492066 0.45053929 0.45060694 0.45867306 0.46814090 0.47427148
0.34440875 0.33672822 0.00000000 0.00000000 0.00000000 0.09043670 0.29762787 0.32269698 0.30946821 0.18076658 0.00000000 0.00000000 0.00000000 0.00000000 0.00000000 0.00000000 0.00000000 0.00000000 0.00000000 0.09896150 0.00000000 0.00000000 0.00000000 0.00000000 0.00000000 0.00000000 0.00000000 0.00000000 0.00000000 0.00000000 0.00000000 0.00000000 0.00000000 0.00000000 0.00000000 0.00000000 0.00000000 0.00000000 0.00000000 0.00000000 0.00000000 0.00000000 0.00000000 0.00000000 0.00000000 0.00000000 0.00000000 0.00000000 0.00000000 0.00000000 0.02701493 0.37353384 0.41056710 0.42544442 0.42813408 0.43673658 0.44344646 0.44215292 0.44668233 0.45977378 0.46102959 0.47564489
0.34714288 0.00110818 0.00000000 0.00000000 0.00000000 0.00000000 0.00000000 0.00000000 0.00000000 0.00000000 0.00000000 0.00000000 0.00000000 0.00000000 0.00000000 0.00000000 0.00000000 0.00000000 0.00000000 0.00000000 0.00000000 0.00000000 0.00000000 0.00000000 0.00000000 0.00000000 0.00000000 0.00000000 0.00000000 0.00000000 0.00000000 0.00000000 0.00000000 0.00000000 0.00000000 0.00000000 0.00000000 0.00000000 0.00000000 0.00000000 0.00000000 0.00000000 0.00000000 0.00000000 0.00000000 0.00000000 0.00000000 0.00000000 0.00000000 0.00000000 0.05482659 0.39995176 0.40797538 0.42495954 0.42707425 0.43216383 0.44229543 0.44261724 0.44576883 0.45838356 0.45775706 0.47122121
0.29817033 0.00000000 0.00000000 0.00000000 0.00000000 0.00000000 0.00000000 0.00000000 0.00000000 0.00000000 0.00000000 0.00000000 0.00000000 0.00000000 0.00000000 0.00000000 0.00000000 0.00000000 0.00000000 0.00000000 0.00000000 0.00000000 0.00000000 0.00000000 0.00000000 0.00000000 0.00000000 0.00000000 0.00000000 0.00000000 0.00000000 0.00000000 0.00000000 0.00000000 0.00000000 0.00000000 0.00000000 0.00000000 0.00000000 0.00000000 0.00000000 0.00000000 0.00000000 0.00000000 0.00000000 0.00000000 0.00000000 0.00000000 0.00000000 0.00000000 0.16755486 0.40058237 0.41410226 0.41965765 0.42889565 0.43307787 0.44613487 0.44739991 0.45303100 0.44054091 0.46437293 0.46838897
0.22718748 0.00000000 0.00000000 0.00000000 0.00000000 0.00000000 0.00000000 0.00000000 0.00000000 0.00000000 0.00000000 0.00000000 0.00000000 0.00000000 0.00000000 0.00000000 0.00000000 0.00000000 0.00000000 0.00000000 0.00000000 0.00000000 0.00000000 0.00000000 0.00000000 0.00000000 0.00000000 0.00000000 0.00000000 0.00000000 0.00000000 0.00000000 0.00000000 0.00000000 0.00000000 0.00000000 0.00000000 0.00000000 0.00000000 0.00000000 0.00000000 0.00000000 0.00000000 0.00000000 0.00000000 0.00000000 0.00000000 0.00000000 0.00000000 0.12482953 0.24763179 0.39812088 0.41957837 0.42458963 0.43082660 0.43035716 0.44279158 0.45479876 0.45868582 0.45504999 0.46670103 0.48107612
0.16267705 0.00000000 0.00000000 0.00000000 0.00000000 0.00000000 0.00000000 0.00000000 0.00000000 0.00000000 0.00000000 0.00000000 0.00000000 0.00000000 0.00000000 0.00000000 0.00000000 0.00000000 0.00000000 0.00000000 0.00000000 0.00000000 0.00000000 0.00000000 0.00000000 0.00000000 0.00000000 0.00000000 0.00000000 0.00000000 0.00000000 0.00000000 0.00000000 0.00000000 0.00000000 0.00000000 0.00000000 0.00000000 0.00000000 0.00000000 0.00000000 0.00000000 0.00000000 0.00000000 0.00000000 0.00000000 0.00000000 0.00000000 0.16965827 0.17588079 0.35255468 0.39964914 0.41271979 0.42330605 0.42843372 0.43795830 0.44423586 0.44211704 0.45030135 0.45120752 0.44215065 0.46841258
0.00000000 0.09033275 0.00000000 0.00000000 0.00000000 0.00000000 0.00000000 0.00000000 0.00000000 0.00000000 0.00000000 0.00000000 0.00000000 0.00000000 0.00000000 0.00000000 0.00000000 0.00000000 0.00000000 0.00000000 0.00000000 0.00000000 0.00000000 0.00000000 0.00000000 0.00000000 0.00000000 0.00000000 0.00000000 0.00000000 0.00000000 0.00000000 0.00000000 0.00000000 0.00000000 0.00000000 0.00000000 0.00000000 0.00000000 0.00000000 0.00000000 0.00000000 0.00000000 0.00000000 0.00000000 0.00000000 0.00000000 0.00000000 0.14840314 0.32436609 0.38057202 0.40064961 0.41530961 0.42172974 0.43738121 0.43068326 0.43598312 0.44321209 0.44671875 0.44732082 0.45285332 0.45504636
0.19453999 0.19308588 0.07931426 0.00000000 0.00000000 0.00000000 0.00000000 0.00000000 0.00000000 0.00000000 0.00000000 0.00000000 0.06930068 0.09112790 0.08711860 0.08918440 0.08969107 0.05693296 0.04967006 0.03403397 0.00000000 0.00000000 0.00000000 0.00000000 0.00000000 0.00000000 0.00000000 0.00000000 0.00000000 0.00000000 0.00000000 0.00000000 0.00000000 0.00000000 0.00000000 0.00000000 0.00000000 0.00000000 0.00000000 0.00000000 0.00000000 0.00000000 0.00000000 0.00000000 0.00000000 0.00000000 0.00000000 0.00000000 0.04508211 0.36752498 0.39073139 0.40851539 0.41860712 0.42899442 0.42963362 0.43808365 0.44786745 0.44689012 0.43665564 0.43907249 0.46485615 0.45978105
0.23433134 0.24938807 0.25021699 0.15639627 0.00000000 0.00000000 0.00000000 0.00000000 0.00000000 0.01124552 0.18004784 0.15902516 0.16237509 0.22970706 0.24028882 0.24715942 0.22219998 0.23793104 0.23460951 0.21094534 0.15848392 0.16041648 0.14171305 0.09426528 0.07896924 0.08651853 0.10402277 0.10205576 0.09725907 0.04784118 0.03502738 0.03917624 0.03168648 0.07542399 0.06938893 0.00000000 0.00000000 0.02638625 0.04765448 0.05123806 0.02451099 0.00584365 0.00000000 0.00000000 0.00000000 0.00000000 0.00000000 0.00000000 0.00000000 0.01676568 0.05307893 0.04730564 0.08681595 0.14000478 0.18122891 0.20455149 0.23492971 0.26564667 0.28520039 0.30880105 0.34369153 0.35165066
0.21247214 0.23596755 0.22303116 0.23019305 0.22611606 0.10276765 0.02618788 0.09656850 0.11927503 0.17176253 0.12685573 0.18107542 0.25456476 0.25347069 0.24793336 0.25955540 0.26852530 0.27340472 0.27573681 0.26790228 0.27268511 0.27787438 0.27264392 0.27030736 0.27553090 0.27560389 0.27857116 0.26933464 0.26636723 0.28423274 0.28446475 0.28343973 0.31007898 0.30198014 0.23228484 0.28168648 0.17643249 0.21501327 0.25543824 0.20844129 0.22685564 0.19738847 0.17841759 0.19780582 0.08795777 0.09917128 0.12062389 0.11439800 0.11273801 0.19308650 0.24433726 0.25359422 0.25491998 0.22404370 0.14487529 0.13295737 0.09437993 0.00000000 0.00000000 0.00000000 0.00000000 0.00000000
