0.00000000 0.00000000 0.00000000 0.00000000 0.00000000 0.00000000 0.00000000 0.00000000 0.00000000 0.00000000 0.00000000 0.00000000 0.00000000 0.00000000 0.00000000 0.00000000 0.00000000 0.00000000 0.00000000 0.00000000 0.00000000 0.00000000 0.00000000 0.00000000 0.00000000 0.00000000 0.00000000 0.00000000 0.00000000 0.00000000 0.00000000 0.00000000 0.00000000 0.00000000 0.00000000 0.00000000 0.00000000 0.00000000 0.00000000 0.00000000 0.00000000 0.00000000 0.00000000 0.00000000 0.00000000 0.00000000 0.00000000 0.00000000 0.00000000 0.00000000 0.00000000 0.00000000 0.00000000 0.00000000 0.00000000 0.00000000 0.00000000 0.00000000 0.00000000 0.00000000 0.00000000 0.00000000
0.00000000 0.00000000 0.00000000 0.00000000 0.00000000 0.00000000 0.00000000 0.00000000 0.00000000 0.00000000 0.00000000 0.00000000 0.00000000 0.00000000 0.00000000 0.00000000 0.00000000 0.00000000 0.00000000 0.00000000 0.00000000 0.00000000 0.00000000 0.00000000 0.00000000 0.00000000 0.00000000 0.00000000 0.00000000 0.00000000 0.00000000 0.00000000 0.00000000 0.00000000 0.00000000 0.00000000 0.00000000 0.00000000 0.00000000 0.00000000 0.00000000 0.00000000 0.00000000 0.00000000 0.00000000 1.48474908 1.94200611 1.43714583 0.00000000 0.00000000 0.00000000 0.00000000 0.00000000 0.00000000 0.00000000 0.00000000 0.00000000 0.00000000 0.00000000 0.00000000 0.00000000 0.00000000
0.00000000 0.00000000 0.00000000 0.00000000 0.00000000 0.00000000 0.00000000 0.00000000 0.00000000 0.00000000 0.00000000 0.00000000 0.00000000 0.00000000 0.00000000 0.00000000 0.00000000 0.00000000 0.00000000 0.00000000 0.00000000 0.00000000 0.00000000 0.00000000 0.00000000 0.00000000 0.00000000 0.00000000 0.00000000 0.00000000 0.00000000 0.00000000 0.00000000 0.00000000 0.00000000 0.00000000 0.00000000 0.00000000 0.00000000 0.00000000 0.00000000 0.00000000 0.00000000 0.00000000 1.01892221 2.56599212 2.80981040 2.56958699 1.30771863 0.00000000 0.00000000 0.00000000 0.00000000 0.00000000 0.00000000 0.00000000 0.00000000 0.57598025 1.16224504 1.02431393 0.02416486 0.00000000
0.00000000 0.00000000 0.00000000 0.00000000 0.00000000 0.00000000 0.00000000 0.00000000 0.00000000 0.00000000 0.00000000 0.00000000 0.00000000 0.00000000 0.00000000 0.00000000 0.00000000 0.00000000 0.00000000 0.00000000 0.00000000 0.00000000 0.00000000 0.00000000 0.00000000 0.00000000 0.00000000 0.00000000 0.00000000 0.00000000 0.00000000 0.00000000 0.00000000 0.00000000 0.00000000 0.00000000 0.00000000 0.00000000 0.00000000 0.00000000 0.00000000 0.00000000 0.00000000 0.00000000 1.61342788 2.55542660 2.80196905 2.90584588 2.44132113 1.12924123 0.00000000 0.00000000 0.00000000 0.00000000 0.00000000 0.00000000 1.30712068 2.25939441 2.46274447 1.77636302 0.21826169 0.00000000
0.00000000 0.00000000 0.00000000 0.00000000 0.00000000 0.00000000 0.00000000 0.00000000 0.00000000 0.00000000 0.00000000 0.00000000 0.00000000 0.00000000 0.00000000 0.00000000 0.00000000 0.00000000 0.00000000 0.00000000 0.00000000 0.00000000 0.00000000 0.00000000 0.00000000 0.00000000 0.00000000 0.00000000 0.00000000 0.00000000 0.00000000 0.00000000 0.00000000 0.00000000 0.00000000 0.00000000 0.00000000 0.00000000 0.00000000 0.00000000 0.00000000 0.00000000 0.00000000 0.22304928 1.94277704 2.50235987 2.68687439 3.01606274 2.96073842 2.42241549 1.58957195 1.01233160 0.99928039 1.19500995 1.58752620 2.30070162 2.77117586 2.89648318 2.63318324 1.90284121 0.23641554 0.00000000
0.00000000 0.00000000 0.00000000 0.00000000 0.00000000 0.00000000 0.00000000 0.00000000 0.00000000 0.49430525 0.00000000 0.00000000 0.00000000 0.00000000 0.00000000 0.00000000 0.00000000 0.00000000 0.00000000 0.00000000 0.00000000 0.00000000 0.00000000 0.00000000 0.00000000 0.00000000 0.00000000 0.00000000 0.00000000 0.00000000 0.00000000 0.00000000 0.00000000 0.00000000 0.00000000 0.00000000 0.00000000 0.00000000 0.00000000 0.00000000 0.00000000 0.00000000 0.00000000 1.28359807 2.23215055 2.25104022 2.35849166 2.98993158 3.04264474 3.02974486 3.03801513 3.02817440 2.95399618 2.89776134 2.92887759 2.96912003 2.99395704 2.90922952 2.63476062 1.61806798 0.00000000 0.00000000
0.00000000 0.00000000 0.00000000 0.00000000 0.00000000 0.00000000 0.00000000 0.00000000 0.00000000 0.35062015 0.00000000 0.30274671 0.26984215 0.00000000 0.23011762 0.08370911 0.00000000 0.31045085 0.00000000 0.00000000 0.00000000 0.00000000 0.00000000 0.00000000 0.00000000 0.00000000 0.00000000 0.00000000 0.00000000 0.00000000 0.00000000 0.00000000 0.00000000 0.00000000 0.00000000 0.00000000 0.00000000 0.00000000 0.00000000 0.00000000 0.00000000 0.00000000 0.78318590 2.41424680 2.71689463 2.57524848 2.59201384 2.97460914 3.04832196 3.05906653 3.06679249 3.04318261 2.97558522 2.91533613 2.92934942 3.00147653 3.01784396 2.87010884 2.45966458 1.24075556 0.00000000 0.00000000
0.00000000 0.00000000 0.00000000 0.00000000 0.00000000 0.00000000 0.00000000 0.00000000 0.00000000 0.00000000 0.00000000 0.00000000 0.09550995 0.00000000 0.00000000 0.00000000 0.05467468 0.41288906 0.00000000 0.00000000 0.00000000 0.00000000 0.00000000 0.00000000 0.00000000 0.00000000 0.00000000 0.00000000 0.00000000 0.00000000 0.00000000 0.00000000 0.00000000 0.00000000 0.00000000 0.00000000 0.00000000 0.00000000 0.00000000 0.00000000 0.00000000 0.00000000 1.79804325 2.95295429 2.94571877 2.88594794 2.86499739 3.07342911 3.10083842 3.15648317 3.15351057 3.09316564 3.01012778 2.95580411 2.95332241 3.03921580 3.07073283 2.78216028 2.06454444 0.58594191 0.00000000 0.00000000
0.00000000 0.00000000 0.00000000 0.00000000 0.00000000 0.00000000 0.00000000 0.00000000 0.00000000 0.00000000 0.00000000 0.00000000 0.00000000 0.00000000 0.00000000 0.00000000 0.00000000 0.00000000 0.00000000 0.00000000 0.00000000 0.00000000 0.00000000 0.00000000 0.00000000 0.00000000 0.00000000 0.00000000 0.00000000 0.00000000 0.00000000 0.00000000 0.00000000 0.00000000 0.00000000 0.00000000 0.00000000 0.00000000 0.00000000 0.00000000 0.00000000 1.26937914 2.78733444 3.11439681 3.15951037 3.17553282 3.16941118 3.23750067 3.23748183 3.25159836 3.23651052 3.17580748 3.08703470 2.99743652 3.00124478 3.06112146 3.11029720 2.85417199 1.77990985 0.00000000 0.00000000 0.00000000
0.00000000 0.00000000 0.00000000 0.00000000 0.00000000 0.00000000 0.00000000 0.00000000 0.00000000 0.00000000 0.00000000 0.00000000 0.00000000 0.00000000 0.00000000 0.00000000 0.00000000 0.00000000 0.00000000 0.00000000 0.00000000 0.00000000 0.00000000 0.00000000 0.00000000 0.00000000 0.00000000 0.00000000 0.00000000 0.00000000 0.00000000 0.00000000 0.00000000 0.00000000 0.00000000 0.00000000 0.00000000 0.00000000 0.00000000 0.00000000 0.72014356 2.37085795 3.06819749 3.16839480 3.19729114 3.21061134 3.23550057 3.24041390 3.25006390 3.25001431 3.23935509 3.18864870 3.14477849 3.03383374 2.96832514 2.99900031 3.02819729 2.95184231 2.02247000 0.00000000 0.00000000 0.00000000
0.00000000 0.00000000 0.00000000 0.00000000 0.00000000 0.00000000 0.00000000 0.00000000 0.00000000 0.00000000 0.00000000 0.00000000 0.00000000 0.00000000 0.00000000 0.00000000 0.00000000 0.00000000 0.00000000 0.00000000 0.00000000 0.00000000 0.00000000 0.00000000 0.00000000 0.00000000 0.00000000 0.00000000 0.00000000 0.00000000 0.00000000 0.00000000 0.00000000 0.00000000 0.00000000 0.00000000 0.00000000 0.00000000 0.00000000 0.50745082 1.89254451 2.94395089 3.07528973 3.15913272 3.21926665 3.23374510 3.22047853 3.22446918 3.21322060 3.22699451 3.19761062 3.19838142 3.20469022 3.11390233 2.98913670 2.90817833 2.97887111 2.97249603 2.18317580 0.51182550 0.00000000 0.00000000
0.00000000 0.00000000 0.00000000 0.00000000 0.00000000 0.00000000 0.00000000 0.00000000 0.00000000 0.00000000 0.00000000 0.00000000 0.00000000 0.00000000 0.00000000 0.00000000 0.00000000 0.00000000 0.00000000 0.00000000 0.00000000 0.00000000 0.00000000 0.00000000 0.00000000 0.00000000 0.00000000 0.00000000 0.00000000 0.00000000 0.00000000 0.00000000 0.00000000 0.00000000 0.00000000 0.00000000 0.00000000 0.00000000 1.13748145 2.03428292 2.90140295 3.00811100 3.08724713 3.15519357 3.21372628 3.22758865 3.22619963 3.23639131 3.21444321 3.11428046 2.63891125 2.79978585 3.23207450 3.13990450 3.02041411 2.92167473 2.99149275 2.93646884 2.38915658 0.74406934 0.00000000 0.00000000
0.00000000 0.00000000 0.00000000 0.00000000 0.00000000 0.00000000 0.00000000 0.00000000 0.00000000 0.00000000 0.00000000 0.00000000 0.00000000 0.00000000 0.00000000 0.00000000 0.00000000 0.00000000 0.00000000 0.00000000 0.00000000 0.00000000 0.00000000 0.00000000 0.00000000 0.00000000 0.00000000 0.00000000 0.00000000 0.00000000 0.00000000 0.00000000 0.00000000 0.00000000 0.00000000 0.00000000 0.82673001 2.08442688 2.78653884 2.95407867 3.05394721 3.10598135 3.15351653 3.20323086 3.24698591 3.24246812 3.24164128 3.24394345 3.25314450 2.61439037 1.47820926 1.61068308 2.84034109 3.10462046 3.03413844 2.84827638 2.52433372 2.47131753 2.21583200 1.00805426 0.00000000 0.00000000
0.00000000 0.00000000 0.00000000 0.00000000 0.00000000 0.00000000 0.00000000 0.00000000 0.00000000 0.00000000 0.00000000 0.00000000 0.00000000 0.00000000 0.00000000 0.00000000 0.00000000 0.00000000 0.00000000 0.00000000 0.00000000 0.00000000 0.00000000 0.00000000 0.00000000 0.00000000 0.00000000 0.00000000 0.00000000 0.00000000 0.00000000 0.00000000 0.00000000 0.00000000 0.00000000 0.64489794 2.21084785 2.84537959 2.89933515 2.97828102 3.05947924 3.10986495 3.15887308 3.19041538 3.22655654 3.22148395 3.21396899 3.21643472 3.21529484 2.31483626 1.05152619 0.82705021 2.34258938 3.03189349 3.00840092 2.54518080 1.91102028 1.66586363 1.92019510 1.11732829 0.00000000 0.00000000
0.00000000 0.00000000 0.00000000 0.00000000 0.00000000 0.00000000 0.00000000 0.00000000 0.00000000 0.00000000 0.00000000 0.00000000 0.00000000 0.00000000 0.00000000 0.00000000 0.00000000 0.00000000 0.00000000 0.00000000 0.00000000 0.00000000 0.00000000 0.00000000 0.00000000 0.00000000 0.00000000 0.00000000 0.00000000 0.00000000 0.00000000 0.00000000 0.00000000 0.00000000 0.00000000 1.76840210 2.78125453 2.87100196 2.93718219 2.98915839 3.01870656 3.06554294 3.11035943 3.11927557 3.17050815 3.16134977 3.15840292 3.12509465 3.10638595 2.91440535 2.46524572 2.09430289 2.81445885 2.91996789 2.89020324 2.43326879 1.84603834 1.66094768 1.87279558 1.04346907 0.00000000 0.00000000
0.00000000 0.00000000 0.00000000 0.00000000 0.00000000 0.00000000 0.00000000 0.00000000 0.00000000 0.00000000 0.00000000 0.00000000 0.00000000 0.00000000 0.00000000 0.00000000 0.00000000 0.00000000 0.00000000 0.00000000 0.00000000 0.00000000 0.00000000 0.00000000 0.00000000 0.00000000 0.00000000 0.00000000 0.00000000 0.00000000 0.00000000 0.00000000 0.00000000 0.00000000 1.00322711 2.63544726 2.81598282 2.92242002 3.00879836 3.03588986 3.05534530 3.08131957 3.12734365 3.12708831 3.14471698 3.15592861 3.15751982 3.11058354 3.06218147 3.03469276 3.06101823 3.04249263 3.00481606 2.95400596 2.89252973 2.83168817 2.81959581 2.63817143 2.11220694 0.84900886 0.00000000 0.00000000
0.00000000 0.00000000 0.00000000 0.00000000 0.00000000 0.00000000 0.00000000 0.00000000 0.00000000 0.00000000 0.00000000 0.00000000 0.00000000 0.00000000 0.00000000 0.00000000 0.00000000 0.00000000 0.00000000 0.00000000 0.00000000 0.00000000 0.00000000 0.00000000 0.00000000 0.00000000 0.00000000 0.00000000 0.00000000 0.00000000 0.00000000 0.00000000 0.00000000 0.00000000 1.91517043 2.88206291 2.95758724 3.09169674 3.17028904 3.18770313 3.21879339 3.23852682 3.25656843 3.26210880 3.26168036 3.26896405 3.25528598 3.23286724 3.17858529 3.16782188 3.16549754 3.15281844 3.13882828 3.12091303 3.03230619 2.97834849 2.94005203 2.67126441 1.89572704 0.37156677 0.00000000 0.00000000
0.00000000 0.00000000 0.00000000 0.00000000 0.00000000 0.00000000 0.00000000 0.00000000 0.00000000 0.00000000 0.00000000 0.00000000 0.00000000 0.00000000 0.00000000 0.00000000 0.00000000 0.00000000 0.00000000 0.00000000 0.00000000 0.00000000 0.00000000 0.00000000 0.00000000 0.00000000 0.00000000 0.00000000 0.00000000 0.00000000 0.00000000 0.00000000 0.00000000 1.05558765 2.72249937 2.91483998 3.01365471 3.15199685 3.19552946 3.21287370 3.23030972 3.26605129 3.27246284 3.27359509 3.27188849 3.28750348 3.27732658 3.23602104 3.20568466 3.16754317 3.16545272 3.15524960 3.15436363 3.12126470 3.04933739 2.98373008 2.93576860 2.50325561 1.46035016 0.00000000 0.00000000 0.00000000
0.00000000 0.00000000 0.00000000 0.00000000 0.00000000 0.00000000 0.00000000 0.00000000 0.00000000 0.00000000 0.00000000 0.00000000 0.00000000 0.00000000 0.00000000 0.00000000 0.00000000 0.00000000 0.00000000 0.00000000 0.00000000 0.00000000 0.00000000 0.00000000 0.00000000 0.00000000 0.00000000 0.00000000 0.00000000 0.00000000 0.00000000 0.00000000 0.05366322 1.96545672 2.91712928 2.96576929 3.07658243 3.18127489 3.22155952 3.23587465 3.25949979 3.27194715 3.27666855 3.27428007 3.27762747 3.29234648 3.28039289 3.25064421 3.19166136 3.14609194 3.14612556 3.16624784 3.15977836 3.13178539 3.04881573 2.98747158 2.87013483 2.27598405 0.89871323 0.00000000 0.00000000 0.00000000
0.00000000 0.00000000 0.00000000 0.00000000 0.00000000 0.00000000 0.00000000 0.00000000 0.00000000 0.00000000 0.00000000 0.00000000 0.00000000 0.00000000 0.00000000 0.00000000 0.00000000 0.00000000 0.00000000 0.00000000 0.00000000 0.00000000 0.00000000 0.00000000 0.00000000 0.00000000 0.00000000 0.00000000 0.00000000 0.00000000 0.00000000 0.00000000 1.46462154 2.79341173 2.97719288 3.04965138 3.17832184 3.24310565 3.25105453 3.26302719 3.29190063 3.30452561 3.31124544 3.30167389 3.30192757 3.31785989 3.31019521 3.30798841 3.25336933 3.18522549 3.14271879 3.16041756 3.17732334 3.15269232 3.06559777 2.99416780 2.69941044 2.00647068 0.37826830 0.00000000 0.00000000 0.00000000
0.00000000 0.00000000 0.00000000 0.00000000 0.00000000 0.00000000 0.00000000 0.00000000 0.00000000 0.00000000 0.00000000 0.00000000 0.00000000 0.00000000 0.00000000 0.00000000 0.00000000 0.00000000 0.00000000 0.00000000 0.00000000 0.00000000 0.00000000 0.00000000 0.00000000 0.00000000 0.00000000 0.00000000 0.00000000 0.00000000 0.00000000 1.46968758 2.67272949 3.00432515 3.03723907 3.08925366 3.20651197 3.26531196 3.25938725 3.26650882 3.30577040 3.32697368 3.32492709 3.31474733 3.30651140 3.31711721 3.31075573 3.31123543 3.28548884 3.24479842 3.17238498 3.15807676 3.16272640 3.07750130 2.87550020 2.62881446 2.30754471 1.47684360 0.00000000 0.00000000 0.00000000 0.00000000
0.00000000 0.00000000 0.00000000 0.00000000 0.00000000 0.00000000 0.00000000 0.00000000 0.00000000 0.00000000 0.00000000 0.00000000 0.00000000 0.00000000 0.00000000 0.00000000 0.00000000 0.00000000 0.00000000 0.00000000 0.00000000 0.00000000 0.00000000 0.00000000 0.00000000 0.00000000 0.00000000 0.00000000 0.00000000 0.00000000 1.46285796 2.69048023 3.01043296 3.03944445 3.06133223 3.09743977 3.19481325 3.25775671 3.24502397 3.25908542 3.29890656 3.31882143 3.32178307 3.31413507 3.29575205 3.31097698 3.31289005 3.31288290 3.29833555 3.25849152 3.18943763 3.09094930 2.95066667 2.59587264 2.24082661 1.68654239 1.01477027 0.33868662 0.00000000 0.00000000 0.00000000 0.00000000
0.00000000 0.00000000 0.00000000 0.00000000 0.00000000 0.00000000 0.00000000 0.00000000 0.00000000 0.00000000 0.00000000 0.00000000 0.00000000 0.00000000 0.00000000 0.00000000 0.00000000 0.00000000 0.00000000 0.00000000 0.00000000 0.00000000 0.00000000 0.00000000 0.00000000 0.00000000 0.00000000 0.00000000 0.00000000 1.39401436 2.62087488 2.98291183 3.04338336 3.05971599 3.06840420 3.08825421 3.17465425 3.23656869 3.24656558 3.26176310 3.29519653 3.30271983 3.31032252 3.30105495 3.29105330 3.30651093 3.30358315 3.29700732 3.28030682 3.25080276 3.20062900 3.06494355 2.58230424 1.62572098 0.60553694 0.09180600 0.00000000 0.00000000 0.00000000 0.00000000 0.00000000 0.00000000
0.00000000 0.00000000 0.00000000 0.00000000 0.00000000 0.00000000 0.00000000 0.00000000 0.00000000 0.00000000 0.00000000 0.00000000 0.00000000 0.00000000 0.00000000 0.00000000 0.00000000 0.00000000 0.00000000 0.00000000 0.00000000 0.00000000 0.00000000 0.00000000 0.00000000 0.00000000 0.00000000 0.09724721 1.49483490 2.54074383 2.89049673 2.99089694 3.08007693 3.07713223 3.06200695 3.07452798 3.17553663 3.20756340 3.24667335 3.25809836 3.28920937 3.29737473 3.31112790 3.30387998 3.29942775 3.30202556 3.29856157 3.28730202 3.26634002 3.23430467 3.17794228 3.04047990 2.27020669 0.70801008 0.00000000 0.00000000 0.00000000 0.00000000 0.00000000 0.00000000 0.00000000 0.00000000
0.00000000 0.00000000 0.00000000 0.00000000 0.00000000 0.00000000 0.00000000 0.00000000 0.00000000 0.00000000 0.00000000 0.00000000 0.00000000 0.00000000 0.00000000 0.00000000 0.00000000 0.00000000 0.00000000 0.00000000 0.00000000 0.00000000 0.00000000 0.00000000 0.00000000 0.00000000 0.98254758 1.99013615 2.74890876 2.84342551 2.92185378 3.02390838 3.11382937 3.10823798 3.04159093 3.03051662 3.15314603 3.19884562 3.20967054 3.26026392 3.28509307 3.29276443 3.29869413 3.29684877 3.28998280 3.29320073 3.28221679 3.25685644 3.21457958 3.20336270 3.14882779 2.99801779 2.12910438 0.17796101 0.00000000 0.00000000 0.00000000 0.00000000 0.00000000 0.00000000 0.00000000 0.00000000
0.00000000 0.00000000 0.00000000 0.00000000 0.00000000 0.00000000 0.00000000 0.00000000 0.00000000 0.00000000 0.00000000 0.00000000 0.00000000 0.00000000 0.00000000 0.00000000 0.00000000 0.00000000 0.00000000 0.00000000 0.00000000 0.00000000 0.00000000 0.00000000 0.00000000 1.39237142 2.48268723 2.83622098 2.88486910 2.95492125 3.02169967 3.10169697 3.13851833 3.13231325 3.05239558 3.01004171 3.11999393 3.19442391 3.20014548 3.25566196 3.28730631 3.29054284 3.29583955 3.28662181 3.27661061 3.26490808 3.24225926 3.20304775 3.13578939 3.12727642 3.11640501 2.94294190 2.04744673 0.12945600 0.00000000 0.00000000 0.00000000 0.00000000 0.00000000 0.00000000 0.00000000 0.00000000
0.00000000 0.00000000 0.00000000 0.00000000 0.00000000 0.00000000 0.00000000 0.00000000 0.00000000 0.00000000 0.00000000 0.00000000 0.00000000 0.00000000 0.00000000 0.00000000 0.00000000 0.00000000 0.00000000 0.00000000 0.00000000 0.00000000 0.00000000 0.00000000 1.25078595 2.54144096 2.85274529 2.94849968 2.99691105 3.03802347 3.10654473 3.14829636 3.14906359 3.16077423 3.07975769 3.02135372 3.12267947 3.19408441 3.21494484 3.27592540 3.28191209 3.28071856 3.28794909 3.28764057 3.28645778 3.26991487 3.20464516 3.13474154 3.11419439 3.12031484 3.04408884 2.86293077 1.96061420 0.04771198 0.00000000 0.00000000 0.00000000 0.00000000 0.00000000 0.00000000 0.00000000 0.00000000
0.00000000 0.00000000 0.00000000 0.00000000 0.00000000 0.00000000 0.00000000 0.00000000 0.00000000 0.00000000 0.00000000 0.00000000 0.00000000 0.00000000 0.00000000 0.00000000 0.00000000 0.00000000 0.00000000 0.00000000 0.00000000 0.00000000 0.00000000 0.62484241 2.32336354 2.87079167 2.96193719 2.99025989 3.01979399 3.05469155 3.13285089 3.14453864 3.16195202 3.16140008 3.08864522 3.01878905 3.10585952 3.20959163 3.22095251 3.27373910 3.27950311 3.28802586 3.29570746 3.29557157 3.28533030 3.26796055 3.21341777 3.18002367 3.15089393 3.12433171 3.03983712 2.79056072 1.74543321 0.00000000 0.00000000 0.00000000 0.00000000 0.00000000 0.00000000 0.00000000 0.00000000 0.00000000
0.00000000 0.00000000 0.00000000 0.00000000 0.00000000 0.00000000 0.00000000 0.00000000 0.00000000 0.00000000 0.00000000 0.00000000 0.00000000 0.00000000 0.00000000 0.00000000 0.00000000 0.00000000 0.00000000 0.00000000 0.00000000 0.00000000 0.00000000 1.52678943 2.80209422 2.92259264 2.99397874 3.00394654 3.00825477 3.02992702 3.13457823 3.14566708 3.15023303 3.14868999 3.06009507 2.98023272 3.07243419 3.19802117 3.21859050 3.25292802 3.25951672 3.27440357 3.27612138 3.27658439 3.26047540 3.25622249 3.24085426 3.19685006 3.14595437 3.10173035 2.97473621 2.52543807 1.24048316 0.00000000 0.00000000 0.00000000 0.00000000 0.00000000 0.00000000 0.00000000 0.00000000 0.00000000
0.00000000 0.00000000 0.00000000 0.00000000 0.00000000 0.00000000 0.00000000 0.00000000 0.00000000 0.00000000 0.00000000 0.00000000 0.00000000 0.00000000 0.00000000 0.00000000 0.00000000 0.00000000 0.00000000 0.00000000 0.00000000 0.00000000 0.46184903 2.30586648 2.88915467 2.95478225 3.00453997 3.01158857 2.97818446 2.99392343 3.09517932 3.13041234 3.14764953 3.14114356 3.07313704 3.01589584 3.09171677 3.19429755 3.22802186 3.24310517 3.25454783 3.27409792 3.27113509 3.26803374 3.24457169 3.24162841 3.22991109 3.18041039 3.10661149 3.04432225 2.89230514 2.11512327 0.53648478 0.00000000 0.00000000 0.00000000 0.00000000 0.00000000 0.00000000 0.00000000 0.00000000 0.00000000
0.00000000 0.00000000 0.00000000 0.00000000 0.00000000 0.00000000 0.00000000 0.00000000 0.00000000 0.00000000 0.00000000 0.00000000 0.00000000 0.00000000 0.00000000 0.00000000 0.00000000 0.00000000 0.00000000 0.00000000 0.00000000 0.00000000 1.24410295 2.80595946 2.97005773 3.05063128 3.09983778 3.08586311 3.01948714 2.96875286 3.06974792 3.17260838 3.17882347 3.17563820 3.12271380 3.11244011 3.17269421 3.24424911 3.26599765 3.26989603 3.28789282 3.30100536 3.29908681 3.28939080 3.27526379 3.26845551 3.24390173 3.18112230 3.09337020 3.04710340 2.76806068 1.71313310 0.00000000 0.00000000 0.00000000 0.00000000 0.00000000 0.00000000 0.00000000 0.00000000 0.00000000 0.00000000
0.00000000 0.00000000 0.00000000 0.00000000 0.00000000 0.00000000 0.00000000 0.00000000 0.00000000 0.00000000 0.00000000 0.00000000 0.00000000 0.00000000 0.00000000 0.00000000 0.00000000 0.00000000 0.00000000 0.00000000 0.00000000 0.00000000 1.99790919 2.87888885 2.97938132 3.08678651 3.11820793 3.12257600 3.06888795 2.97414589 3.01061106 3.16081190 3.18676281 3.17296648 3.12916899 3.13077235 3.21937299 3.22732830 3.27199769 3.28222656 3.28547835 3.29363966 3.29746914 3.28171873 3.26572871 3.25984502 3.22904110 3.17827463 3.10351562 3.03507614 2.56665993 1.17696679 0.00000000 0.00000000 0.00000000 0.00000000 0.00000000 0.00000000 0.00000000 0.00000000 0.00000000 0.00000000
0.00000000 0.00000000 0.00000000 0.00000000 0.00000000 0.00000000 0.00000000 0.00000000 0.00000000 0.00000000 0.00000000 0.00000000 0.00000000 0.00000000 0.00000000 0.00000000 0.00000000 0.00000000 0.00000000 0.00000000 0.00000000 0.58593017 2.55878997 2.89357209 2.98865771 3.09311390 3.13052058 3.15259957 3.12645221 3.07555676 3.03441596 3.13717318 3.19895315 3.17380071 3.11696839 3.13137269 3.21481204 3.23528409 3.27079368 3.28456783 3.28547716 3.28783369 3.29010820 3.28400373 3.27350307 3.26179481 3.24397802 3.19000435 3.12156343 3.02625036 2.36395144 0.58759940 0.00000000 0.00000000 0.00000000 0.00000000 0.00000000 0.00000000 0.00000000 0.00000000 0.00000000 0.00000000
0.00000000 0.00000000 0.00000000 0.00000000 0.00000000 0.00000000 0.00000000 0.00000000 0.00000000 0.00000000 0.00000000 0.00000000 0.00000000 0.00000000 0.00000000 0.00000000 0.00000000 0.00000000 0.00000000 0.00000000 0.00000000 1.29068279 2.81333542 2.94394279 3.01910591 3.12368655 3.16307497 3.20056534 3.19072533 3.16220355 3.10795379 3.10527134 3.19548965 3.18202209 3.12433648 3.16773057 3.22675061 3.23771024 3.28949571 3.30485415 3.29059982 3.29021239 3.28563762 3.29358625 3.27964830 3.25939131 3.25719261 3.20657468 3.14102912 2.99117541 2.19688177 0.26370496 0.00000000 0.00000000 0.00000000 0.00000000 0.00000000 0.00000000 0.00000000 0.00000000 0.00000000 0.00000000
0.00000000 0.00000000 0.00000000 0.00000000 0.00000000 0.00000000 0.00000000 0.00000000 0.00000000 0.00000000 0.00000000 0.00000000 0.00000000 0.00000000 0.00000000 0.00000000 0.00000000 0.00000000 0.00000000 0.00000000 0.00000000 1.89808071 2.87139010 2.94651508 3.03121829 3.11236501 3.16522646 3.20879197 3.21175194 3.19763780 3.12776637 3.11649442 3.18839025 3.17876387 3.14108729 3.20561218 3.22801852 3.24723363 3.27824306 3.29836988 3.28920817 3.28595567 3.28799486 3.28699684 3.27523398 3.26322603 3.24157572 3.21862674 3.12758970 2.94552422 1.99943423 0.00000000 0.00000000 0.00000000 0.00000000 0.00000000 0.00000000 0.00000000 0.00000000 0.00000000 0.00000000 0.00000000
0.00000000 0.00000000 0.00000000 0.00000000 0.00000000 0.00000000 0.00000000 0.00000000 0.00000000 0.00000000 0.00000000 0.00000000 0.00000000 0.00000000 0.00000000 0.00000000 0.00000000 0.00000000 0.00000000 0.00000000 0.66511393 2.46012735 2.87007713 2.94317985 3.02849603 3.11426520 3.15412188 3.19815230 3.20910072 3.20854211 3.15690732 3.12041998 3.15955210 3.15406084 3.13767171 3.21598816 3.23733211 3.24943185 3.27351665 3.29274940 3.27786016 3.28100371 3.27561498 3.27104473 3.25653648 3.24833846 3.24753094 3.20926428 3.11781645 2.91805816 1.81243825 0.00000000 0.00000000 0.00000000 0.00000000 0.00000000 0.00000000 0.00000000 0.00000000 0.00000000 0.00000000 0.00000000
0.00000000 0.00000000 0.00000000 0.00000000 0.00000000 0.00000000 0.00000000 0.00000000 0.00000000 0.00000000 0.00000000 0.00000000 0.00000000 0.00000000 0.00000000 0.00000000 0.00000000 0.00000000 0.00000000 0.00000000 1.71226811 2.85624886 2.91445541 2.96992898 3.06681705 3.13426733 3.16327691 3.19988680 3.20842838 3.21135664 3.16242623 3.11305070 3.13208270 3.14758539 3.15380955 3.23099017 3.23768449 3.25400281 3.26381803 3.26848817 3.26101446 3.27247715 3.27066851 3.26097584 3.25721407 3.24555492 3.23820567 3.21342874 3.10799694 2.94909692 1.88981926 0.07612813 0.00000000 0.00000000 0.00000000 0.00000000 0.00000000 0.00000000 0.00000000 0.00000000 0.00000000 0.00000000
0.00000000 0.00000000 0.00000000 0.00000000 0.00000000 0.00000000 0.00000000 0.00000000 0.00000000 0.00000000 0.00000000 0.00000000 0.00000000 0.00000000 0.00000000 0.00000000 0.00000000 0.00000000 0.00000000 1.19348991 2.64045429 2.86638594 2.91065669 2.98777270 3.07153344 3.12491846 3.14471936 3.17119431 3.18740773 3.20175052 3.14591575 3.06255865 3.04966235 3.10113525 3.14281392 3.21227479 3.21292806 3.22893095 3.23937249 3.24204421 3.24162912 3.24190879 3.24172854 3.23361731 3.23121095 3.21882892 3.21947980 3.18872857 3.10453081 2.96151876 2.29129672 0.59037161 0.00000000 0.00000000 0.00000000 0.00000000 0.00000000 0.00000000 0.00000000 0.00000000 0.00000000 0.00000000
0.00000000 0.00000000 0.00000000 0.00000000 0.00000000 0.00000000 0.00000000 0.00000000 0.00000000 0.00000000 0.00000000 0.00000000 0.00000000 0.00000000 0.00000000 0.00000000 0.00000000 0.00000000 0.09315723 2.13929892 2.84015036 2.88593221 2.94505978 3.05180812 3.11037397 3.14126325 3.15904474 3.17520857 3.19497681 3.19399500 3.13625360 3.04936504 2.99413157 3.06238341 3.15851307 3.20475221 3.20598698 3.22851872 3.23648977 3.23541641 3.23731065 3.22584939 3.23048973 3.22136593 3.21361065 3.22201133 3.21578693 3.18185616 3.09537101 2.97954273 2.64897943 1.11043513 0.00000000 0.00000000 0.00000000 0.00000000 0.00000000 0.00000000 0.00000000 0.00000000 0.00000000 0.00000000
0.00000000 0.00000000 0.00000000 0.00000000 0.00000000 0.00000000 0.00000000 0.00000000 0.00000000 0.00000000 0.00000000 0.00000000 0.00000000 0.00000000 0.00000000 0.00000000 0.00000000 0.00000000 0.79343027 2.73064280 2.88684559 2.91145420 2.97957540 3.10119629 3.13719034 3.16610241 3.18148875 3.20106196 3.23105431 3.22754002 3.19458461 3.07820559 2.99378705 3.06818771 3.18379593 3.21843648 3.24506211 3.27082419 3.26305962 3.25469112 3.24975681 3.25277710 3.25631046 3.25027537 3.23162436 3.24269533 3.24418163 3.19546580 3.12471461 3.00900960 2.81122851 1.59791720 0.00000000 0.00000000 0.00000000 0.00000000 0.00000000 0.00000000 0.00000000 0.00000000 0.00000000 0.00000000
0.00000000 0.00000000 0.00000000 0.00000000 0.00000000 0.00000000 0.00000000 0.00000000 0.00000000 0.00000000 0.00000000 0.00000000 0.00000000 0.00000000 0.00000000 0.00000000 0.00000000 0.00000000 1.36000931 2.86008763 2.92605090 2.92045116 3.00311708 3.10905886 3.14460897 3.17012286 3.18792200 3.21446729 3.23021054 3.23417330 3.20565963 3.12337661 3.02996182 3.10445356 3.17766213 3.22267008 3.26308084 3.28168869 3.27472901 3.27110529 3.25247598 3.27570963 3.24078178 3.25471306 3.24247599 3.25996113 3.25283670 3.20306969 3.12388921 3.01200199 2.85067439 1.82273352 0.01516993 0.00000000 0.00000000 0.00000000 0.00000000 0.00000000 0.00000000 0.00000000 0.00000000 0.00000000
0.00000000 0.00000000 0.00000000 0.00000000 0.00000000 0.00000000 0.00000000 0.00000000 0.00000000 0.00000000 0.00000000 0.00000000 0.00000000 0.00000000 0.00000000 0.00000000 0.00000000 0.00000000 1.76829159 2.89353704 2.93450809 2.94912267 2.99764538 3.07838702 3.13815236 3.16079688 3.18547225 3.21595645 3.21318197 3.22717690 3.20159078 3.14635754 3.06295085 3.11096001 3.14947009 3.19540930 3.25414753 3.27095366 3.27093434 3.26704979 3.25708890 3.25763917 3.24455500 3.24717808 3.22711253 3.23784399 3.22022653 3.15961957 3.06514883 2.96439266 2.79508328 1.82629001 0.02451597 0.00000000 0.00000000 0.00000000 0.00000000 0.00000000 0.00000000 0.00000000 0.00000000 0.00000000
0.00000000 0.00000000 0.00000000 0.00000000 0.00000000 0.00000000 0.00000000 0.00000000 0.00000000 0.00000000 0.00000000 0.00000000 0.00000000 0.00000000 0.00000000 0.00000000 0.00000000 0.00000000 1.88859689 2.91370463 2.95190239 2.96046543 2.98828053 3.05911303 3.12644434 3.17635584 3.19462156 3.21900320 3.21814013 3.22271228 3.21381760 3.14435387 3.07343912 3.09009504 3.14129424 3.20014763 3.24445295 3.26381493 3.26304555 3.26398659 3.24678922 3.24861503 3.24729109 3.22531676 3.23032331 3.23273683 3.20991302 3.13300228 3.06123257 2.97275496 2.73140621 1.74932921 0.00000000 0.00000000 0.00000000 0.00000000 0.00000000 0.00000000 0.00000000 0.00000000 0.00000000 0.00000000
0.00000000 0.00000000 0.00000000 0.00000000 0.00000000 0.00000000 0.00000000 0.00000000 0.00000000 0.00000000 0.00000000 0.00000000 0.00000000 0.00000000 0.00000000 0.00000000 0.00000000 0.00000000 1.95943165 2.90120149 2.94137383 2.95083976 2.96343231 3.05332899 3.12796330 3.18011904 3.19371986 3.20697618 3.21166086 3.20280838 3.19312930 3.13774991 3.08261895 3.09777570 3.14472628 3.17934227 3.23000264 3.24534369 3.24337816 3.25512743 3.23839307 3.23555326 3.23445964 3.22946978 3.23103762 3.23841095 3.19601655 3.10661507 3.04571390 2.94086790 2.62896729 1.39203095 0.00000000 0.00000000 0.00000000 0.00000000 0.00000000 0.00000000 0.00000000 0.00000000 0.00000000 0.00000000
0.00000000 0.00000000 0.00000000 0.00000000 0.00000000 0.00000000 0.00000000 0.00000000 0.00000000 0.00000000 0.00000000 0.00000000 0.00000000 0.00000000 0.00000000 0.00000000 0.00000000 0.00000000 2.14318824 2.91663647 2.96602130 2.96279192 2.98020864 3.06607103 3.13428974 3.19202971 3.20833015 3.22055721 3.22499871 3.22407627 3.19437027 3.17386937 3.11349106 3.11133361 3.15912414 3.18535471 3.23321295 3.23382783 3.22424626 3.23844600 3.23209476 3.23356891 3.24262404 3.25188684 3.26117134 3.25657487 3.19635201 3.11547804 3.03398585 2.95865321 2.52603531 1.05085671 0.00000000 0.00000000 0.00000000 0.00000000 0.00000000 0.00000000 0.00000000 0.00000000 0.00000000 0.00000000
0.00000000 0.00000000 0.00000000 0.00000000 0.00000000 0.00000000 0.00000000 0.00000000 0.00000000 0.00000000 0.00000000 0.00000000 0.00000000 0.00000000 0.00000000 0.00000000 0.00000000 0.17981067 2.47677493 2.94244719 2.98705363 2.99208879 3.01377106 3.06702256 3.14369655 3.17582011 3.19282293 3.21118617 3.23059630 3.23597503 3.22286820 3.18641925 3.12212372 3.10976505 3.13601089 3.15786910 3.20092177 3.20900965 3.19883060 3.20994377 3.21714187 3.21453142 3.23851538 3.26045465 3.25229192 3.23752260 3.16596174 3.09723568 3.02841377 2.94670033 2.47544599 0.85987747 0.00000000 0.00000000 0.00000000 0.00000000 0.00000000 0.00000000 0.00000000 0.00000000 0.00000000 0.00000000
0.00000000 0.00000000 0.00000000 0.00000000 0.00000000 0.00000000 0.00000000 0.00000000 0.00000000 0.00000000 0.00000000 0.00000000 0.00000000 0.00000000 0.00000000 0.00000000 0.00000000 0.39078292 2.68104601 2.96500158 3.00815964 3.03099370 3.03838778 3.06761551 3.11871982 3.15373039 3.17188883 3.20227885 3.21617913 3.22613502 3.22852921 3.18513584 3.13056087 3.06709290 3.07153249 3.11851072 3.15973639 3.17108202 3.15992832 3.19617343 3.20083451 3.20638657 3.22928834 3.24952269 3.23845077 3.20026016 3.10768247 3.03825283 2.99854398 2.96004772 2.50564528 0.87882978 0.00000000 0.00000000 0.00000000 0.00000000 0.00000000 0.00000000 0.00000000 0.00000000 0.00000000 0.00000000
0.00000000 0.00000000 0.00000000 0.00000000 0.00000000 0.00000000 0.00000000 0.00000000 0.00000000 0.00000000 0.00000000 0.00000000 0.00000000 0.00000000 0.00000000 0.00000000 0.00000000 0.39955300 2.75962877 2.98816156 3.03570962 3.05644298 3.04040194 3.05571437 3.09304070 3.11798573 3.12936091 3.16688943 3.19131374 3.19759846 3.20025182 3.17022848 3.12632847 3.06553340 3.05513287 3.11613393 3.15640688 3.16416216 3.15650797 3.18525958 3.19065285 3.21000290 3.23962593 3.23933244 3.22820449 3.17107034 3.09954262 3.01285696 2.99005103 2.96262050 2.48974705 0.76702935 0.00000000 0.00000000 0.00000000 0.00000000 0.00000000 0.00000000 0.00000000 0.00000000 0.00000000 0.00000000
0.00000000 0.00000000 0.00000000 0.00000000 0.00000000 0.00000000 0.00000000 0.00000000 0.00000000 0.00000000 0.00000000 0.00000000 0.00000000 0.00000000 0.00000000 0.00000000 0.00000000 0.27914008 2.72575974 3.01430464 3.06286168 3.08277512 3.06871390 3.06772304 3.09776568 3.10899448 3.12234187 3.14607501 3.15982723 3.16182041 3.16289330 3.16426849 3.12421942 3.07681918 3.06502223 3.13264322 3.16858697 3.18397355 3.16814876 3.18393779 3.19357777 3.21341991 3.24335933 3.25243592 3.21557426 3.15550709 3.07552910 3.04520702 3.00674748 2.98680067 2.53404474 0.75588840 0.00000000 0.00000000 0.00000000 0.00000000 0.00000000 0.00000000 0.00000000 0.00000000 0.00000000 0.00000000
0.00000000 0.00000000 0.00000000 0.00000000 0.00000000 0.00000000 0.00000000 0.00000000 0.00000000 0.00000000 0.00000000 0.00000000 0.00000000 0.00000000 0.00000000 0.00000000 0.00000000 0.01248197 2.32939577 2.98216367 3.03740692 3.04920793 3.04955363 3.04017830 3.04370880 3.07539940 3.08756185 3.09788465 3.09963703 3.09151983 3.08715677 3.08101630 3.06509972 3.02104235 3.01442361 3.06782699 3.11025524 3.12614298 3.12558174 3.14534044 3.14112973 3.17242074 3.19911075 3.20589161 3.17335987 3.08445001 3.02403355 3.00716281 2.96622634 2.92584348 2.43893194 0.62800622 0.00000000 0.00000000 0.00000000 0.00000000 0.00000000 0.00000000 0.00000000 0.00000000 0.00000000 0.00000000
0.00000000 0.00000000 0.00000000 0.00000000 0.00000000 0.00000000 0.00000000 0.00000000 0.00000000 0.00000000 0.00000000 0.00000000 0.00000000 0.00000000 0.00000000 0.00000000 0.00000000 0.00000000 1.52819443 2.95783114 3.00211310 3.01783705 3.02635550 3.03672481 3.05324030 3.07746863 3.07490063 3.09464025 3.08887148 3.08646441 3.07544041 3.05308223 3.01712680 2.97816157 2.97560883 3.02217937 3.06970549 3.07903743 3.09198785 3.10552359 3.10554099 3.11668110 3.15864515 3.16230798 3.13304090 3.08061051 3.01073241 2.98214030 2.91804171 2.84613681 2.12782335 0.22585124 0.00000000 0.00000000 0.00000000 0.00000000 0.00000000 0.00000000 0.00000000 0.00000000 0.00000000 0.00000000
0.00000000 0.00000000 0.00000000 0.00000000 0.00000000 0.00000000 0.00000000 0.00000000 0.00000000 0.00000000 0.00000000 0.00000000 0.00000000 0.00000000 0.00000000 0.00000000 0.00000000 0.00000000 0.73285556 2.84069777 3.03992629 3.06227374 3.09986639 3.12223768 3.14263701 3.13791013 3.13615847 3.13798666 3.13593674 3.13677692 3.13929367 3.11139607 3.07865191 3.06593323 3.05520153 3.04834652 3.10797668 3.10687256 3.11833525 3.12785554 3.14005756 3.16184378 3.17591000 3.17993927 3.13408303 3.12490654 3.07674623 3.03973627 2.92834067 2.74880290 1.64879763 0.00000000 0.00000000 0.00000000 0.00000000 0.00000000 0.00000000 0.00000000 0.00000000 0.00000000 0.00000000 0.00000000
0.00000000 0.00000000 0.00000000 0.00000000 0.00000000 0.00000000 0.00000000 0.00000000 0.00000000 0.00000000 0.00000000 0.00000000 0.00000000 0.00000000 0.00000000 0.00000000 0.00000000 0.00000000 0.08231128 2.11204934 3.07371211 3.08512521 3.11960125 3.13420868 3.15146494 3.14403248 3.14038730 3.13812757 3.13469839 3.13690448 3.13766956 3.12054706 3.10567927 3.08030200 3.06055665 3.04292488 3.09729624 3.12203026 3.12926865 3.12492704 3.16049981 3.17236900 3.18853450 3.18879676 3.13466048 3.11946440 3.09901524 3.05063486 2.91682196 2.56963801 1.08208728 0.00000000 0.00000000 0.00000000 0.00000000 0.00000000 0.00000000 0.00000000 0.00000000 0.00000000 0.00000000 0.00000000
0.00000000 0.00000000 0.00000000 0.23832670 0.00000000 0.00000000 0.00000000 0.00000000 0.00000000 0.00000000 0.00000000 0.00654392 0.49108863 0.73847294 0.73676217 0.66197503 0.53982735 0.36676037 0.06891577 0.90916610 2.85600495 3.08869720 3.09204721 3.12922955 3.14170456 3.14486551 3.14025712 3.14524698 3.13453245 3.13453674 3.14218116 3.13376021 3.11282587 3.09352231 3.03430748 3.00345707 3.07159090 3.10273218 3.11382174 3.12175608 3.14533567 3.15522766 3.18689609 3.15839386 3.11097789 3.09791017 3.09383273 3.04112220 2.92777991 2.23869252 0.47187662 0.00000000 0.00000000 0.00000000 0.00000000 0.00000000 0.00000000 0.00000000 0.00000000 0.00000000 0.00000000 0.00000000
0.00000000 0.19895613 1.70806980 2.41302586 2.20190692 1.37153327 0.10763652 0.00000000 0.38349932 1.12194443 1.75485384 2.22868681 2.62174320 2.70716977 2.73051381 2.74565530 2.72657752 2.52941990 1.90121615 1.37655318 2.11367702 3.01961899 3.05099535 3.08031607 3.09759688 3.10593581 3.09904218 3.10333753 3.11538672 3.11120868 3.11182404 3.10516691 3.10187173 3.06110191 2.98653245 2.95787525 3.01851487 3.06443977 3.07009149 3.09462452 3.11815667 3.12811136 3.14036036 3.10266948 3.06161070 3.05986595 3.08985543 3.03436732 2.87150669 1.91498375 0.00000000 0.00000000 0.00000000 0.00000000 0.00000000 0.00000000 0.00000000 0.00000000 0.00000000 0.00000000 0.00000000 0.00000000
0.00000000 1.29984200 2.67102122 2.71759224 2.73127747 2.57202578 2.23053741 1.98157918 2.40250039 2.69376588 2.73216724 2.74921846 2.76493597 2.77997589 2.79047394 2.80205035 2.81807303 2.83696675 2.82519174 2.64202285 2.52184105 2.99119401 3.02428079 3.04411697 3.05661821 3.06955004 3.06960511 3.07453370 3.09069920 3.08337688 3.08666897 3.07770777 3.07981038 3.04186940 2.95622301 2.96811056 3.02980590 3.04899788 3.06087160 3.08601880 3.09230852 3.08966684 3.11176419 3.08712316 3.02964711 3.02178574 3.05117416 3.00364566 2.74565506 1.45678926 0.00000000 0.00000000 0.00000000 0.00000000 0.00000000 0.00000000 0.00000000 0.00000000 0.00000000 0.00000000 0.00000000 0.00000000
0.00000000 1.90939665 2.73085785 2.74963927 2.76828337 2.74201465 2.74437404 2.73922157 2.75834227 2.76863480 2.77437449 2.78501773 2.80929899 2.82266903 2.83282018 2.84218216 2.85041738 2.85969591 2.88567924 2.92216420 2.96349096 2.98450565 3.00590563 3.03746796 3.03800821 3.04918861 3.04547954 3.06935835 3.07778025 3.06595850 3.05669427 3.06433582 3.05926466 3.02019000 2.97363853 3.00904107 3.04587245 3.06030869 3.07025838 3.07786775 3.09707093 3.08383536 3.10681033 3.07544756 3.01362324 2.97658849 2.96514630 2.79306817 2.19228768 0.83837193 0.00000000 0.00000000 0.00000000 0.00000000 0.00000000 0.00000000 0.00000000 0.00000000 0.00000000 0.00000000 0.00000000 0.00000000
0.00334701 2.01376414 2.73682213 2.75251174 2.76494598 2.74689913 2.75288200 2.75782275 2.76893663 2.77754760 2.79010010 2.80228472 2.81956291 2.83365297 2.83798170 2.84997892 2.86347127 2.86731768 2.88961649 2.92748833 2.94726467 2.97868037 2.98176122 2.99576640 2.99580789 3.00667334 3.01807857 3.02685404 3.03810167 3.01428127 2.98263335 2.98959827 3.01851416 2.99271274 2.97174716 3.00804019 3.03632665 3.04268980 3.04609966 3.05619669 3.07733655 3.05865192 3.08693314 3.06637573 3.01134777 2.98048711 2.72196245 2.20309615 0.87197852 0.00000000 0.00000000 0.00000000 0.00000000 0.00000000 0.00000000 0.00000000 0.00000000 0.00000000 0.00000000 0.00000000 0.00000000 0.00000000
0.10800019 1.57972038 2.72297406 2.75180769 2.75689602 2.75100827 2.74739099 2.75030184 2.76519990 2.76992679 2.77460122 2.78192496 2.80984044 2.81341124 2.81516194 2.81519866 2.83918643 2.85017037 2.87144160 2.88227510 2.90247941 2.91067529 2.91274095 2.92494392 2.93463969 2.93159175 2.95439148 2.95649099 2.98622513 2.96474671 2.89000106 2.84645820 2.93268681 2.96184230 2.95049381 2.96132565 2.98596406 2.99288869 2.99565458 3.00219226 3.00660348 3.00532913 3.00456452 2.96729898 2.94203949 2.87023044 2.63743114 1.50232911 0.00000000 0.00000000 0.00000000 0.00000000 0.00000000 0.00000000 0.00000000 0.00000000 0.00000000 0.00000000 0.00000000 0.00000000 0.00000000 0.00000000
0.00000000 0.81712353 2.15725899 2.75391960 2.75724483 2.76230693 2.75966215 2.75831008 2.76161647 2.77500892 2.75696206 2.46505141 2.20903373 2.09295607 2.08650208 2.13356996 2.21111369 2.27498555 2.33910918 2.44727612 2.51159954 2.57086945 2.63310575 2.70934582 2.73749423 2.77052665 2.73291516 2.79909754 2.84418368 2.87348604 2.81677675 2.79362345 2.89842916 2.92228913 2.93435478 2.93033862 2.96243072 2.98287678 2.97963667 2.98736048 2.97722149 2.97405362 2.96057510 2.92627454 2.84845495 2.84329915 2.68037963 2.00406170 0.29145792 0.00000000 0.00000000 0.00000000 0.00000000 0.00000000 0.00000000 0.00000000 0.00000000 0.00000000 0.00000000 0.00000000 0.00000000 0.00000000
0.00000000 0.00000000 0.77544403 1.79475439 2.37757444 2.65477228 2.69326711 2.73051620 2.60272861 2.20115542 1.89816654 1.38552105 0.70275426 0.51359302 0.50639868 0.54411584 0.62741709 0.68096900 0.73050719 0.85791129 0.94380200 0.99458653 1.09169769 1.19275486 1.27345824 1.27181590 1.27785134 1.37200058 1.44643664 1.56720364 1.62326014 1.74316359 1.87189400 2.08578944 2.33927321 2.53252435 2.49715662 2.35162997 2.32787228 2.34457111 2.44395709 2.49893165 2.63136458 2.70565796 2.54917645 2.55876279 2.46666169 2.10082674 0.66709715 0.00000000 0.00000000 0.00000000 0.00000000 0.00000000 0.00000000 0.00000000 0.00000000 0.00000000 0.00000000 0.00000000 0.00000000 0.00000000
0.00000000 0.00000000 0.00000000 0.18954100 0.89807218 1.26878464 1.37530470 1.40981162 1.35059464 0.83818924 0.05290121 0.00000000 0.00000000 0.00000000 0.00000000 0.00000000 0.00000000 0.00000000 0.00000000 0.00000000 0.00000000 0.00000000 0.00000000 0.00000000 0.00000000 0.00000000 0.00000000 0.00000000 0.00000000 0.00000000 0.00000000 0.00000000 0.16143569 0.39697352 0.70040494 0.91656792 0.94914031 0.76657480 0.67743999 0.72459412 0.79832530 0.89078271 1.05140102 1.22460127 1.20688546 1.21555412 1.12383628 0.90927380 0.13547634 0.00000000 0.00000000 0.00000000 0.00000000 0.00000000 0.00000000 0.00000000 0.00000000 0.00000000 0.00000000 0.00000000 0.00000000 0.00000000
